fold,sub,roi,roc_auc,mattews_correcoef,f1_score,log_loss,model,condition_target,condition_source,flip,language,transfer,tn,tp,fn,fp
1,sub-04,lh-fusiform,0.44,-0.2182178902359924,0.25,0.6959599881097306,PCA + Linear-SVM,unconscious,unconscious,False,Image,False,3,1,4,2
2,sub-04,lh-fusiform,0.375,-0.21957751641341997,0.42857142857142855,0.7159349460734716,PCA + Linear-SVM,unconscious,unconscious,False,Image,False,2,3,5,3
3,sub-04,lh-fusiform,0.29999999999999993,-0.3337119062359573,0.3333333333333333,0.7442611939735521,PCA + Linear-SVM,unconscious,unconscious,False,Image,False,2,3,9,3
4,sub-04,lh-fusiform,0.44,-0.2,0.4000000000000001,0.6992620080484471,PCA + Linear-SVM,unconscious,unconscious,False,Image,False,2,2,3,3
5,sub-04,lh-fusiform,0.3666666666666666,-0.24688535993934707,0.4210526315789474,0.7265167295046266,PCA + Linear-SVM,unconscious,unconscious,False,Image,False,2,4,8,3
6,sub-04,lh-fusiform,0.44,-0.2,0.4000000000000001,0.6991094547369385,PCA + Linear-SVM,unconscious,unconscious,False,Image,False,2,2,3,3
7,sub-04,lh-fusiform,0.2857142857142857,-0.47809144373375745,0.18181818181818182,0.7115837355454139,PCA + Linear-SVM,unconscious,unconscious,False,Image,False,2,1,6,3
8,sub-04,lh-fusiform,0.19999999999999998,-0.6,0.0,0.7056620239229381,PCA + Linear-SVM,unconscious,unconscious,False,Image,False,2,0,3,3
9,sub-04,lh-fusiform,0.17142857142857137,-0.6831300510639732,0.0,0.7187966076154835,PCA + Linear-SVM,unconscious,unconscious,False,Image,False,2,0,7,3
10,sub-04,lh-fusiform,0.3714285714285714,-0.3142857142857143,0.3333333333333333,0.7034998151580383,PCA + Linear-SVM,unconscious,unconscious,False,Image,False,2,2,5,3
11,sub-04,lh-fusiform,0.37777777777777777,-0.37777777777777777,0.2857142857142857,0.7142979053169581,PCA + Linear-SVM,unconscious,unconscious,False,Image,False,2,2,7,3
12,sub-04,lh-fusiform,0.36,-0.23570226039551584,0.43478260869565216,0.726247475274363,PCA + Linear-SVM,unconscious,unconscious,False,Image,False,2,5,10,3
13,sub-04,lh-fusiform,0.36666666666666664,-0.24688535993934707,0.4210526315789474,0.7345901043074597,PCA + Linear-SVM,unconscious,unconscious,False,Image,False,2,4,8,3
14,sub-04,lh-fusiform,0.19999999999999996,-0.6324555320336759,0.0,0.6950719150495457,PCA + Linear-SVM,unconscious,unconscious,False,Image,False,2,0,4,3
15,sub-04,lh-fusiform,0.32,-0.408248290463863,0.22222222222222224,0.707504911121357,PCA + Linear-SVM,unconscious,unconscious,False,Image,False,2,1,4,3
16,sub-04,lh-fusiform,0.4909090909090909,-0.13483997249264842,0.5263157894736842,0.7129085315077694,PCA + Linear-SVM,unconscious,unconscious,False,Image,False,2,5,6,3
17,sub-04,lh-fusiform,0.72,0.2,0.6,0.6832720565071077,PCA + Linear-SVM,unconscious,unconscious,False,Image,False,3,3,2,2
18,sub-04,lh-fusiform,0.3538461538461538,-0.35082320772281167,0.3157894736842105,0.7351560304609958,PCA + Linear-SVM,unconscious,unconscious,False,Image,False,2,3,10,3
19,sub-04,lh-fusiform,0.45454545454545453,-0.034815531191139566,0.4705882352941177,0.7099096539408494,PCA + Linear-SVM,unconscious,unconscious,False,Image,False,3,4,7,2
20,sub-04,lh-fusiform,0.33333333333333326,-0.4485426135725303,0.2,0.709106086398699,PCA + Linear-SVM,unconscious,unconscious,False,Image,False,2,1,5,3
21,sub-04,lh-fusiform,0.19999999999999996,-0.5477225575051661,0.0,0.6876976367700023,PCA + Linear-SVM,unconscious,unconscious,False,Image,False,2,0,2,3
22,sub-04,lh-fusiform,0.4666666666666666,-0.26666666666666666,0.3636363636363636,0.6983364354881684,PCA + Linear-SVM,unconscious,unconscious,False,Image,False,2,2,4,3
23,sub-04,lh-fusiform,0.19999999999999996,-0.6324555320336759,0.0,0.6957920049494426,PCA + Linear-SVM,unconscious,unconscious,False,Image,False,2,0,4,3
24,sub-04,lh-fusiform,0.32307692307692304,-0.35082320772281167,0.3157894736842105,0.7319702562401351,PCA + Linear-SVM,unconscious,unconscious,False,Image,False,2,3,10,3
25,sub-04,lh-fusiform,0.3142857142857142,-0.47809144373375745,0.18181818181818182,0.7079369369226293,PCA + Linear-SVM,unconscious,unconscious,False,Image,False,2,1,6,3
26,sub-04,lh-fusiform,0.27999999999999997,-0.4,0.26666666666666666,0.7235328829223779,PCA + Linear-SVM,unconscious,unconscious,False,Image,False,2,2,8,3
27,sub-04,lh-fusiform,0.6666666666666666,0.1,0.5454545454545454,0.6822798759982415,PCA + Linear-SVM,unconscious,unconscious,False,Image,False,3,3,3,2
28,sub-04,lh-fusiform,0.6181818181818182,0.050964719143762556,0.5555555555555556,0.7104791384155109,PCA + Linear-SVM,unconscious,unconscious,False,Image,False,3,5,6,2
29,sub-04,lh-fusiform,0.24999999999999997,-0.35,0.25,0.6964793122454294,PCA + Linear-SVM,unconscious,unconscious,False,Image,False,2,1,3,3
30,sub-04,lh-fusiform,0.2909090909090909,-0.3133397807202561,0.3529411764705882,0.7322132356370143,PCA + Linear-SVM,unconscious,unconscious,False,Image,False,2,3,8,3
31,sub-04,lh-fusiform,0.35,-0.21957751641341997,0.42857142857142855,0.7121410249709273,PCA + Linear-SVM,unconscious,unconscious,False,Image,False,2,3,5,3
32,sub-04,lh-fusiform,0.29999999999999993,-0.4485426135725303,0.2,0.7139790738463996,PCA + Linear-SVM,unconscious,unconscious,False,Image,False,2,1,5,3
33,sub-04,lh-fusiform,0.6444444444444444,0.14907119849998599,0.6250000000000001,0.6961077032487181,PCA + Linear-SVM,unconscious,unconscious,False,Image,False,3,5,4,2
34,sub-04,lh-fusiform,0.4,-0.2,0.4000000000000001,0.7057668116322318,PCA + Linear-SVM,unconscious,unconscious,False,Image,False,2,2,3,3
35,sub-04,lh-fusiform,0.3428571428571428,-0.3142857142857143,0.3333333333333333,0.7221241413652782,PCA + Linear-SVM,unconscious,unconscious,False,Image,False,2,2,5,3
36,sub-04,lh-fusiform,0.30769230769230765,-0.26856632724128343,0.4,0.7411645223442805,PCA + Linear-SVM,unconscious,unconscious,False,Image,False,2,4,9,3
37,sub-04,lh-fusiform,0.39999999999999997,-0.408248290463863,0.22222222222222224,0.6924369906894694,PCA + Linear-SVM,unconscious,unconscious,False,Image,False,2,1,4,3
38,sub-04,lh-fusiform,0.44,-0.2,0.4000000000000001,0.697200743753481,PCA + Linear-SVM,unconscious,unconscious,False,Image,False,2,2,3,3
39,sub-04,lh-fusiform,0.4666666666666666,-0.2581988897471611,0.28571428571428575,0.6862447090969593,PCA + Linear-SVM,unconscious,unconscious,False,Image,False,2,1,2,3
40,sub-04,lh-fusiform,0.33999999999999997,-0.4,0.26666666666666666,0.7167106396268376,PCA + Linear-SVM,unconscious,unconscious,False,Image,False,2,2,8,3
41,sub-04,lh-fusiform,0.1333333333333333,-0.6708203932499369,0.0,0.7191305407821017,PCA + Linear-SVM,unconscious,unconscious,False,Image,False,2,0,6,3
42,sub-04,lh-fusiform,0.5,-0.06900655593423542,0.4,0.7010746852382116,PCA + Linear-SVM,unconscious,unconscious,False,Image,False,3,2,4,2
43,sub-04,lh-fusiform,0.425,-0.35,0.3076923076923077,0.7080021037427623,PCA + Linear-SVM,unconscious,unconscious,False,Image,False,2,2,6,3
44,sub-04,lh-fusiform,0.4444444444444444,0.04303314829119352,0.5333333333333333,0.7104233896059756,PCA + Linear-SVM,unconscious,unconscious,False,Image,False,3,4,5,2
45,sub-04,lh-fusiform,0.33333333333333326,-0.4485426135725303,0.2,0.7069502319612129,PCA + Linear-SVM,unconscious,unconscious,False,Image,False,2,1,5,3
46,sub-04,lh-fusiform,0.65,0.3,0.6153846153846154,0.6984937756960056,PCA + Linear-SVM,unconscious,unconscious,False,Image,False,4,4,4,1
47,sub-04,lh-fusiform,0.2571428571428571,-0.47809144373375745,0.18181818181818182,0.7093959619317389,PCA + Linear-SVM,unconscious,unconscious,False,Image,False,2,1,6,3
48,sub-04,lh-fusiform,0.19999999999999996,-0.5477225575051661,0.0,0.6864019193281115,PCA + Linear-SVM,unconscious,unconscious,False,Image,False,2,0,2,3
49,sub-04,lh-fusiform,0.52,-0.09449111825230681,0.3333333333333333,0.6787465326222708,PCA + Linear-SVM,unconscious,unconscious,False,Image,False,5,2,3,5
50,sub-04,lh-fusiform,0.4625,-0.125,0.375,0.6938605748837717,PCA + Linear-SVM,unconscious,unconscious,False,Image,False,5,3,5,5
51,sub-04,lh-fusiform,0.3,-0.26666666666666666,0.3636363636363636,0.7201110367690602,PCA + Linear-SVM,unconscious,unconscious,False,Image,False,4,4,8,6
52,sub-04,lh-fusiform,0.54,0.1,0.4000000000000001,0.6796000723740618,PCA + Linear-SVM,unconscious,unconscious,False,Image,False,7,2,3,3
53,sub-04,lh-fusiform,0.35833333333333334,-0.16878989451394444,0.380952380952381,0.7117531300349974,PCA + Linear-SVM,unconscious,unconscious,False,Image,False,5,4,8,5
54,sub-04,lh-fusiform,0.52,-0.09449111825230681,0.3333333333333333,0.6799975223926477,PCA + Linear-SVM,unconscious,unconscious,False,Image,False,5,2,3,5
55,sub-04,lh-fusiform,0.37142857142857144,-0.3098898934004561,0.26666666666666666,0.6909292066481841,PCA + Linear-SVM,unconscious,unconscious,False,Image,False,4,2,5,6
56,sub-04,lh-fusiform,0.3333333333333333,-0.14085904245475275,0.2222222222222222,0.6851794651633322,PCA + Linear-SVM,unconscious,unconscious,False,Image,False,5,1,2,5
57,sub-04,lh-fusiform,0.34285714285714286,-0.21428571428571427,0.2857142857142857,0.6944611258610616,PCA + Linear-SVM,unconscious,unconscious,False,Image,False,5,2,5,5
58,sub-04,lh-fusiform,0.39999999999999997,-0.21428571428571427,0.2857142857142857,0.6881416736652093,PCA + Linear-SVM,unconscious,unconscious,False,Image,False,5,2,5,5
59,sub-04,lh-fusiform,0.5333333333333333,0.26257545381445874,0.5333333333333333,0.6951655168244183,PCA + Linear-SVM,unconscious,unconscious,False,Image,False,8,4,5,2
60,sub-04,lh-fusiform,0.5733333333333333,0.13074409009212268,0.5925925925925926,0.7023579079724719,PCA + Linear-SVM,unconscious,unconscious,False,Image,False,6,8,7,4
61,sub-04,lh-fusiform,0.39999999999999997,-0.08333333333333333,0.45454545454545453,0.711200037113247,PCA + Linear-SVM,unconscious,unconscious,False,Image,False,5,5,7,5
62,sub-04,lh-fusiform,0.5,-0.1414213562373095,0.22222222222222224,0.6767785810970025,PCA + Linear-SVM,unconscious,unconscious,False,Image,False,6,1,3,4
63,sub-04,lh-fusiform,0.36,-0.18898223650461363,0.3076923076923077,0.6871395051206354,PCA + Linear-SVM,unconscious,unconscious,False,Image,False,4,2,3,6
64,sub-04,lh-fusiform,0.6,0.14545454545454545,0.5714285714285713,0.691507421474631,PCA + Linear-SVM,unconscious,unconscious,False,Image,False,6,6,5,4
65,sub-04,lh-fusiform,0.72,0.0,0.42857142857142855,0.6691788028777333,PCA + Linear-SVM,unconscious,unconscious,False,Image,False,4,3,2,6
66,sub-04,lh-fusiform,0.4307692307692308,-0.11538461538461539,0.4347826086956522,0.7118193490674473,PCA + Linear-SVM,unconscious,unconscious,False,Image,False,5,5,8,5
67,sub-04,lh-fusiform,0.6818181818181819,0.33636363636363636,0.6666666666666666,0.6874245223896073,PCA + Linear-SVM,unconscious,unconscious,False,Image,False,7,7,4,3
68,sub-04,lh-fusiform,0.36666666666666664,-0.2581988897471611,0.28571428571428575,0.6874417676950599,PCA + Linear-SVM,unconscious,unconscious,False,Image,False,4,2,4,6
69,sub-04,lh-fusiform,0.25,-0.4472135954999579,0.0,0.6769905555861554,PCA + Linear-SVM,unconscious,unconscious,False,Image,False,4,0,2,6
70,sub-04,lh-fusiform,0.4666666666666667,-0.2581988897471611,0.28571428571428575,0.6804131969838827,PCA + Linear-SVM,unconscious,unconscious,False,Image,False,4,2,4,6
71,sub-04,lh-fusiform,0.375,-0.31622776601683794,0.18181818181818182,0.6800660998373113,PCA + Linear-SVM,unconscious,unconscious,False,Image,False,4,1,3,6
72,sub-04,lh-fusiform,0.3615384615384616,-0.2923076923076923,0.34782608695652173,0.7119182568204295,PCA + Linear-SVM,unconscious,unconscious,False,Image,False,4,4,9,6
73,sub-04,lh-fusiform,0.4714285714285714,-0.1690308509457033,0.375,0.6899116600498845,PCA + Linear-SVM,unconscious,unconscious,False,Image,False,4,3,4,6
74,sub-04,lh-fusiform,0.32,-0.2041241452319315,0.33333333333333326,0.7010012100521829,PCA + Linear-SVM,unconscious,unconscious,False,Image,False,5,3,7,5
75,sub-04,lh-fusiform,0.7666666666666666,0.3133397807202561,0.5454545454545454,0.6704142319791517,PCA + Linear-SVM,unconscious,unconscious,False,Image,False,8,3,3,2
76,sub-04,lh-fusiform,0.6545454545454544,0.24771684715343112,0.6,0.690305862709882,PCA + Linear-SVM,unconscious,unconscious,False,Image,False,7,6,5,3
77,sub-04,lh-fusiform,0.375,-0.1414213562373095,0.22222222222222224,0.6801901100105318,PCA + Linear-SVM,unconscious,unconscious,False,Image,False,6,1,3,4
78,sub-04,lh-fusiform,0.44545454545454544,-0.14545454545454545,0.45454545454545453,0.7037313096090767,PCA + Linear-SVM,unconscious,unconscious,False,Image,False,4,5,6,6
79,sub-04,lh-fusiform,0.49999999999999994,-0.125,0.375,0.6910298621208526,PCA + Linear-SVM,unconscious,unconscious,False,Image,False,5,3,5,5
80,sub-04,lh-fusiform,0.24999999999999997,-0.3333333333333333,0.16666666666666666,0.6964915731315209,PCA + Linear-SVM,unconscious,unconscious,False,Image,False,5,1,5,5
81,sub-04,lh-fusiform,0.7555555555555555,0.47193990372426947,0.7058823529411765,0.6774789815043516,PCA + Linear-SVM,unconscious,unconscious,False,Image,False,8,6,3,2
82,sub-04,lh-fusiform,0.44,-0.09449111825230681,0.3333333333333333,0.6864870043368421,PCA + Linear-SVM,unconscious,unconscious,False,Image,False,5,2,3,5
83,sub-04,lh-fusiform,0.3571428571428571,-0.3098898934004561,0.26666666666666666,0.6960730074883598,PCA + Linear-SVM,unconscious,unconscious,False,Image,False,4,2,5,6
84,sub-04,lh-fusiform,0.3692307692307693,-0.11538461538461539,0.4347826086956522,0.7209336811557859,PCA + Linear-SVM,unconscious,unconscious,False,Image,False,5,5,8,5
85,sub-04,lh-fusiform,0.62,0.09449111825230681,0.4615384615384615,0.6776866404147847,PCA + Linear-SVM,unconscious,unconscious,False,Image,False,5,3,2,5
86,sub-04,lh-fusiform,0.5800000000000001,0.21320071635561041,0.4444444444444445,0.6784752997026051,PCA + Linear-SVM,unconscious,unconscious,False,Image,False,8,2,3,2
87,sub-04,lh-fusiform,0.5,-0.14085904245475275,0.2222222222222222,0.671621467241201,PCA + Linear-SVM,unconscious,unconscious,False,Image,False,5,1,2,5
88,sub-04,lh-fusiform,0.48,-0.10050378152592121,0.4210526315789474,0.6941423672933276,PCA + Linear-SVM,unconscious,unconscious,False,Image,False,5,4,6,5
89,sub-04,lh-fusiform,0.36666666666666664,-0.16265001215808886,0.30769230769230765,0.6984217143037057,PCA + Linear-SVM,unconscious,unconscious,False,Image,False,5,2,4,5
90,sub-04,lh-fusiform,0.5333333333333333,-0.09759000729485331,0.4,0.6817818089025396,PCA + Linear-SVM,unconscious,unconscious,False,Image,False,4,3,3,6
91,sub-04,lh-fusiform,0.5375,0.1,0.5,0.6877024384761297,PCA + Linear-SVM,unconscious,unconscious,False,Image,False,6,4,4,4
92,sub-04,lh-fusiform,0.6222222222222222,0.36666666666666664,0.6666666666666666,0.6890558769171323,PCA + Linear-SVM,unconscious,unconscious,False,Image,False,7,6,3,3
93,sub-04,lh-fusiform,0.3833333333333333,-0.16265001215808886,0.30769230769230765,0.6869116528093875,PCA + Linear-SVM,unconscious,unconscious,False,Image,False,5,2,4,5
94,sub-04,lh-fusiform,0.6875,0.4332001127219817,0.6666666666666666,0.6799829147944999,PCA + Linear-SVM,unconscious,unconscious,False,Image,False,8,5,3,2
95,sub-04,lh-fusiform,0.4,-0.3098898934004561,0.26666666666666666,0.6883879846770076,PCA + Linear-SVM,unconscious,unconscious,False,Image,False,4,2,5,6
96,sub-04,lh-fusiform,0.3,-0.37796447300922725,0.0,0.6768943663921294,PCA + Linear-SVM,unconscious,unconscious,False,Image,False,5,0,2,5
97,sub-04,lh-fusiform,0.7555555555555556,0.18856180831641267,0.4444444444444445,0.664218743459248,PCA + Linear-SVM,unconscious,unconscious,False,Image,False,7,2,3,2
98,sub-04,lh-fusiform,0.6805555555555557,0.4166666666666667,0.7058823529411765,0.6795121399658517,PCA + Linear-SVM,unconscious,unconscious,False,Image,False,6,6,2,3
99,sub-04,lh-fusiform,0.6481481481481481,0.24771684715343112,0.6363636363636365,0.7024074892610479,PCA + Linear-SVM,unconscious,unconscious,False,Image,False,6,7,5,3
100,sub-04,lh-fusiform,0.6222222222222222,0.18856180831641267,0.4444444444444445,0.671697668646028,PCA + Linear-SVM,unconscious,unconscious,False,Image,False,7,2,3,2
101,sub-04,lh-fusiform,0.6574074074074073,0.24771684715343112,0.6363636363636365,0.6960687352345575,PCA + Linear-SVM,unconscious,unconscious,False,Image,False,6,7,5,3
102,sub-04,lh-fusiform,0.6000000000000001,0.18856180831641267,0.4444444444444445,0.6709855236735729,PCA + Linear-SVM,unconscious,unconscious,False,Image,False,7,2,3,2
103,sub-04,lh-fusiform,0.6031746031746033,0.09759000729485331,0.4615384615384615,0.685512939372145,PCA + Linear-SVM,unconscious,unconscious,False,Image,False,6,3,4,3
104,sub-04,lh-fusiform,0.5925925925925926,0.1111111111111111,0.3333333333333333,0.6522678871802952,PCA + Linear-SVM,unconscious,unconscious,False,Image,False,7,1,2,2
105,sub-04,lh-fusiform,0.6349206349206349,0.3578300267477955,0.6153846153846153,0.6812859622134504,PCA + Linear-SVM,unconscious,unconscious,False,Image,False,7,4,3,2
106,sub-04,lh-fusiform,0.6984126984126984,0.23809523809523808,0.5714285714285714,0.6799665500172031,PCA + Linear-SVM,unconscious,unconscious,False,Image,False,6,4,3,3
107,sub-04,lh-fusiform,0.6172839506172839,0.22360679774997896,0.5882352941176471,0.6845469303018208,PCA + Linear-SVM,unconscious,unconscious,False,Image,False,6,5,4,3
108,sub-04,lh-fusiform,0.674074074074074,0.25819888974716115,0.6666666666666665,0.7059309047639849,PCA + Linear-SVM,unconscious,unconscious,False,Image,False,6,9,6,3
109,sub-04,lh-fusiform,0.6296296296296297,0.24771684715343112,0.6363636363636365,0.6994956827026576,PCA + Linear-SVM,unconscious,unconscious,False,Image,False,6,7,5,3
110,sub-04,lh-fusiform,0.6944444444444444,0.2777777777777778,0.5,0.6676268020946101,PCA + Linear-SVM,unconscious,unconscious,False,Image,False,7,2,2,2
111,sub-04,lh-fusiform,0.5777777777777777,0.06666666666666667,0.4000000000000001,0.6710012857129776,PCA + Linear-SVM,unconscious,unconscious,False,Image,False,6,2,3,3
112,sub-04,lh-fusiform,0.7171717171717171,0.30151134457776363,0.6666666666666666,0.6916326689993735,PCA + Linear-SVM,unconscious,unconscious,False,Image,False,6,7,4,3
113,sub-04,lh-fusiform,0.8444444444444444,0.5185449728701348,0.6666666666666665,0.6662687075850409,PCA + Linear-SVM,unconscious,unconscious,False,Image,False,8,3,2,1
114,sub-04,lh-fusiform,0.6239316239316239,0.20254787341673333,0.608695652173913,0.6996362235915229,PCA + Linear-SVM,unconscious,unconscious,False,Image,False,6,7,6,3
115,sub-04,lh-fusiform,0.7272727272727273,0.32824397594488725,0.631578947368421,0.6867200670736541,PCA + Linear-SVM,unconscious,unconscious,False,Image,False,7,6,5,2
116,sub-04,lh-fusiform,0.6111111111111112,0.16666666666666666,0.5,0.6766606484728229,PCA + Linear-SVM,unconscious,unconscious,False,Image,False,6,3,3,3
117,sub-04,lh-fusiform,0.5555555555555556,-0.04303314829119352,0.25,0.6566525509060835,PCA + Linear-SVM,unconscious,unconscious,False,Image,False,4,1,1,5
118,sub-04,lh-fusiform,0.5185185185185186,-0.05455447255899809,0.42857142857142855,0.6802952846969623,PCA + Linear-SVM,unconscious,unconscious,False,Image,False,4,3,3,5
119,sub-04,lh-fusiform,0.7222222222222223,0.15811388300841897,0.4444444444444445,0.6653187992855341,PCA + Linear-SVM,unconscious,unconscious,False,Image,False,6,2,2,3
120,sub-04,lh-fusiform,0.5811965811965812,0.20254787341673333,0.608695652173913,0.7049171078161723,PCA + Linear-SVM,unconscious,unconscious,False,Image,False,6,7,6,3
121,sub-04,lh-fusiform,0.6825396825396826,0.3779644730092272,0.6666666666666666,0.6792159205155756,PCA + Linear-SVM,unconscious,unconscious,False,Image,False,6,5,2,3
122,sub-04,lh-fusiform,0.5666666666666667,0.05555555555555555,0.5263157894736842,0.6967091134630315,PCA + Linear-SVM,unconscious,unconscious,False,Image,False,5,5,5,4
123,sub-04,lh-fusiform,0.8333333333333334,0.4444444444444444,0.6666666666666666,0.6648176646370026,PCA + Linear-SVM,unconscious,unconscious,False,Image,False,7,4,2,2
124,sub-04,lh-fusiform,0.7171717171717171,0.41414141414141414,0.7000000000000001,0.6867976697045838,PCA + Linear-SVM,unconscious,unconscious,False,Image,False,7,7,4,2
125,sub-04,lh-fusiform,0.638888888888889,0.2777777777777778,0.5,0.6682684653919447,PCA + Linear-SVM,unconscious,unconscious,False,Image,False,7,2,2,2
126,sub-04,lh-fusiform,0.6565656565656566,0.21212121212121213,0.6,0.6943640241037927,PCA + Linear-SVM,unconscious,unconscious,False,Image,False,6,6,5,3
127,sub-04,lh-fusiform,0.6527777777777778,0.408491223118783,0.6666666666666666,0.683882339987537,PCA + Linear-SVM,unconscious,unconscious,False,Image,False,7,5,3,2
128,sub-04,lh-fusiform,0.537037037037037,-0.1111111111111111,0.3333333333333333,0.6792031543363598,PCA + Linear-SVM,unconscious,unconscious,False,Image,False,5,2,4,4
129,sub-04,lh-fusiform,0.8395061728395061,0.6708203932499369,0.823529411764706,0.6754721333837288,PCA + Linear-SVM,unconscious,unconscious,False,Image,False,8,7,2,1
130,sub-04,lh-fusiform,0.5777777777777778,0.06666666666666667,0.4000000000000001,0.6702829583362803,PCA + Linear-SVM,unconscious,unconscious,False,Image,False,6,2,3,3
131,sub-04,lh-fusiform,0.6031746031746033,0.23809523809523808,0.5714285714285714,0.6814809510716333,PCA + Linear-SVM,unconscious,unconscious,False,Image,False,6,4,3,3
132,sub-04,lh-fusiform,0.6153846153846154,0.20254787341673333,0.608695652173913,0.707219582658128,PCA + Linear-SVM,unconscious,unconscious,False,Image,False,6,7,6,3
133,sub-04,lh-fusiform,0.8444444444444444,0.5185449728701348,0.6666666666666665,0.6674652186630528,PCA + Linear-SVM,unconscious,unconscious,False,Image,False,8,3,2,1
134,sub-04,lh-fusiform,0.6222222222222222,0.14907119849998599,0.5,0.6720798816273613,PCA + Linear-SVM,unconscious,unconscious,False,Image,False,5,3,2,4
135,sub-04,lh-fusiform,0.6666666666666666,0.0,0.28571428571428575,0.6632206738088573,PCA + Linear-SVM,unconscious,unconscious,False,Image,False,6,1,2,3
136,sub-04,lh-fusiform,0.6333333333333333,0.26666666666666666,0.631578947368421,0.6938843283958851,PCA + Linear-SVM,unconscious,unconscious,False,Image,False,6,6,4,3
137,sub-04,lh-fusiform,0.5925925925925926,0.28867513459481287,0.5454545454545454,0.6762653843725298,PCA + Linear-SVM,unconscious,unconscious,False,Image,False,7,3,3,2
138,sub-04,lh-fusiform,0.7037037037037037,0.16666666666666666,0.5,0.6726258510994056,PCA + Linear-SVM,unconscious,unconscious,False,Image,False,6,3,3,3
139,sub-04,lh-fusiform,0.6805555555555555,0.408491223118783,0.6666666666666666,0.6807886241783502,PCA + Linear-SVM,unconscious,unconscious,False,Image,False,7,5,3,2
140,sub-04,lh-fusiform,0.5802469135802469,0.22360679774997896,0.5882352941176471,0.6919988266308293,PCA + Linear-SVM,unconscious,unconscious,False,Image,False,6,5,4,3
141,sub-04,lh-fusiform,0.5555555555555556,0.05455447255899809,0.4615384615384615,0.6812497987425822,PCA + Linear-SVM,unconscious,unconscious,False,Image,False,5,3,3,4
142,sub-04,lh-fusiform,0.7222222222222223,0.5367394391967351,0.7142857142857143,0.6752394738234149,PCA + Linear-SVM,unconscious,unconscious,False,Image,False,8,5,3,1
143,sub-04,lh-fusiform,0.7301587301587302,0.3578300267477955,0.6153846153846153,0.6809721701678779,PCA + Linear-SVM,unconscious,unconscious,False,Image,False,7,4,3,2
144,sub-04,lh-fusiform,0.6111111111111112,0.04303314829119352,0.28571428571428575,0.6519735942862224,PCA + Linear-SVM,unconscious,unconscious,False,Image,False,5,1,1,4
145,sub-04,lh-fusiform,0.7,0.16735967034880075,0.4615384615384615,0.6627082768873892,PCA + Linear-SVM,unconscious,unconscious,False,Image,False,7,3,2,5
146,sub-04,lh-fusiform,0.5520833333333333,0.08206099398622181,0.47058823529411764,0.6777306238097558,PCA + Linear-SVM,unconscious,unconscious,False,Image,False,7,4,4,5
147,sub-04,lh-fusiform,0.5069444444444444,-0.08362420100070908,0.43478260869565216,0.6970119926478651,PCA + Linear-SVM,unconscious,unconscious,False,Image,False,6,5,7,6
148,sub-04,lh-fusiform,0.6,0.15,0.4000000000000001,0.6692978008502655,PCA + Linear-SVM,unconscious,unconscious,False,Image,False,9,2,3,3
149,sub-04,lh-fusiform,0.5972222222222222,0.08362420100070908,0.5217391304347826,0.6889260894479633,PCA + Linear-SVM,unconscious,unconscious,False,Image,False,7,6,6,5
150,sub-04,lh-fusiform,0.5833333333333334,0.06356417261637282,0.3636363636363636,0.6686885975458585,PCA + Linear-SVM,unconscious,unconscious,False,Image,False,8,2,3,4
151,sub-04,lh-fusiform,0.5714285714285714,0.09523809523809523,0.42857142857142855,0.6768591702197935,PCA + Linear-SVM,unconscious,unconscious,False,Image,False,8,3,4,4
152,sub-04,lh-fusiform,0.5,-0.06804138174397717,0.2222222222222222,0.6633026056940641,PCA + Linear-SVM,unconscious,unconscious,False,Image,False,7,1,2,5
153,sub-04,lh-fusiform,0.49999999999999994,0.011631052629980886,0.39999999999999997,0.6811081202075098,PCA + Linear-SVM,unconscious,unconscious,False,Image,False,7,3,4,5
154,sub-04,lh-fusiform,0.6428571428571428,0.2326210525996177,0.5333333333333333,0.6745081193354673,PCA + Linear-SVM,unconscious,unconscious,False,Image,False,8,4,3,4
155,sub-04,lh-fusiform,0.6203703703703703,0.31137618438976383,0.5882352941176471,0.6779199268469824,PCA + Linear-SVM,unconscious,unconscious,False,Image,False,9,5,4,3
156,sub-04,lh-fusiform,0.6611111111111111,0.26519741765271837,0.6428571428571429,0.6943691481059572,PCA + Linear-SVM,unconscious,unconscious,False,Image,False,8,9,6,4
157,sub-04,lh-fusiform,0.5486111111111112,0.0,0.5,0.6932127119160721,PCA + Linear-SVM,unconscious,unconscious,False,Image,False,6,6,6,6
158,sub-04,lh-fusiform,0.5625,0.07273929674533079,0.36363636363636365,0.6655625469291367,PCA + Linear-SVM,unconscious,unconscious,False,Image,False,7,2,2,5
159,sub-04,lh-fusiform,0.5166666666666667,-0.015430334996209192,0.3333333333333333,0.6711550559463284,PCA + Linear-SVM,unconscious,unconscious,False,Image,False,7,2,3,5
160,sub-04,lh-fusiform,0.6742424242424243,0.302407368379503,0.6,0.6817891990170979,PCA + Linear-SVM,unconscious,unconscious,False,Image,False,9,6,5,3
161,sub-04,lh-fusiform,0.9,0.43333333333333335,0.6,0.6596653742399391,PCA + Linear-SVM,unconscious,unconscious,False,Image,False,10,3,2,2
162,sub-04,lh-fusiform,0.5320512820512822,0.045162230233094555,0.4999999999999999,0.6958017765623465,PCA + Linear-SVM,unconscious,unconscious,False,Image,False,7,6,7,5
163,sub-04,lh-fusiform,0.6590909090909092,0.21374668579336073,0.5714285714285713,0.6818573476645963,PCA + Linear-SVM,unconscious,unconscious,False,Image,False,8,6,5,4
164,sub-04,lh-fusiform,0.5555555555555556,-0.07905694150420949,0.37499999999999994,0.6713718864241938,PCA + Linear-SVM,unconscious,unconscious,False,Image,False,5,3,3,7
165,sub-04,lh-fusiform,0.5416666666666667,-0.05892556509887897,0.2,0.6565516021763166,PCA + Linear-SVM,unconscious,unconscious,False,Image,False,5,1,1,7
166,sub-04,lh-fusiform,0.6527777777777778,0.16116459280507606,0.4615384615384615,0.6726322230773483,PCA + Linear-SVM,unconscious,unconscious,False,Image,False,8,3,3,4
167,sub-04,lh-fusiform,0.5,-0.21821789023599236,0.18181818181818182,0.6671259399720761,PCA + Linear-SVM,unconscious,unconscious,False,Image,False,6,1,3,6
168,sub-04,lh-fusiform,0.5128205128205129,0.12179487179487179,0.5599999999999999,0.6972589470185407,PCA + Linear-SVM,unconscious,unconscious,False,Image,False,7,7,6,5
169,sub-04,lh-fusiform,0.5,-0.06900655593423542,0.375,0.6787582244864387,PCA + Linear-SVM,unconscious,unconscious,False,Image,False,6,3,4,6
170,sub-04,lh-fusiform,0.5333333333333333,0.0,0.47619047619047616,0.6885562860474376,PCA + Linear-SVM,unconscious,unconscious,False,Image,False,6,5,5,6
171,sub-04,lh-fusiform,0.875,0.5,0.6666666666666666,0.660296606374603,PCA + Linear-SVM,unconscious,unconscious,False,Image,False,10,4,2,2
172,sub-04,lh-fusiform,0.6515151515151516,0.21374668579336073,0.5714285714285713,0.6809037088987507,PCA + Linear-SVM,unconscious,unconscious,False,Image,False,8,6,5,4
173,sub-04,lh-fusiform,0.6041666666666667,0.23354968324845687,0.4444444444444445,0.6656395895760985,PCA + Linear-SVM,unconscious,unconscious,False,Image,False,9,2,2,3
174,sub-04,lh-fusiform,0.5378787878787878,-0.045454545454545456,0.45454545454545453,0.690214894264307,PCA + Linear-SVM,unconscious,unconscious,False,Image,False,6,5,6,6
175,sub-04,lh-fusiform,0.6354166666666666,0.25677629550654774,0.5333333333333333,0.6774465452019534,PCA + Linear-SVM,unconscious,unconscious,False,Image,False,9,4,4,3
176,sub-04,lh-fusiform,0.4722222222222222,-0.15811388300841897,0.28571428571428575,0.6785308224028708,PCA + Linear-SVM,unconscious,unconscious,False,Image,False,6,2,4,6
177,sub-04,lh-fusiform,0.7777777777777777,0.5229577884350213,0.7368421052631577,0.6690963819459024,PCA + Linear-SVM,unconscious,unconscious,False,Image,False,9,7,2,3
178,sub-04,lh-fusiform,0.5166666666666666,-0.015430334996209192,0.3333333333333333,0.6705016419128409,PCA + Linear-SVM,unconscious,unconscious,False,Image,False,7,2,3,5
179,sub-04,lh-fusiform,0.4166666666666667,-0.2875273163926476,0.25,0.6832661558279617,PCA + Linear-SVM,unconscious,unconscious,False,Image,False,5,2,5,7
180,sub-04,lh-fusiform,0.5064102564102565,-0.12179487179487179,0.46153846153846156,0.6993793120741149,PCA + Linear-SVM,unconscious,unconscious,False,Image,False,5,6,7,7
181,sub-04,lh-fusiform,0.7166666666666667,0.3337119062359573,0.5454545454545454,0.6641931223014985,PCA + Linear-SVM,unconscious,unconscious,False,Image,False,9,3,2,3
182,sub-04,lh-fusiform,0.6000000000000001,0.15,0.4000000000000001,0.6675970247440418,PCA + Linear-SVM,unconscious,unconscious,False,Image,False,9,2,3,3
183,sub-04,lh-fusiform,0.5,-0.2004459314343183,0.18181818181818182,0.6631890461055124,PCA + Linear-SVM,unconscious,unconscious,False,Image,False,5,1,2,7
184,sub-04,lh-fusiform,0.6166666666666667,0.16878989451394444,0.5263157894736842,0.6822664749771216,PCA + Linear-SVM,unconscious,unconscious,False,Image,False,8,5,5,4
185,sub-04,lh-fusiform,0.5555555555555556,0.16116459280507606,0.4615384615384615,0.6730599889783647,PCA + Linear-SVM,unconscious,unconscious,False,Image,False,8,3,3,4
186,sub-04,lh-fusiform,0.6527777777777778,0.0,0.4,0.6656516039679583,PCA + Linear-SVM,unconscious,unconscious,False,Image,False,6,3,3,6
187,sub-04,lh-fusiform,0.625,0.25677629550654774,0.5333333333333333,0.6759700483704265,PCA + Linear-SVM,unconscious,unconscious,False,Image,False,9,4,4,3
188,sub-04,lh-fusiform,0.6759259259259259,0.2222222222222222,0.5555555555555556,0.6800062353536078,PCA + Linear-SVM,unconscious,unconscious,False,Image,False,8,5,4,4
189,sub-04,lh-fusiform,0.5138888888888888,-0.08058229640253803,0.30769230769230765,0.67721342402423,PCA + Linear-SVM,unconscious,unconscious,False,Image,False,7,2,4,5
190,sub-04,lh-fusiform,0.7291666666666666,0.47075654176200415,0.6666666666666666,0.6724490874172206,PCA + Linear-SVM,unconscious,unconscious,False,Image,False,10,5,3,2
191,sub-04,lh-fusiform,0.5119047619047619,-0.06900655593423542,0.375,0.6753742051610985,PCA + Linear-SVM,unconscious,unconscious,False,Image,False,6,3,4,6
192,sub-04,lh-fusiform,0.5416666666666667,-0.05892556509887897,0.2,0.6542794773487807,PCA + Linear-SVM,unconscious,unconscious,False,Image,False,5,1,1,7
193,sub-04,lh-fusiform,0.6000000000000001,-0.05547001962252291,0.3076923076923077,0.6747494250982302,PCA + Linear-SVM,unconscious,unconscious,False,Image,False,7,2,3,6
194,sub-04,lh-fusiform,0.4615384615384615,-0.1589409883014377,0.33333333333333326,0.6871093460087341,PCA + Linear-SVM,unconscious,unconscious,False,Image,False,6,3,5,7
195,sub-04,lh-fusiform,0.40384615384615385,-0.12179487179487179,0.4166666666666667,0.7053805410555022,PCA + Linear-SVM,unconscious,unconscious,False,Image,False,6,5,7,7
196,sub-04,lh-fusiform,0.4769230769230769,-0.05547001962252291,0.3076923076923077,0.6754705057388011,PCA + Linear-SVM,unconscious,unconscious,False,Image,False,7,2,3,6
197,sub-04,lh-fusiform,0.5512820512820513,-0.045162230233094555,0.43478260869565216,0.6914474256979746,PCA + Linear-SVM,unconscious,unconscious,False,Image,False,7,5,7,6
198,sub-04,lh-fusiform,0.5076923076923077,-0.12403473458920847,0.2857142857142857,0.6756817432415089,PCA + Linear-SVM,unconscious,unconscious,False,Image,False,6,2,3,7
199,sub-04,lh-fusiform,0.41758241758241754,-0.24232015747572203,0.25,0.6829764067087605,PCA + Linear-SVM,unconscious,unconscious,False,Image,False,6,2,5,7
200,sub-04,lh-fusiform,0.3589743589743589,-0.10087125544480041,0.2,0.6761074518192007,PCA + Linear-SVM,unconscious,unconscious,False,Image,False,7,1,2,6
201,sub-04,lh-fusiform,0.4065934065934066,0.10482848367219183,0.47058823529411764,0.6860820067034233,PCA + Linear-SVM,unconscious,unconscious,False,Image,False,7,4,3,6
202,sub-04,lh-fusiform,0.5054945054945055,0.10482848367219183,0.47058823529411764,0.681103202187583,PCA + Linear-SVM,unconscious,unconscious,False,Image,False,7,4,3,6
203,sub-04,lh-fusiform,0.5213675213675213,0.2255549841503195,0.5,0.6877373033148944,PCA + Linear-SVM,unconscious,unconscious,False,Image,False,10,4,5,3
204,sub-04,lh-fusiform,0.4871794871794871,0.005128205128205128,0.5,0.698184596630588,PCA + Linear-SVM,unconscious,unconscious,False,Image,False,7,7,8,6
205,sub-04,lh-fusiform,0.39102564102564097,-0.12179487179487179,0.4166666666666667,0.7007869748974251,PCA + Linear-SVM,unconscious,unconscious,False,Image,False,6,5,7,7
206,sub-04,lh-fusiform,0.5,-0.18232322463624387,0.18181818181818182,0.6730134818015816,PCA + Linear-SVM,unconscious,unconscious,False,Image,False,7,1,3,6
207,sub-04,lh-fusiform,0.36923076923076925,-0.05547001962252291,0.3076923076923077,0.6799494923234503,PCA + Linear-SVM,unconscious,unconscious,False,Image,False,7,2,3,6
208,sub-04,lh-fusiform,0.6223776223776224,0.16083916083916083,0.5454545454545454,0.6876938349635894,PCA + Linear-SVM,unconscious,unconscious,False,Image,False,8,6,5,5
209,sub-04,lh-fusiform,0.6461538461538462,0.01413506985480439,0.3333333333333333,0.6717776702854941,PCA + Linear-SVM,unconscious,unconscious,False,Image,False,8,2,3,5
210,sub-04,lh-fusiform,0.4674556213017751,0.0,0.48000000000000004,0.6968439036618664,PCA + Linear-SVM,unconscious,unconscious,False,Image,False,7,6,7,6
211,sub-04,lh-fusiform,0.5524475524475525,-0.006993006993006993,0.45454545454545453,0.687887641235409,PCA + Linear-SVM,unconscious,unconscious,False,Image,False,7,5,6,6
212,sub-04,lh-fusiform,0.4487179487179487,0.03580574370197164,0.4,0.6787955555173459,PCA + Linear-SVM,unconscious,unconscious,False,Image,False,7,3,3,6
213,sub-04,lh-fusiform,0.30769230769230765,-0.3202563076101743,0.0,0.6665625804256627,PCA + Linear-SVM,unconscious,unconscious,False,Image,False,7,0,2,6
214,sub-04,lh-fusiform,0.3461538461538461,-0.4200412794412907,0.2222222222222222,0.6790999914550542,PCA + Linear-SVM,unconscious,unconscious,False,Image,False,3,2,4,10
215,sub-04,lh-fusiform,0.4423076923076923,-0.18232322463624387,0.18181818181818182,0.67571430199094,PCA + Linear-SVM,unconscious,unconscious,False,Image,False,7,1,3,6
216,sub-04,lh-fusiform,0.4023668639053254,-0.1543033499620919,0.4,0.6997576555288426,PCA + Linear-SVM,unconscious,unconscious,False,Image,False,6,5,8,7
217,sub-04,lh-fusiform,0.5714285714285714,-0.0989010989010989,0.2857142857142857,0.6792690676938338,PCA + Linear-SVM,unconscious,unconscious,False,Image,False,8,2,5,5
218,sub-04,lh-fusiform,0.4,-0.13740858372430334,0.380952380952381,0.6919956070072741,PCA + Linear-SVM,unconscious,unconscious,False,Image,False,6,4,6,7
219,sub-04,lh-fusiform,0.7307692307692307,0.1086310236566852,0.42857142857142855,0.6714158839842013,PCA + Linear-SVM,unconscious,unconscious,False,Image,False,8,3,3,5
220,sub-04,lh-fusiform,0.5874125874125874,-0.021591675854376522,0.39999999999999997,0.6870925043415527,PCA + Linear-SVM,unconscious,unconscious,False,Image,False,8,4,7,5
221,sub-04,lh-fusiform,0.40384615384615385,-0.18232322463624387,0.18181818181818182,0.6726458493281813,PCA + Linear-SVM,unconscious,unconscious,False,Image,False,7,1,3,6
222,sub-04,lh-fusiform,0.3846153846153846,-0.09894548898363074,0.380952380952381,0.6970154864839294,PCA + Linear-SVM,unconscious,unconscious,False,Image,False,7,4,7,6
223,sub-04,lh-fusiform,0.4326923076923077,-0.03739787960033829,0.4210526315789474,0.6846547620519186,PCA + Linear-SVM,unconscious,unconscious,False,Image,False,6,4,4,7
224,sub-04,lh-fusiform,0.3333333333333333,-0.4200412794412907,0.2222222222222222,0.685917708198153,PCA + Linear-SVM,unconscious,unconscious,False,Image,False,3,2,4,10
225,sub-04,lh-fusiform,0.641025641025641,0.16878989451394444,0.5263157894736842,0.6805468341598071,PCA + Linear-SVM,unconscious,unconscious,False,Image,False,8,5,4,5
226,sub-04,lh-fusiform,0.4307692307692308,-0.05547001962252291,0.3076923076923077,0.678194767006707,PCA + Linear-SVM,unconscious,unconscious,False,Image,False,7,2,3,6
227,sub-04,lh-fusiform,0.43956043956043955,-0.24232015747572203,0.25,0.6858381609762702,PCA + Linear-SVM,unconscious,unconscious,False,Image,False,6,2,5,7
228,sub-04,lh-fusiform,0.4556213017751479,-0.07692307692307693,0.46153846153846156,0.7007146848813363,PCA + Linear-SVM,unconscious,unconscious,False,Image,False,6,6,7,7
229,sub-04,lh-fusiform,0.6,0.01413506985480439,0.3333333333333333,0.6720204298026515,PCA + Linear-SVM,unconscious,unconscious,False,Image,False,8,2,3,5
230,sub-04,lh-fusiform,0.4307692307692308,-0.1941450686788302,0.26666666666666666,0.6765108824332176,PCA + Linear-SVM,unconscious,unconscious,False,Image,False,5,2,3,8
231,sub-04,lh-fusiform,0.46153846153846145,-0.16012815380508713,0.18181818181818182,0.6681954884354824,PCA + Linear-SVM,unconscious,unconscious,False,Image,False,6,1,2,7
232,sub-04,lh-fusiform,0.4615384615384615,-0.1640825308284734,0.3157894736842105,0.6891073349619847,PCA + Linear-SVM,unconscious,unconscious,False,Image,False,7,3,7,6
233,sub-04,lh-fusiform,0.4871794871794871,0.1086310236566852,0.42857142857142855,0.677823826104421,PCA + Linear-SVM,unconscious,unconscious,False,Image,False,8,3,3,5
234,sub-04,lh-fusiform,0.4358974358974359,-0.1207011373963169,0.28571428571428575,0.6793012378810043,PCA + Linear-SVM,unconscious,unconscious,False,Image,False,7,2,4,6
235,sub-04,lh-fusiform,0.5673076923076923,0.11322770341445958,0.47058823529411764,0.6805335019514784,PCA + Linear-SVM,unconscious,unconscious,False,Image,False,8,4,4,5
236,sub-04,lh-fusiform,0.5811965811965811,0.09245003270420485,0.5,0.683195458696136,PCA + Linear-SVM,unconscious,unconscious,False,Image,False,7,5,4,6
237,sub-04,lh-fusiform,0.358974358974359,-0.19096396641051544,0.26666666666666666,0.682052688059365,PCA + Linear-SVM,unconscious,unconscious,False,Image,False,6,2,4,7
238,sub-04,lh-fusiform,0.5961538461538461,0.31137618438976383,0.5882352941176471,0.6813934285227797,PCA + Linear-SVM,unconscious,unconscious,False,Image,False,9,5,3,4
239,sub-04,lh-fusiform,0.4725274725274725,-0.0316069770620507,0.375,0.6816834697805576,PCA + Linear-SVM,unconscious,unconscious,False,Image,False,7,3,4,6
240,sub-04,lh-fusiform,0.3076923076923077,-0.2773500981126146,0.0,0.6676277564476613,PCA + Linear-SVM,unconscious,unconscious,False,Image,False,8,0,2,5
241,sub-04,lh-fusiform,0.7428571428571429,0.11952286093343936,0.4444444444444445,0.6708969504351296,PCA + Linear-SVM,unconscious,unconscious,False,Image,False,5,2,3,2
242,sub-04,lh-fusiform,0.7321428571428572,0.3392857142857143,0.6666666666666666,0.6839879217854393,PCA + Linear-SVM,unconscious,unconscious,False,Image,False,5,5,3,2
243,sub-04,lh-fusiform,0.6428571428571429,0.20935894733965593,0.6,0.7101814807503162,PCA + Linear-SVM,unconscious,unconscious,False,Image,False,5,6,6,2
244,sub-04,lh-fusiform,0.7714285714285714,0.3142857142857143,0.6,0.673475196489771,PCA + Linear-SVM,unconscious,unconscious,False,Image,False,5,3,2,2
245,sub-04,lh-fusiform,0.7142857142857143,0.2875273163926476,0.6666666666666666,0.7037119540307182,PCA + Linear-SVM,unconscious,unconscious,False,Image,False,5,7,5,2
246,sub-04,lh-fusiform,0.7142857142857143,0.11952286093343936,0.4444444444444445,0.6717814340046981,PCA + Linear-SVM,unconscious,unconscious,False,Image,False,5,2,3,2
247,sub-04,lh-fusiform,0.6734693877551021,0.28867513459481287,0.6153846153846153,0.688651181094683,PCA + Linear-SVM,unconscious,unconscious,False,Image,False,5,4,3,2
248,sub-04,lh-fusiform,0.5714285714285714,-0.0890870806374748,0.28571428571428575,0.6551138926808449,PCA + Linear-SVM,unconscious,unconscious,False,Image,False,4,1,2,3
249,sub-04,lh-fusiform,0.6326530612244898,0.28867513459481287,0.6153846153846153,0.688675369258152,PCA + Linear-SVM,unconscious,unconscious,False,Image,False,5,4,3,2
250,sub-04,lh-fusiform,0.7142857142857142,0.28867513459481287,0.6153846153846153,0.684712889215397,PCA + Linear-SVM,unconscious,unconscious,False,Image,False,5,4,3,2
251,sub-04,lh-fusiform,0.7301587301587302,0.2698412698412698,0.6250000000000001,0.688873730565825,PCA + Linear-SVM,unconscious,unconscious,False,Image,False,5,5,4,2
252,sub-04,lh-fusiform,0.780952380952381,0.6772962119561564,0.9032258064516129,0.7130077968692864,PCA + Linear-SVM,unconscious,unconscious,False,Image,False,5,14,1,2
253,sub-04,lh-fusiform,0.6785714285714286,0.13095238095238096,0.5263157894736842,0.7045602337356847,PCA + Linear-SVM,unconscious,unconscious,False,Image,False,5,5,7,2
254,sub-04,lh-fusiform,0.75,0.21428571428571427,0.5,0.6692858985359049,PCA + Linear-SVM,unconscious,unconscious,False,Image,False,5,2,2,2
255,sub-04,lh-fusiform,0.6000000000000001,-0.02857142857142857,0.4000000000000001,0.6747044958355981,PCA + Linear-SVM,unconscious,unconscious,False,Image,False,4,2,3,3
256,sub-04,lh-fusiform,0.8571428571428572,0.5698028822981898,0.7999999999999999,0.6981197740948044,PCA + Linear-SVM,unconscious,unconscious,False,Image,False,6,8,3,1
257,sub-04,lh-fusiform,0.8857142857142857,0.47809144373375745,0.6666666666666665,0.672838771006511,PCA + Linear-SVM,unconscious,unconscious,False,Image,False,6,3,2,1
258,sub-04,lh-fusiform,0.6703296703296703,0.24232015747572203,0.6363636363636364,0.7059650856174139,PCA + Linear-SVM,unconscious,unconscious,False,Image,False,5,7,6,2
259,sub-04,lh-fusiform,0.8181818181818181,0.48416483186574427,0.7368421052631579,0.6916847115824544,PCA + Linear-SVM,unconscious,unconscious,False,Image,False,6,7,4,1
260,sub-04,lh-fusiform,0.7142857142857143,0.21957751641341997,0.5454545454545454,0.6821721854608278,PCA + Linear-SVM,unconscious,unconscious,False,Image,False,5,3,3,2
261,sub-04,lh-fusiform,0.5714285714285714,-0.05976143046671968,0.28571428571428575,0.6555301315703287,PCA + Linear-SVM,unconscious,unconscious,False,Image,False,3,1,1,4
262,sub-04,lh-fusiform,0.5952380952380952,-0.09759000729485333,0.3636363636363636,0.6859277532715855,PCA + Linear-SVM,unconscious,unconscious,False,Image,False,4,2,4,3
263,sub-04,lh-fusiform,0.6785714285714285,0.21428571428571427,0.5,0.6682052815052205,PCA + Linear-SVM,unconscious,unconscious,False,Image,False,5,2,2,2
264,sub-04,lh-fusiform,0.6373626373626374,0.17118419700436516,0.5714285714285714,0.7127869529191715,PCA + Linear-SVM,unconscious,unconscious,False,Image,False,5,6,7,2
265,sub-04,lh-fusiform,0.7551020408163265,0.28867513459481287,0.6153846153846153,0.6810629767866175,PCA + Linear-SVM,unconscious,unconscious,False,Image,False,5,4,3,2
266,sub-04,lh-fusiform,0.6571428571428571,0.11769797726729993,0.5,0.7011480739987178,PCA + Linear-SVM,unconscious,unconscious,False,Image,False,5,4,6,2
267,sub-04,lh-fusiform,0.9047619047619048,0.5367450401216932,0.7272727272727272,0.6695753739656224,PCA + Linear-SVM,unconscious,unconscious,False,Image,False,6,4,2,1
268,sub-04,lh-fusiform,0.7922077922077922,0.48416483186574427,0.7368421052631579,0.6935538483558992,PCA + Linear-SVM,unconscious,unconscious,False,Image,False,6,7,4,1
269,sub-04,lh-fusiform,0.6785714285714286,0.21428571428571427,0.5,0.6725875285264394,PCA + Linear-SVM,unconscious,unconscious,False,Image,False,5,2,2,2
270,sub-04,lh-fusiform,0.7402597402597403,0.34188172937891387,0.7000000000000001,0.6986698546530099,PCA + Linear-SVM,unconscious,unconscious,False,Image,False,5,7,4,2
271,sub-04,lh-fusiform,0.6964285714285714,0.3392857142857143,0.6666666666666666,0.6887590678855432,PCA + Linear-SVM,unconscious,unconscious,False,Image,False,5,5,3,2
272,sub-04,lh-fusiform,0.6666666666666666,0.05143444998736397,0.4,0.6832630593873182,PCA + Linear-SVM,unconscious,unconscious,False,Image,False,5,2,4,2
273,sub-04,lh-fusiform,0.9206349206349206,0.629940788348712,0.823529411764706,0.6807738764948777,PCA + Linear-SVM,unconscious,unconscious,False,Image,False,6,7,2,1
274,sub-04,lh-fusiform,0.6571428571428571,0.11952286093343936,0.4444444444444445,0.676575469376421,PCA + Linear-SVM,unconscious,unconscious,False,Image,False,5,2,3,2
275,sub-04,lh-fusiform,0.5918367346938775,0.0,0.4615384615384615,0.6870194994496087,PCA + Linear-SVM,unconscious,unconscious,False,Image,False,4,3,4,3
276,sub-04,lh-fusiform,0.6373626373626374,0.24232015747572203,0.6363636363636364,0.7119672578947398,PCA + Linear-SVM,unconscious,unconscious,False,Image,False,5,7,6,2
277,sub-04,lh-fusiform,0.8285714285714285,0.3142857142857143,0.6,0.6710816837956314,PCA + Linear-SVM,unconscious,unconscious,False,Image,False,5,3,2,2
278,sub-04,lh-fusiform,0.7142857142857143,0.3142857142857143,0.6,0.6751199832712195,PCA + Linear-SVM,unconscious,unconscious,False,Image,False,5,3,2,2
279,sub-04,lh-fusiform,0.7142857142857142,0.047619047619047616,0.3333333333333333,0.6654628406532841,PCA + Linear-SVM,unconscious,unconscious,False,Image,False,5,1,2,2
280,sub-04,lh-fusiform,0.7285714285714286,0.408491223118783,0.7368421052631577,0.700433794488208,PCA + Linear-SVM,unconscious,unconscious,False,Image,False,5,7,3,2
281,sub-04,lh-fusiform,0.6904761904761905,0.38575837490522974,0.6,0.6784017242841329,PCA + Linear-SVM,unconscious,unconscious,False,Image,False,6,3,3,1
282,sub-04,lh-fusiform,0.7619047619047619,0.21957751641341997,0.5454545454545454,0.6778524722557292,PCA + Linear-SVM,unconscious,unconscious,False,Image,False,5,3,3,2
283,sub-04,lh-fusiform,0.7678571428571429,0.49099025303098287,0.7142857142857143,0.6874817380962329,PCA + Linear-SVM,unconscious,unconscious,False,Image,False,6,5,3,1
284,sub-04,lh-fusiform,0.7619047619047619,0.3779644730092272,0.7058823529411765,0.6955125874707786,PCA + Linear-SVM,unconscious,unconscious,False,Image,False,5,6,3,2
285,sub-04,lh-fusiform,0.6428571428571429,0.21957751641341997,0.5454545454545454,0.6867458871381371,PCA + Linear-SVM,unconscious,unconscious,False,Image,False,5,3,3,2
286,sub-04,lh-fusiform,0.8035714285714285,0.6614378277661477,0.7692307692307693,0.6807440741320382,PCA + Linear-SVM,unconscious,unconscious,False,Image,False,7,5,3,0
287,sub-04,lh-fusiform,0.7755102040816326,0.4472135954999579,0.6666666666666666,0.686153367118145,PCA + Linear-SVM,unconscious,unconscious,False,Image,False,6,4,3,1
288,sub-04,lh-fusiform,0.5714285714285714,-0.05976143046671968,0.28571428571428575,0.6530175068706817,PCA + Linear-SVM,unconscious,unconscious,False,Image,False,3,1,1,4
289,sub-04,lh-fusiform,0.7333333333333334,0.4666666666666667,0.8000000000000002,0.7021580818380605,PCA + Linear-SVM,unconscious,unconscious,False,Image,False,2,4,1,1
290,sub-04,lh-fusiform,0.5,0.14907119849998599,0.6153846153846154,0.7250445653811769,PCA + Linear-SVM,unconscious,unconscious,False,Image,False,2,4,4,1
291,sub-04,lh-fusiform,0.33333333333333337,0.06804138174397717,0.5555555555555556,0.7577301950454444,PCA + Linear-SVM,unconscious,unconscious,False,Image,False,2,5,7,1
292,sub-04,lh-fusiform,0.4666666666666667,0.06666666666666667,0.5,0.7060442432806929,PCA + Linear-SVM,unconscious,unconscious,False,Image,False,2,2,3,1
293,sub-04,lh-fusiform,0.5555555555555556,0.1336306209562122,0.631578947368421,0.7353235347420612,PCA + Linear-SVM,unconscious,unconscious,False,Image,False,2,6,6,1
294,sub-04,lh-fusiform,0.6000000000000001,0.2581988897471611,0.6666666666666665,0.70684144355068,PCA + Linear-SVM,unconscious,unconscious,False,Image,False,2,3,2,1
295,sub-04,lh-fusiform,0.523809523809524,0.2182178902359924,0.6666666666666666,0.7209801031476855,PCA + Linear-SVM,unconscious,unconscious,False,Image,False,2,4,3,1
296,sub-04,lh-fusiform,0.4444444444444445,0.0,0.4,0.7015798571320949,PCA + Linear-SVM,unconscious,unconscious,False,Image,False,2,1,2,1
297,sub-04,lh-fusiform,0.4761904761904763,0.2182178902359924,0.6666666666666666,0.7296233266425457,PCA + Linear-SVM,unconscious,unconscious,False,Image,False,2,4,3,1
298,sub-04,lh-fusiform,0.6190476190476191,0.3563483225498992,0.7692307692307692,0.7160479859816602,PCA + Linear-SVM,unconscious,unconscious,False,Image,False,2,5,2,1
299,sub-04,lh-fusiform,0.5185185185185186,0.19245008972987526,0.6666666666666667,0.7261620206261722,PCA + Linear-SVM,unconscious,unconscious,False,Image,False,2,5,4,1
300,sub-04,lh-fusiform,0.7777777777777779,0.6,0.9333333333333333,0.7368126111703438,PCA + Linear-SVM,unconscious,unconscious,False,Image,False,2,14,1,1
301,sub-04,lh-fusiform,0.3888888888888889,0.1336306209562122,0.631578947368421,0.7464179203939886,PCA + Linear-SVM,unconscious,unconscious,False,Image,False,2,6,6,1
302,sub-04,lh-fusiform,0.5833333333333334,0.16666666666666666,0.5714285714285715,0.7010618516599055,PCA + Linear-SVM,unconscious,unconscious,False,Image,False,2,2,2,1
303,sub-04,lh-fusiform,0.4666666666666667,0.06666666666666667,0.5,0.7119395716642241,PCA + Linear-SVM,unconscious,unconscious,False,Image,False,2,2,3,1
304,sub-04,lh-fusiform,0.606060606060606,0.251259453814803,0.7368421052631579,0.7247886245064429,PCA + Linear-SVM,unconscious,unconscious,False,Image,False,2,7,4,1
305,sub-04,lh-fusiform,0.8666666666666667,0.6,0.7499999999999999,0.6933677524417574,PCA + Linear-SVM,unconscious,unconscious,False,Image,False,3,3,2,0
306,sub-04,lh-fusiform,0.5641025641025641,0.16012815380508713,0.6666666666666667,0.7403189743691432,PCA + Linear-SVM,unconscious,unconscious,False,Image,False,2,7,6,1
307,sub-04,lh-fusiform,0.6666666666666667,0.4403855060505443,0.8571428571428572,0.7210861448107541,PCA + Linear-SVM,unconscious,unconscious,False,Image,False,2,9,2,1
308,sub-04,lh-fusiform,0.5,0.15811388300841897,0.6,0.7150727799815912,PCA + Linear-SVM,unconscious,unconscious,False,Image,False,2,3,3,1
309,sub-04,lh-fusiform,0.33333333333333337,-0.4082482904638631,0.0,0.6851364778456244,PCA + Linear-SVM,unconscious,unconscious,False,Image,False,2,0,2,1
310,sub-04,lh-fusiform,0.6666666666666667,0.31622776601683794,0.7272727272727272,0.7101893100590096,PCA + Linear-SVM,unconscious,unconscious,False,Image,False,2,4,2,1
311,sub-04,lh-fusiform,0.6666666666666667,0.4166666666666667,0.75,0.7017629066910206,PCA + Linear-SVM,unconscious,unconscious,False,Image,False,2,3,1,1
312,sub-04,lh-fusiform,0.38461538461538464,0.10087125544480041,0.6,0.7446098801155088,PCA + Linear-SVM,unconscious,unconscious,False,Image,False,2,6,7,1
313,sub-04,lh-fusiform,0.7142857142857144,0.5238095238095238,0.8571428571428571,0.7128158965787948,PCA + Linear-SVM,unconscious,unconscious,False,Image,False,2,6,1,1
314,sub-04,lh-fusiform,0.5333333333333334,0.2253744679276044,0.7058823529411764,0.732124666351766,PCA + Linear-SVM,unconscious,unconscious,False,Image,False,2,6,4,1
315,sub-04,lh-fusiform,0.8333333333333334,0.5,0.6666666666666666,0.6918207071307158,PCA + Linear-SVM,unconscious,unconscious,False,Image,False,3,3,3,0
316,sub-04,lh-fusiform,0.6666666666666667,0.3373495424699933,0.7999999999999999,0.7242169993719686,PCA + Linear-SVM,unconscious,unconscious,False,Image,False,2,8,3,1
317,sub-04,lh-fusiform,0.5,0.16666666666666666,0.5714285714285715,0.702889382373069,PCA + Linear-SVM,unconscious,unconscious,False,Image,False,2,2,2,1
318,sub-04,lh-fusiform,0.45454545454545453,0.10050378152592121,0.5882352941176471,0.7382367541072787,PCA + Linear-SVM,unconscious,unconscious,False,Image,False,2,5,6,1
319,sub-04,lh-fusiform,0.5833333333333334,0.2608745973749754,0.7142857142857143,0.7226360698027243,PCA + Linear-SVM,unconscious,unconscious,False,Image,False,2,5,3,1
320,sub-04,lh-fusiform,0.33333333333333337,0.0,0.4444444444444444,0.725398943211524,PCA + Linear-SVM,unconscious,unconscious,False,Image,False,2,2,4,1
321,sub-04,lh-fusiform,0.7777777777777779,0.5555555555555556,0.8888888888888888,0.7083097578208163,PCA + Linear-SVM,unconscious,unconscious,False,Image,False,2,8,1,1
322,sub-04,lh-fusiform,0.4666666666666667,0.06666666666666667,0.5,0.7115843219620284,PCA + Linear-SVM,unconscious,unconscious,False,Image,False,2,2,3,1
323,sub-04,lh-fusiform,0.33333333333333337,-0.047619047619047616,0.4,0.7346576912462155,PCA + Linear-SVM,unconscious,unconscious,False,Image,False,2,2,5,1
324,sub-04,lh-fusiform,0.4615384615384615,0.10087125544480041,0.6,0.7491428600032382,PCA + Linear-SVM,unconscious,unconscious,False,Image,False,2,6,7,1
325,sub-04,lh-fusiform,0.7333333333333334,0.4666666666666667,0.8000000000000002,0.6981460969438387,PCA + Linear-SVM,unconscious,unconscious,False,Image,False,2,4,1,1
326,sub-04,lh-fusiform,0.6000000000000001,0.2581988897471611,0.6666666666666665,0.7060516399720003,PCA + Linear-SVM,unconscious,unconscious,False,Image,False,2,3,2,1
327,sub-04,lh-fusiform,0.7777777777777779,0.3333333333333333,0.6666666666666666,0.6913883109925593,PCA + Linear-SVM,unconscious,unconscious,False,Image,False,2,2,1,1
328,sub-04,lh-fusiform,0.5666666666666667,0.2253744679276044,0.7058823529411764,0.7296682667626275,PCA + Linear-SVM,unconscious,unconscious,False,Image,False,2,6,4,1
329,sub-04,lh-fusiform,0.4444444444444445,0.15811388300841897,0.6,0.7235425979968608,PCA + Linear-SVM,unconscious,unconscious,False,Image,False,2,3,3,1
330,sub-04,lh-fusiform,0.5555555555555556,0.15811388300841897,0.6,0.7087283046815621,PCA + Linear-SVM,unconscious,unconscious,False,Image,False,2,3,3,1
331,sub-04,lh-fusiform,0.5833333333333334,0.2608745973749754,0.7142857142857143,0.7177412617215363,PCA + Linear-SVM,unconscious,unconscious,False,Image,False,2,5,3,1
332,sub-04,lh-fusiform,0.5555555555555556,0.19245008972987526,0.6666666666666667,0.7240449407486972,PCA + Linear-SVM,unconscious,unconscious,False,Image,False,2,5,4,1
333,sub-04,lh-fusiform,0.4444444444444444,0.15811388300841897,0.6,0.7187810721564446,PCA + Linear-SVM,unconscious,unconscious,False,Image,False,2,3,3,1
334,sub-04,lh-fusiform,0.6666666666666666,0.2608745973749754,0.7142857142857143,0.7084372647955672,PCA + Linear-SVM,unconscious,unconscious,False,Image,False,2,5,3,1
335,sub-04,lh-fusiform,0.6666666666666667,0.5238095238095238,0.8571428571428571,0.7182473901978437,PCA + Linear-SVM,unconscious,unconscious,False,Image,False,2,6,1,1
336,sub-04,lh-fusiform,0.33333333333333337,-0.4082482904638631,0.0,0.6862192473604758,PCA + Linear-SVM,unconscious,unconscious,False,Image,False,2,0,2,1
337,sub-04,lh-fusiform,0.6000000000000001,0.11952286093343936,0.4444444444444445,0.6804367042623879,PCA + Linear-SVM,unconscious,unconscious,False,Image,False,5,2,3,2
338,sub-04,lh-fusiform,0.4464285714285714,-0.19642857142857142,0.39999999999999997,0.7042559420923167,PCA + Linear-SVM,unconscious,unconscious,False,Image,False,3,3,5,4
339,sub-04,lh-fusiform,0.41666666666666663,-0.011631052629980886,0.5,0.7288681201869004,PCA + Linear-SVM,unconscious,unconscious,False,Image,False,4,5,7,3
340,sub-04,lh-fusiform,0.4857142857142857,0.11952286093343936,0.4444444444444445,0.6861558822166357,PCA + Linear-SVM,unconscious,unconscious,False,Image,False,5,2,3,2
341,sub-04,lh-fusiform,0.5119047619047619,0.20935894733965593,0.6,0.7129838588749697,PCA + Linear-SVM,unconscious,unconscious,False,Image,False,5,6,6,2
342,sub-04,lh-fusiform,0.5428571428571429,0.11952286093343936,0.4444444444444445,0.6835267098515184,PCA + Linear-SVM,unconscious,unconscious,False,Image,False,5,2,3,2
343,sub-04,lh-fusiform,0.46938775510204084,0.0,0.4615384615384615,0.7000593559402473,PCA + Linear-SVM,unconscious,unconscious,False,Image,False,4,3,4,3
344,sub-04,lh-fusiform,0.42857142857142855,-0.0890870806374748,0.28571428571428575,0.6881777022751421,PCA + Linear-SVM,unconscious,unconscious,False,Image,False,4,1,2,3
345,sub-04,lh-fusiform,0.5102040816326531,0.28867513459481287,0.6153846153846153,0.7039933055474884,PCA + Linear-SVM,unconscious,unconscious,False,Image,False,5,4,3,2
346,sub-04,lh-fusiform,0.5510204081632654,0.14907119849998599,0.5,0.6920852238907111,PCA + Linear-SVM,unconscious,unconscious,False,Image,False,5,3,4,2
347,sub-04,lh-fusiform,0.5555555555555556,0.2698412698412698,0.6250000000000001,0.6975004382389142,PCA + Linear-SVM,unconscious,unconscious,False,Image,False,5,5,4,2
348,sub-04,lh-fusiform,0.6476190476190476,0.17142178795424282,0.5833333333333334,0.7139493497915285,PCA + Linear-SVM,unconscious,unconscious,False,Image,False,5,7,8,2
349,sub-04,lh-fusiform,0.44047619047619047,-0.011631052629980886,0.5,0.718667135590973,PCA + Linear-SVM,unconscious,unconscious,False,Image,False,4,5,7,3
350,sub-04,lh-fusiform,0.5714285714285714,0.21428571428571427,0.5,0.6787065261023227,PCA + Linear-SVM,unconscious,unconscious,False,Image,False,5,2,2,2
351,sub-04,lh-fusiform,0.4857142857142857,0.11952286093343936,0.4444444444444445,0.6942267151232132,PCA + Linear-SVM,unconscious,unconscious,False,Image,False,5,2,3,2
352,sub-04,lh-fusiform,0.5974025974025974,0.2548235957188128,0.631578947368421,0.7007924597475994,PCA + Linear-SVM,unconscious,unconscious,False,Image,False,5,6,5,2
353,sub-04,lh-fusiform,0.8285714285714285,0.3142857142857143,0.6,0.6706021596902737,PCA + Linear-SVM,unconscious,unconscious,False,Image,False,5,3,2,2
354,sub-04,lh-fusiform,0.4725274725274726,0.0316069770620507,0.5454545454545455,0.7181661453511087,PCA + Linear-SVM,unconscious,unconscious,False,Image,False,4,6,7,3
355,sub-04,lh-fusiform,0.6623376623376623,0.34188172937891387,0.7000000000000001,0.6980388293716641,PCA + Linear-SVM,unconscious,unconscious,False,Image,False,5,7,4,2
356,sub-04,lh-fusiform,0.5238095238095238,0.07142857142857142,0.5,0.6900423064436236,PCA + Linear-SVM,unconscious,unconscious,False,Image,False,4,3,3,3
357,sub-04,lh-fusiform,0.3571428571428572,-0.3779644730092272,0.0,0.6702696772158366,PCA + Linear-SVM,unconscious,unconscious,False,Image,False,4,0,2,3
358,sub-04,lh-fusiform,0.6190476190476191,0.21957751641341997,0.5454545454545454,0.6849634586671731,PCA + Linear-SVM,unconscious,unconscious,False,Image,False,5,3,3,2
359,sub-04,lh-fusiform,0.5,0.06900655593423542,0.4444444444444445,0.6814259782205142,PCA + Linear-SVM,unconscious,unconscious,False,Image,False,4,2,2,3
360,sub-04,lh-fusiform,0.46153846153846156,0.0316069770620507,0.5454545454545455,0.71751814549566,PCA + Linear-SVM,unconscious,unconscious,False,Image,False,4,6,7,3
361,sub-04,lh-fusiform,0.4897959183673469,0.14907119849998599,0.5,0.6975155829327088,PCA + Linear-SVM,unconscious,unconscious,False,Image,False,5,3,4,2
362,sub-04,lh-fusiform,0.48571428571428577,-0.02857142857142857,0.47058823529411764,0.7069399189707024,PCA + Linear-SVM,unconscious,unconscious,False,Image,False,4,4,6,3
363,sub-04,lh-fusiform,0.7857142857142857,0.38095238095238093,0.6666666666666666,0.6718425172382543,PCA + Linear-SVM,unconscious,unconscious,False,Image,False,5,4,2,2
364,sub-04,lh-fusiform,0.6233766233766234,0.34188172937891387,0.7000000000000001,0.7000250342071338,PCA + Linear-SVM,unconscious,unconscious,False,Image,False,5,7,4,2
365,sub-04,lh-fusiform,0.4642857142857143,0.06900655593423542,0.4444444444444445,0.6833605669696354,PCA + Linear-SVM,unconscious,unconscious,False,Image,False,4,2,2,3
366,sub-04,lh-fusiform,0.4545454545454546,-0.11396057645963795,0.5,0.7138377257769614,PCA + Linear-SVM,unconscious,unconscious,False,Image,False,3,5,6,4
367,sub-04,lh-fusiform,0.5,0.07142857142857142,0.5333333333333333,0.7006207387380919,PCA + Linear-SVM,unconscious,unconscious,False,Image,False,4,4,4,3
368,sub-04,lh-fusiform,0.38095238095238093,-0.23809523809523808,0.3333333333333333,0.6950055633971701,PCA + Linear-SVM,unconscious,unconscious,False,Image,False,3,2,4,4
369,sub-04,lh-fusiform,0.7301587301587302,0.49206349206349204,0.7777777777777778,0.6840543318388385,PCA + Linear-SVM,unconscious,unconscious,False,Image,False,5,7,2,2
370,sub-04,lh-fusiform,0.5142857142857142,-0.02857142857142857,0.4000000000000001,0.6915953316664103,PCA + Linear-SVM,unconscious,unconscious,False,Image,False,4,2,3,3
371,sub-04,lh-fusiform,0.40816326530612246,-0.14285714285714285,0.42857142857142855,0.7051720713579606,PCA + Linear-SVM,unconscious,unconscious,False,Image,False,3,3,4,4
372,sub-04,lh-fusiform,0.43956043956043955,0.0316069770620507,0.5454545454545455,0.728799526369772,PCA + Linear-SVM,unconscious,unconscious,False,Image,False,4,6,7,3
373,sub-04,lh-fusiform,0.7142857142857143,0.3142857142857143,0.6,0.6771532178385568,PCA + Linear-SVM,unconscious,unconscious,False,Image,False,5,3,2,2
374,sub-04,lh-fusiform,0.5714285714285714,0.11952286093343936,0.4444444444444445,0.6823539698872017,PCA + Linear-SVM,unconscious,unconscious,False,Image,False,5,2,3,2
375,sub-04,lh-fusiform,0.5238095238095238,-0.0890870806374748,0.28571428571428575,0.6741544693176854,PCA + Linear-SVM,unconscious,unconscious,False,Image,False,4,1,2,3
376,sub-04,lh-fusiform,0.6428571428571429,0.3098898934004561,0.6666666666666665,0.7003603850782444,PCA + Linear-SVM,unconscious,unconscious,False,Image,False,5,6,4,2
377,sub-04,lh-fusiform,0.42857142857142855,0.07142857142857142,0.5,0.6986518075320871,PCA + Linear-SVM,unconscious,unconscious,False,Image,False,4,3,3,3
378,sub-04,lh-fusiform,0.5714285714285714,0.07142857142857142,0.5,0.6858567960690951,PCA + Linear-SVM,unconscious,unconscious,False,Image,False,4,3,3,3
379,sub-04,lh-fusiform,0.5892857142857142,0.3392857142857143,0.6666666666666666,0.6948475630665015,PCA + Linear-SVM,unconscious,unconscious,False,Image,False,5,5,3,2
380,sub-04,lh-fusiform,0.6507936507936507,0.3779644730092272,0.7058823529411765,0.6964887153732436,PCA + Linear-SVM,unconscious,unconscious,False,Image,False,5,6,3,2
381,sub-04,lh-fusiform,0.45238095238095244,-0.09759000729485333,0.3636363636363636,0.6942308861383732,PCA + Linear-SVM,unconscious,unconscious,False,Image,False,4,2,4,3
382,sub-04,lh-fusiform,0.6785714285714286,0.3392857142857143,0.6666666666666666,0.6845543644640721,PCA + Linear-SVM,unconscious,unconscious,False,Image,False,5,5,3,2
383,sub-04,lh-fusiform,0.5918367346938775,0.14285714285714285,0.5714285714285714,0.6959233412112645,PCA + Linear-SVM,unconscious,unconscious,False,Image,False,4,4,3,3
384,sub-04,lh-fusiform,0.4285714285714286,-0.2857142857142857,0.0,0.6700728276486924,PCA + Linear-SVM,unconscious,unconscious,False,Image,False,5,0,2,2
385,sub-04,lh-fusiform,0.55,-0.16735967034880075,0.2857142857142857,0.6708433337281569,PCA + Linear-SVM,unconscious,unconscious,False,Image,False,5,2,3,7
386,sub-04,lh-fusiform,0.53125,-0.12309149097933272,0.35294117647058826,0.6824050899798998,PCA + Linear-SVM,unconscious,unconscious,False,Image,False,6,3,5,6
387,sub-04,lh-fusiform,0.4652777777777778,-0.08362420100070908,0.43478260869565216,0.6992393990832326,PCA + Linear-SVM,unconscious,unconscious,False,Image,False,6,5,7,6
388,sub-04,lh-fusiform,0.5833333333333334,0.06356417261637282,0.3636363636363636,0.6724647088001818,PCA + Linear-SVM,unconscious,unconscious,False,Image,False,8,2,3,4
389,sub-04,lh-fusiform,0.5833333333333334,0.08362420100070908,0.5217391304347826,0.6918054728823311,PCA + Linear-SVM,unconscious,unconscious,False,Image,False,7,6,6,5
390,sub-04,lh-fusiform,0.6166666666666667,-0.015430334996209192,0.3333333333333333,0.6712228843758955,PCA + Linear-SVM,unconscious,unconscious,False,Image,False,7,2,3,5
391,sub-04,lh-fusiform,0.4880952380952381,-0.06900655593423542,0.375,0.6825069428376578,PCA + Linear-SVM,unconscious,unconscious,False,Image,False,6,3,4,6
392,sub-04,lh-fusiform,0.4444444444444444,-0.1336306209562122,0.2,0.664686084958516,PCA + Linear-SVM,unconscious,unconscious,False,Image,False,6,1,2,6
393,sub-04,lh-fusiform,0.5,0.011631052629980886,0.39999999999999997,0.6816139199612826,PCA + Linear-SVM,unconscious,unconscious,False,Image,False,7,3,4,5
394,sub-04,lh-fusiform,0.4880952380952381,-0.20935894733965593,0.26666666666666666,0.6821369833576083,PCA + Linear-SVM,unconscious,unconscious,False,Image,False,6,2,5,6
395,sub-04,lh-fusiform,0.5462962962962963,0.11322770341445958,0.47058823529411764,0.6838624964864918,PCA + Linear-SVM,unconscious,unconscious,False,Image,False,8,4,5,4
396,sub-04,lh-fusiform,0.5111111111111111,0.05,0.5185185185185186,0.6999830071453469,PCA + Linear-SVM,unconscious,unconscious,False,Image,False,7,7,8,5
397,sub-04,lh-fusiform,0.4791666666666667,-0.08362420100070908,0.43478260869565216,0.6947139889816588,PCA + Linear-SVM,unconscious,unconscious,False,Image,False,6,5,7,6
398,sub-04,lh-fusiform,0.5416666666666666,0.07273929674533079,0.36363636363636365,0.6710478877745222,PCA + Linear-SVM,unconscious,unconscious,False,Image,False,7,2,2,5
399,sub-04,lh-fusiform,0.43333333333333335,-0.015430334996209192,0.3333333333333333,0.6765728647838147,PCA + Linear-SVM,unconscious,unconscious,False,Image,False,7,2,3,5
400,sub-04,lh-fusiform,0.6363636363636365,0.21374668579336073,0.5714285714285713,0.6896087341828939,PCA + Linear-SVM,unconscious,unconscious,False,Image,False,8,6,5,4
401,sub-04,lh-fusiform,0.65,0.06356417261637282,0.3636363636363636,0.672866719547053,PCA + Linear-SVM,unconscious,unconscious,False,Image,False,8,2,3,4
402,sub-04,lh-fusiform,0.5064102564102564,0.045162230233094555,0.4999999999999999,0.6972978120390568,PCA + Linear-SVM,unconscious,unconscious,False,Image,False,7,6,7,5
403,sub-04,lh-fusiform,0.6363636363636365,0.12406456138646277,0.5,0.6852077706766831,PCA + Linear-SVM,unconscious,unconscious,False,Image,False,8,5,6,4
404,sub-04,lh-fusiform,0.4444444444444445,-0.08058229640253803,0.30769230769230765,0.6792696567566288,PCA + Linear-SVM,unconscious,unconscious,False,Image,False,7,2,4,5
405,sub-04,lh-fusiform,0.41666666666666663,-0.2581988897471611,0.0,0.6633914385436464,PCA + Linear-SVM,unconscious,unconscious,False,Image,False,8,0,2,4
406,sub-04,lh-fusiform,0.5,-0.15811388300841897,0.28571428571428575,0.6777500484234139,PCA + Linear-SVM,unconscious,unconscious,False,Image,False,6,2,4,6
407,sub-04,lh-fusiform,0.6041666666666667,0.07273929674533079,0.36363636363636365,0.6689327558287599,PCA + Linear-SVM,unconscious,unconscious,False,Image,False,7,2,2,5
408,sub-04,lh-fusiform,0.46153846153846156,-0.11613144917081457,0.41666666666666663,0.6995355178761444,PCA + Linear-SVM,unconscious,unconscious,False,Image,False,6,5,8,6
409,sub-04,lh-fusiform,0.6190476190476191,0.14951420452417674,0.5,0.6763216958027902,PCA + Linear-SVM,unconscious,unconscious,False,Image,False,7,4,3,5
410,sub-04,lh-fusiform,0.45833333333333337,-0.1,0.4000000000000001,0.6910681104235521,PCA + Linear-SVM,unconscious,unconscious,False,Image,False,6,4,6,6
411,sub-04,lh-fusiform,0.7083333333333334,0.16116459280507606,0.4615384615384615,0.6723510614671491,PCA + Linear-SVM,unconscious,unconscious,False,Image,False,8,3,3,4
412,sub-04,lh-fusiform,0.6212121212121213,0.302407368379503,0.6,0.686745395972164,PCA + Linear-SVM,unconscious,unconscious,False,Image,False,9,6,5,3
413,sub-04,lh-fusiform,0.375,-0.21821789023599236,0.18181818181818182,0.672434317878948,PCA + Linear-SVM,unconscious,unconscious,False,Image,False,6,1,3,6
414,sub-04,lh-fusiform,0.5378787878787878,0.21374668579336073,0.5714285714285713,0.6919155073879389,PCA + Linear-SVM,unconscious,unconscious,False,Image,False,8,6,5,4
415,sub-04,lh-fusiform,0.5208333333333334,-0.12309149097933272,0.35294117647058826,0.683459922369949,PCA + Linear-SVM,unconscious,unconscious,False,Image,False,6,3,5,6
416,sub-04,lh-fusiform,0.4444444444444444,-0.2357022603955158,0.26666666666666666,0.6783129233465303,PCA + Linear-SVM,unconscious,unconscious,False,Image,False,5,2,4,7
417,sub-04,lh-fusiform,0.712962962962963,0.2222222222222222,0.5555555555555556,0.6788993883340048,PCA + Linear-SVM,unconscious,unconscious,False,Image,False,8,5,4,4
418,sub-04,lh-fusiform,0.5166666666666667,-0.015430334996209192,0.3333333333333333,0.6756192994683052,PCA + Linear-SVM,unconscious,unconscious,False,Image,False,7,2,3,5
419,sub-04,lh-fusiform,0.4642857142857143,-0.20935894733965593,0.26666666666666666,0.6828550346652625,PCA + Linear-SVM,unconscious,unconscious,False,Image,False,6,2,5,6
420,sub-04,lh-fusiform,0.5384615384615384,0.038461538461538464,0.5384615384615384,0.6977405125354634,PCA + Linear-SVM,unconscious,unconscious,False,Image,False,6,7,6,6
421,sub-04,lh-fusiform,0.6833333333333333,0.06356417261637282,0.3636363636363636,0.6684732959868026,PCA + Linear-SVM,unconscious,unconscious,False,Image,False,8,2,3,4
422,sub-04,lh-fusiform,0.5666666666666667,0.06356417261637282,0.3636363636363636,0.6737078957811267,PCA + Linear-SVM,unconscious,unconscious,False,Image,False,8,2,3,4
423,sub-04,lh-fusiform,0.5277777777777778,-0.2004459314343183,0.18181818181818182,0.6659675982682475,PCA + Linear-SVM,unconscious,unconscious,False,Image,False,5,1,2,7
424,sub-04,lh-fusiform,0.525,0.16878989451394444,0.5263157894736842,0.6901804788597559,PCA + Linear-SVM,unconscious,unconscious,False,Image,False,8,5,5,4
425,sub-04,lh-fusiform,0.5277777777777777,0.16116459280507606,0.4615384615384615,0.6762746467434194,PCA + Linear-SVM,unconscious,unconscious,False,Image,False,8,3,3,4
426,sub-04,lh-fusiform,0.5694444444444444,-0.07905694150420949,0.37499999999999994,0.6760833019842152,PCA + Linear-SVM,unconscious,unconscious,False,Image,False,5,3,3,7
427,sub-04,lh-fusiform,0.59375,0.16666666666666666,0.5,0.6814215329806566,PCA + Linear-SVM,unconscious,unconscious,False,Image,False,8,4,4,4
428,sub-04,lh-fusiform,0.5833333333333334,0.2222222222222222,0.5555555555555556,0.685676342627063,PCA + Linear-SVM,unconscious,unconscious,False,Image,False,8,5,4,4
429,sub-04,lh-fusiform,0.4027777777777778,-0.3223291856101521,0.15384615384615383,0.6809799325705953,PCA + Linear-SVM,unconscious,unconscious,False,Image,False,6,1,5,6
430,sub-04,lh-fusiform,0.71875,0.5790660241435861,0.7142857142857143,0.6768472516699167,PCA + Linear-SVM,unconscious,unconscious,False,Image,False,11,5,3,1
431,sub-04,lh-fusiform,0.5,-0.06900655593423542,0.375,0.6799110589407082,PCA + Linear-SVM,unconscious,unconscious,False,Image,False,6,3,4,6
432,sub-04,lh-fusiform,0.45833333333333337,-0.2581988897471611,0.0,0.6626834187908235,PCA + Linear-SVM,unconscious,unconscious,False,Image,False,8,0,2,4
433,sub-04,lh-fusiform,0.52,-0.18898223650461363,0.3076923076923077,0.6764574212622639,PCA + Linear-SVM,unconscious,unconscious,False,Image,False,4,2,3,6
434,sub-04,lh-fusiform,0.5375,-0.125,0.375,0.6883626324423839,PCA + Linear-SVM,unconscious,unconscious,False,Image,False,5,3,5,5
435,sub-04,lh-fusiform,0.29166666666666663,-0.3651483716701107,0.34782608695652173,0.7201916182371952,PCA + Linear-SVM,unconscious,unconscious,False,Image,False,3,4,8,7
436,sub-04,lh-fusiform,0.52,0.21320071635561041,0.4444444444444445,0.6793009318150722,PCA + Linear-SVM,unconscious,unconscious,False,Image,False,8,2,3,2
437,sub-04,lh-fusiform,0.475,0.016878989451394443,0.4761904761904762,0.6993078096056805,PCA + Linear-SVM,unconscious,unconscious,False,Image,False,6,5,7,4
438,sub-04,lh-fusiform,0.46,-0.09449111825230681,0.3333333333333333,0.6799381168282755,PCA + Linear-SVM,unconscious,unconscious,False,Image,False,5,2,3,5
439,sub-04,lh-fusiform,0.4285714285714286,-0.3098898934004561,0.26666666666666666,0.68676194387358,PCA + Linear-SVM,unconscious,unconscious,False,Image,False,4,2,5,6
440,sub-04,lh-fusiform,0.29999999999999993,-0.31754264805429416,0.18181818181818182,0.6811504496617119,PCA + Linear-SVM,unconscious,unconscious,False,Image,False,3,1,2,7
441,sub-04,lh-fusiform,0.28571428571428575,-0.1690308509457033,0.375,0.6942529735046454,PCA + Linear-SVM,unconscious,unconscious,False,Image,False,4,3,4,6
442,sub-04,lh-fusiform,0.5142857142857142,-0.07042952122737638,0.39999999999999997,0.6841526238464456,PCA + Linear-SVM,unconscious,unconscious,False,Image,False,5,3,4,5
443,sub-04,lh-fusiform,0.5555555555555556,0.14951420452417674,0.5,0.690816022159252,PCA + Linear-SVM,unconscious,unconscious,False,Image,False,7,4,5,3
444,sub-04,lh-fusiform,0.58,0.13074409009212268,0.5925925925925926,0.7050436413497984,PCA + Linear-SVM,unconscious,unconscious,False,Image,False,6,8,7,4
445,sub-04,lh-fusiform,0.35,-0.26666666666666666,0.3636363636363636,0.7097857816221591,PCA + Linear-SVM,unconscious,unconscious,False,Image,False,4,4,8,6
446,sub-04,lh-fusiform,0.425,-0.31622776601683794,0.18181818181818182,0.6758576623293611,PCA + Linear-SVM,unconscious,unconscious,False,Image,False,4,1,3,6
447,sub-04,lh-fusiform,0.42,-0.09449111825230681,0.3333333333333333,0.6840327389145389,PCA + Linear-SVM,unconscious,unconscious,False,Image,False,5,2,3,5
448,sub-04,lh-fusiform,0.6181818181818182,0.14545454545454545,0.5714285714285713,0.69291567660285,PCA + Linear-SVM,unconscious,unconscious,False,Image,False,6,6,5,4
449,sub-04,lh-fusiform,0.8400000000000001,0.4,0.6,0.6695997257568855,PCA + Linear-SVM,unconscious,unconscious,False,Image,False,8,3,2,2
450,sub-04,lh-fusiform,0.4384615384615385,-0.11538461538461539,0.4347826086956522,0.7050582208349678,PCA + Linear-SVM,unconscious,unconscious,False,Image,False,5,5,8,5
451,sub-04,lh-fusiform,0.5363636363636364,-0.045454545454545456,0.47619047619047616,0.6931726846521249,PCA + Linear-SVM,unconscious,unconscious,False,Image,False,5,5,6,5
452,sub-04,lh-fusiform,0.44999999999999996,-0.06666666666666667,0.3333333333333333,0.6830482492482057,PCA + Linear-SVM,unconscious,unconscious,False,Image,False,6,2,4,4
453,sub-04,lh-fusiform,0.2,-0.4472135954999579,0.0,0.6681231919248538,PCA + Linear-SVM,unconscious,unconscious,False,Image,False,4,0,2,6
454,sub-04,lh-fusiform,0.5,-0.06666666666666667,0.3333333333333333,0.6808892978436247,PCA + Linear-SVM,unconscious,unconscious,False,Image,False,6,2,4,4
455,sub-04,lh-fusiform,0.22499999999999998,-0.6324555320336759,0.0,0.6803890290267548,PCA + Linear-SVM,unconscious,unconscious,False,Image,False,3,0,4,7
456,sub-04,lh-fusiform,0.4076923076923077,-0.11538461538461539,0.4347826086956522,0.7083958958394583,PCA + Linear-SVM,unconscious,unconscious,False,Image,False,5,5,8,5
457,sub-04,lh-fusiform,0.42857142857142855,-0.07042952122737638,0.39999999999999997,0.6872528305041431,PCA + Linear-SVM,unconscious,unconscious,False,Image,False,5,3,4,5
458,sub-04,lh-fusiform,0.42000000000000004,-0.10482848367219183,0.3529411764705882,0.6960683677495424,PCA + Linear-SVM,unconscious,unconscious,False,Image,False,6,3,7,4
459,sub-04,lh-fusiform,0.8333333333333333,0.4666666666666667,0.6666666666666666,0.6680423326730063,PCA + Linear-SVM,unconscious,unconscious,False,Image,False,8,4,2,2
460,sub-04,lh-fusiform,0.5454545454545455,-0.045454545454545456,0.47619047619047616,0.6941716003537091,PCA + Linear-SVM,unconscious,unconscious,False,Image,False,5,5,6,5
461,sub-04,lh-fusiform,0.6249999999999999,0.18856180831641267,0.4444444444444445,0.6736849005604196,PCA + Linear-SVM,unconscious,unconscious,False,Image,False,7,2,2,3
462,sub-04,lh-fusiform,0.3181818181818182,-0.13762047064079508,0.39999999999999997,0.7105712356377982,PCA + Linear-SVM,unconscious,unconscious,False,Image,False,5,4,7,5
463,sub-04,lh-fusiform,0.525,0.0,0.47058823529411764,0.687622731394488,PCA + Linear-SVM,unconscious,unconscious,False,Image,False,5,4,4,5
464,sub-04,lh-fusiform,0.3166666666666666,-0.3578300267477955,0.26666666666666666,0.6918691592960655,PCA + Linear-SVM,unconscious,unconscious,False,Image,False,3,2,4,7
465,sub-04,lh-fusiform,0.7555555555555555,0.47193990372426947,0.7058823529411765,0.6815956025028218,PCA + Linear-SVM,unconscious,unconscious,False,Image,False,8,6,3,2
466,sub-04,lh-fusiform,0.48000000000000004,-0.09449111825230681,0.3333333333333333,0.6811772699027764,PCA + Linear-SVM,unconscious,unconscious,False,Image,False,5,2,3,5
467,sub-04,lh-fusiform,0.3571428571428571,-0.3098898934004561,0.26666666666666666,0.694875225515577,PCA + Linear-SVM,unconscious,unconscious,False,Image,False,4,2,5,6
468,sub-04,lh-fusiform,0.4153846153846154,-0.11538461538461539,0.4347826086956522,0.7117368552126224,PCA + Linear-SVM,unconscious,unconscious,False,Image,False,5,5,8,5
469,sub-04,lh-fusiform,0.64,0.1,0.4000000000000001,0.6748011669752257,PCA + Linear-SVM,unconscious,unconscious,False,Image,False,7,2,3,3
470,sub-04,lh-fusiform,0.5,0.0,0.3636363636363636,0.6797961329152776,PCA + Linear-SVM,unconscious,unconscious,False,Image,False,6,2,3,4
471,sub-04,lh-fusiform,0.4666666666666666,-0.31754264805429416,0.18181818181818182,0.6696098108236246,PCA + Linear-SVM,unconscious,unconscious,False,Image,False,3,1,2,7
472,sub-04,lh-fusiform,0.54,0.0,0.4444444444444445,0.6931841112625449,PCA + Linear-SVM,unconscious,unconscious,False,Image,False,6,4,6,4
473,sub-04,lh-fusiform,0.4166666666666667,0.034815531191139566,0.3636363636363636,0.6893703452062157,PCA + Linear-SVM,unconscious,unconscious,False,Image,False,7,2,4,3
474,sub-04,lh-fusiform,0.5333333333333333,-0.2,0.37499999999999994,0.6824663014844614,PCA + Linear-SVM,unconscious,unconscious,False,Image,False,3,3,3,7
475,sub-04,lh-fusiform,0.575,0.1,0.5,0.6875277464518673,PCA + Linear-SVM,unconscious,unconscious,False,Image,False,6,4,4,4
476,sub-04,lh-fusiform,0.6666666666666666,0.15555555555555556,0.5555555555555556,0.6870667594950878,PCA + Linear-SVM,unconscious,unconscious,False,Image,False,6,5,4,4
477,sub-04,lh-fusiform,0.35,-0.06666666666666667,0.3333333333333333,0.6855633662660305,PCA + Linear-SVM,unconscious,unconscious,False,Image,False,6,2,4,4
478,sub-04,lh-fusiform,0.75,0.6933752452815364,0.7692307692307693,0.6807685523389726,PCA + Linear-SVM,unconscious,unconscious,False,Image,False,10,5,3,0
479,sub-04,lh-fusiform,0.4142857142857143,-0.3098898934004561,0.26666666666666666,0.6876504602584688,PCA + Linear-SVM,unconscious,unconscious,False,Image,False,4,2,5,6
480,sub-04,lh-fusiform,0.25,-0.37796447300922725,0.0,0.6702370158082939,PCA + Linear-SVM,unconscious,unconscious,False,Image,False,5,0,2,5
481,sub-04,lh-fusiform,0.6333333333333333,0.06900655593423542,0.4444444444444445,0.680311512367746,PCA + Linear-SVM,unconscious,unconscious,False,Image,False,4,2,3,2
482,sub-04,lh-fusiform,0.4791666666666667,-0.125,0.42857142857142855,0.7079031242471897,PCA + Linear-SVM,unconscious,unconscious,False,Image,False,3,3,5,3
483,sub-04,lh-fusiform,0.4027777777777778,-0.07905694150420949,0.5,0.7377788963137387,PCA + Linear-SVM,unconscious,unconscious,False,Image,False,3,5,7,3
484,sub-04,lh-fusiform,0.43333333333333335,0.06900655593423542,0.4444444444444445,0.6948676145358754,PCA + Linear-SVM,unconscious,unconscious,False,Image,False,4,2,3,2
485,sub-04,lh-fusiform,0.4861111111111111,0.15811388300841897,0.6,0.7209264841930643,PCA + Linear-SVM,unconscious,unconscious,False,Image,False,4,6,6,2
486,sub-04,lh-fusiform,0.5333333333333334,0.06900655593423542,0.4444444444444445,0.691194142180724,PCA + Linear-SVM,unconscious,unconscious,False,Image,False,4,2,3,2
487,sub-04,lh-fusiform,0.4285714285714286,-0.07142857142857142,0.4615384615384615,0.7032368862626461,PCA + Linear-SVM,unconscious,unconscious,False,Image,False,3,3,4,3
488,sub-04,lh-fusiform,0.4444444444444445,0.0,0.3333333333333333,0.6907770542856534,PCA + Linear-SVM,unconscious,unconscious,False,Image,False,4,1,2,2
489,sub-04,lh-fusiform,0.47619047619047616,0.23809523809523808,0.6153846153846153,0.7068481808372342,PCA + Linear-SVM,unconscious,unconscious,False,Image,False,4,4,3,2
490,sub-04,lh-fusiform,0.5238095238095238,-0.07142857142857142,0.4615384615384615,0.697765345298089,PCA + Linear-SVM,unconscious,unconscious,False,Image,False,3,3,4,3
491,sub-04,lh-fusiform,0.6111111111111112,0.21821789023599236,0.6250000000000001,0.7010021634531889,PCA + Linear-SVM,unconscious,unconscious,False,Image,False,4,5,4,2
492,sub-04,lh-fusiform,0.5888888888888889,0.12171612389003691,0.5833333333333334,0.7160993733684583,PCA + Linear-SVM,unconscious,unconscious,False,Image,False,4,7,8,2
493,sub-04,lh-fusiform,0.4444444444444444,0.15811388300841897,0.6,0.7283371824488202,PCA + Linear-SVM,unconscious,unconscious,False,Image,False,4,6,6,2
494,sub-04,lh-fusiform,0.5416666666666667,0.16666666666666666,0.5,0.6851587522311828,PCA + Linear-SVM,unconscious,unconscious,False,Image,False,4,2,2,2
495,sub-04,lh-fusiform,0.4,-0.1,0.4000000000000001,0.6955908899740408,PCA + Linear-SVM,unconscious,unconscious,False,Image,False,3,2,3,3
496,sub-04,lh-fusiform,0.5454545454545454,0.2030905986149808,0.631578947368421,0.7064849363733526,PCA + Linear-SVM,unconscious,unconscious,False,Image,False,4,6,5,2
497,sub-04,lh-fusiform,0.9000000000000001,0.4485426135725303,0.6666666666666665,0.6662426137525121,PCA + Linear-SVM,unconscious,unconscious,False,Image,False,5,3,2,1
498,sub-04,lh-fusiform,0.358974358974359,-0.1086310236566852,0.4761904761904762,0.7358601621214356,PCA + Linear-SVM,unconscious,unconscious,False,Image,False,3,5,8,3
499,sub-04,lh-fusiform,0.6515151515151516,0.2030905986149808,0.631578947368421,0.700656273970548,PCA + Linear-SVM,unconscious,unconscious,False,Image,False,4,6,5,2
500,sub-04,lh-fusiform,0.3611111111111111,-0.1690308509457033,0.3636363636363636,0.7030281894341611,PCA + Linear-SVM,unconscious,unconscious,False,Image,False,3,2,4,3
501,sub-04,lh-fusiform,0.3333333333333333,-0.4472135954999579,0.0,0.6798195311072754,PCA + Linear-SVM,unconscious,unconscious,False,Image,False,3,0,2,3
502,sub-04,lh-fusiform,0.5555555555555556,0.1690308509457033,0.5454545454545454,0.6905785191659657,PCA + Linear-SVM,unconscious,unconscious,False,Image,False,4,3,3,2
503,sub-04,lh-fusiform,0.4166666666666667,-0.25,0.25,0.688711547014081,PCA + Linear-SVM,unconscious,unconscious,False,Image,False,3,1,3,3
504,sub-04,lh-fusiform,0.4102564102564103,0.03580574370197164,0.608695652173913,0.7270878451209605,PCA + Linear-SVM,unconscious,unconscious,False,Image,False,3,7,6,3
505,sub-04,lh-fusiform,0.47619047619047616,-0.07142857142857142,0.4615384615384615,0.7027159041143718,PCA + Linear-SVM,unconscious,unconscious,False,Image,False,3,3,4,3
506,sub-04,lh-fusiform,0.44999999999999996,-0.09759000729485331,0.47058823529411764,0.7136467589355965,PCA + Linear-SVM,unconscious,unconscious,False,Image,False,3,4,6,3
507,sub-04,lh-fusiform,0.7777777777777778,0.50709255283711,0.7272727272727272,0.6687786306996885,PCA + Linear-SVM,unconscious,unconscious,False,Image,False,5,4,2,1
508,sub-04,lh-fusiform,0.5303030303030303,0.2030905986149808,0.631578947368421,0.7090466863465716,PCA + Linear-SVM,unconscious,unconscious,False,Image,False,4,6,5,2
509,sub-04,lh-fusiform,0.5833333333333334,0.16666666666666666,0.5,0.6846564109167284,PCA + Linear-SVM,unconscious,unconscious,False,Image,False,4,2,2,2
510,sub-04,lh-fusiform,0.48484848484848486,0.11769797726729993,0.5555555555555556,0.7158339736951189,PCA + Linear-SVM,unconscious,unconscious,False,Image,False,4,5,6,2
511,sub-04,lh-fusiform,0.5416666666666666,0.16666666666666666,0.5714285714285715,0.703074295202945,PCA + Linear-SVM,unconscious,unconscious,False,Image,False,4,4,4,2
512,sub-04,lh-fusiform,0.36111111111111105,-0.1690308509457033,0.3636363636363636,0.7047951231778864,PCA + Linear-SVM,unconscious,unconscious,False,Image,False,3,2,4,3
513,sub-04,lh-fusiform,0.7407407407407407,0.4444444444444444,0.7777777777777778,0.6841429060639057,PCA + Linear-SVM,unconscious,unconscious,False,Image,False,4,7,2,2
514,sub-04,lh-fusiform,0.49999999999999994,0.06900655593423542,0.4444444444444445,0.695754242676069,PCA + Linear-SVM,unconscious,unconscious,False,Image,False,4,2,3,2
515,sub-04,lh-fusiform,0.3571428571428572,-0.21957751641341997,0.3333333333333333,0.7119165440090083,PCA + Linear-SVM,unconscious,unconscious,False,Image,False,3,2,5,3
516,sub-04,lh-fusiform,0.4615384615384615,0.19096396641051544,0.6363636363636364,0.736175214999776,PCA + Linear-SVM,unconscious,unconscious,False,Image,False,4,7,6,2
517,sub-04,lh-fusiform,0.7,0.26666666666666666,0.6,0.678631589552717,PCA + Linear-SVM,unconscious,unconscious,False,Image,False,4,3,2,2
518,sub-04,lh-fusiform,0.5666666666666667,0.06900655593423542,0.4444444444444445,0.6867656102991164,PCA + Linear-SVM,unconscious,unconscious,False,Image,False,4,2,3,2
519,sub-04,lh-fusiform,0.5,-0.15811388300841897,0.28571428571428575,0.6778930603691591,PCA + Linear-SVM,unconscious,unconscious,False,Image,False,3,1,2,3
520,sub-04,lh-fusiform,0.5666666666666667,0.16265001215808886,0.588235294117647,0.7066444939553562,PCA + Linear-SVM,unconscious,unconscious,False,Image,False,4,5,5,2
521,sub-04,lh-fusiform,0.4444444444444445,0.1690308509457033,0.5454545454545454,0.7045388210244785,PCA + Linear-SVM,unconscious,unconscious,False,Image,False,4,3,3,2
522,sub-04,lh-fusiform,0.5833333333333333,0.1690308509457033,0.5454545454545454,0.6894041752056226,PCA + Linear-SVM,unconscious,unconscious,False,Image,False,4,3,3,2
523,sub-04,lh-fusiform,0.5625,0.16666666666666666,0.5714285714285715,0.6995383458132988,PCA + Linear-SVM,unconscious,unconscious,False,Image,False,4,4,4,2
524,sub-04,lh-fusiform,0.6666666666666667,0.32732683535398854,0.7058823529411765,0.6998005059742202,PCA + Linear-SVM,unconscious,unconscious,False,Image,False,4,6,3,2
525,sub-04,lh-fusiform,0.36111111111111116,-0.1690308509457033,0.3636363636363636,0.7026112692017907,PCA + Linear-SVM,unconscious,unconscious,False,Image,False,3,2,4,3
526,sub-04,lh-fusiform,0.6666666666666666,0.4583333333333333,0.7142857142857143,0.6892641767409933,PCA + Linear-SVM,unconscious,unconscious,False,Image,False,5,5,3,1
527,sub-04,lh-fusiform,0.4761904761904762,0.07142857142857142,0.5714285714285714,0.704575729980331,PCA + Linear-SVM,unconscious,unconscious,False,Image,False,3,4,3,3
528,sub-04,lh-fusiform,0.3333333333333333,-0.4472135954999579,0.0,0.6775974246757853,PCA + Linear-SVM,unconscious,unconscious,False,Image,False,3,0,2,3
529,sub-04,lh-fusiform,0.55,0.025,0.4000000000000001,0.6835459372022702,PCA + Linear-SVM,unconscious,unconscious,False,Image,False,5,2,3,3
530,sub-04,lh-fusiform,0.40625,-0.1259881576697424,0.39999999999999997,0.7122123683965611,PCA + Linear-SVM,unconscious,unconscious,False,Image,False,4,3,5,4
531,sub-04,lh-fusiform,0.3541666666666667,-0.28721347895177635,0.380952380952381,0.733490952028691,PCA + Linear-SVM,unconscious,unconscious,False,Image,False,3,4,8,5
532,sub-04,lh-fusiform,0.525,0.025,0.4000000000000001,0.689741333697007,PCA + Linear-SVM,unconscious,unconscious,False,Image,False,5,2,3,3
533,sub-04,lh-fusiform,0.5104166666666667,0.041666666666666664,0.5,0.7092326477116779,PCA + Linear-SVM,unconscious,unconscious,False,Image,False,5,5,7,3
534,sub-04,lh-fusiform,0.525,0.025,0.4000000000000001,0.686361820578237,PCA + Linear-SVM,unconscious,unconscious,False,Image,False,5,2,3,3
535,sub-04,lh-fusiform,0.4464285714285714,-0.21821789023599236,0.30769230769230765,0.6989443397881453,PCA + Linear-SVM,unconscious,unconscious,False,Image,False,4,2,5,4
536,sub-04,lh-fusiform,0.41666666666666663,-0.03857583749052298,0.28571428571428575,0.6899025903736237,PCA + Linear-SVM,unconscious,unconscious,False,Image,False,5,1,2,3
537,sub-04,lh-fusiform,0.5357142857142857,0.19642857142857142,0.5714285714285714,0.7002642019019915,PCA + Linear-SVM,unconscious,unconscious,False,Image,False,5,4,3,3
538,sub-04,lh-fusiform,0.5714285714285714,0.05455447255899809,0.4615384615384615,0.6902830884635944,PCA + Linear-SVM,unconscious,unconscious,False,Image,False,5,3,4,3
539,sub-04,lh-fusiform,0.5555555555555556,0.18055555555555555,0.5882352941176471,0.6988440882269927,PCA + Linear-SVM,unconscious,unconscious,False,Image,False,5,5,4,3
540,sub-04,lh-fusiform,0.5416666666666666,0.08807048459279793,0.56,0.7115189282424502,PCA + Linear-SVM,unconscious,unconscious,False,Image,False,5,7,8,3
541,sub-04,lh-fusiform,0.4583333333333333,0.041666666666666664,0.5,0.7212169123158604,PCA + Linear-SVM,unconscious,unconscious,False,Image,False,5,5,7,3
542,sub-04,lh-fusiform,0.59375,0.11952286093343936,0.4444444444444445,0.6800778216440415,PCA + Linear-SVM,unconscious,unconscious,False,Image,False,5,2,2,3
543,sub-04,lh-fusiform,0.425,-0.09759000729485333,0.3636363636363636,0.6942756199724938,PCA + Linear-SVM,unconscious,unconscious,False,Image,False,4,2,3,4
544,sub-04,lh-fusiform,0.6022727272727273,0.1685499656158105,0.6,0.698576226615749,PCA + Linear-SVM,unconscious,unconscious,False,Image,False,5,6,5,3
545,sub-04,lh-fusiform,0.775,0.35,0.6,0.6679377819476776,PCA + Linear-SVM,unconscious,unconscious,False,Image,False,6,3,2,2
546,sub-04,lh-fusiform,0.5,0.08492077756084468,0.5454545454545455,0.715787680726077,PCA + Linear-SVM,unconscious,unconscious,False,Image,False,5,6,7,3
547,sub-04,lh-fusiform,0.5795454545454546,0.07954545454545454,0.5263157894736842,0.6979762129850928,PCA + Linear-SVM,unconscious,unconscious,False,Image,False,5,5,6,3
548,sub-04,lh-fusiform,0.5208333333333333,0.125,0.5,0.6922362035626165,PCA + Linear-SVM,unconscious,unconscious,False,Image,False,5,3,3,3
549,sub-04,lh-fusiform,0.4375,-0.3273268353539886,0.0,0.6747919632878365,PCA + Linear-SVM,unconscious,unconscious,False,Image,False,5,0,2,3
550,sub-04,lh-fusiform,0.625,0.25819888974716115,0.5454545454545454,0.6815403689712313,PCA + Linear-SVM,unconscious,unconscious,False,Image,False,6,3,3,2
551,sub-04,lh-fusiform,0.53125,-0.125,0.25,0.6811477427644891,PCA + Linear-SVM,unconscious,unconscious,False,Image,False,5,1,3,3
552,sub-04,lh-fusiform,0.46153846153846156,-0.03739787960033829,0.5217391304347826,0.7179879439402759,PCA + Linear-SVM,unconscious,unconscious,False,Image,False,4,6,7,4
553,sub-04,lh-fusiform,0.5178571428571428,0.05455447255899809,0.4615384615384615,0.696480893409096,PCA + Linear-SVM,unconscious,unconscious,False,Image,False,5,3,4,3
554,sub-04,lh-fusiform,0.475,-0.1,0.4444444444444445,0.7062259795481132,PCA + Linear-SVM,unconscious,unconscious,False,Image,False,4,4,6,4
555,sub-04,lh-fusiform,0.75,0.4166666666666667,0.6666666666666666,0.6685443754296324,PCA + Linear-SVM,unconscious,unconscious,False,Image,False,6,4,2,2
556,sub-04,lh-fusiform,0.5909090909090908,0.1685499656158105,0.6,0.7001726884782578,PCA + Linear-SVM,unconscious,unconscious,False,Image,False,5,6,5,3
557,sub-04,lh-fusiform,0.5625,0.25,0.5,0.6808119777995371,PCA + Linear-SVM,unconscious,unconscious,False,Image,False,6,2,2,2
558,sub-04,lh-fusiform,0.44318181818181823,-0.044946657497549475,0.5,0.714965563527806,PCA + Linear-SVM,unconscious,unconscious,False,Image,False,4,5,6,4
559,sub-04,lh-fusiform,0.46875,0.1259881576697424,0.5333333333333333,0.6994335977775877,PCA + Linear-SVM,unconscious,unconscious,False,Image,False,5,4,4,3
560,sub-04,lh-fusiform,0.4375,-0.16666666666666666,0.3333333333333333,0.700734467734984,PCA + Linear-SVM,unconscious,unconscious,False,Image,False,4,2,4,4
561,sub-04,lh-fusiform,0.6944444444444444,0.3098898934004561,0.6250000000000001,0.6842611849207675,PCA + Linear-SVM,unconscious,unconscious,False,Image,False,6,5,4,2
562,sub-04,lh-fusiform,0.475,0.025,0.4000000000000001,0.6924052764469971,PCA + Linear-SVM,unconscious,unconscious,False,Image,False,5,2,3,3
563,sub-04,lh-fusiform,0.39285714285714285,-0.21821789023599236,0.30769230769230765,0.7162403092455728,PCA + Linear-SVM,unconscious,unconscious,False,Image,False,4,2,5,4
564,sub-04,lh-fusiform,0.4326923076923077,0.08492077756084468,0.5454545454545455,0.7274586394218804,PCA + Linear-SVM,unconscious,unconscious,False,Image,False,5,6,7,3
565,sub-04,lh-fusiform,0.6749999999999999,0.35,0.6,0.6751083526906556,PCA + Linear-SVM,unconscious,unconscious,False,Image,False,6,3,2,2
566,sub-04,lh-fusiform,0.5,0.025,0.4000000000000001,0.6832901286955944,PCA + Linear-SVM,unconscious,unconscious,False,Image,False,5,2,3,3
567,sub-04,lh-fusiform,0.5833333333333333,-0.14907119849998599,0.25,0.6718785869203733,PCA + Linear-SVM,unconscious,unconscious,False,Image,False,4,1,2,4
568,sub-04,lh-fusiform,0.5625,0.025482359571881278,0.47058823529411764,0.6998665394362613,PCA + Linear-SVM,unconscious,unconscious,False,Image,False,5,4,6,3
569,sub-04,lh-fusiform,0.375,-0.04303314829119352,0.3636363636363636,0.7037101571544164,PCA + Linear-SVM,unconscious,unconscious,False,Image,False,5,2,4,3
570,sub-04,lh-fusiform,0.5625,0.125,0.5,0.6815235656902736,PCA + Linear-SVM,unconscious,unconscious,False,Image,False,5,3,3,3
571,sub-04,lh-fusiform,0.484375,0.0,0.42857142857142855,0.7025684418443479,PCA + Linear-SVM,unconscious,unconscious,False,Image,False,5,3,5,3
572,sub-04,lh-fusiform,0.5833333333333334,0.2916666666666667,0.6666666666666666,0.6939381836017818,PCA + Linear-SVM,unconscious,unconscious,False,Image,False,5,6,3,3
573,sub-04,lh-fusiform,0.3958333333333333,-0.16666666666666666,0.3333333333333333,0.695918677398662,PCA + Linear-SVM,unconscious,unconscious,False,Image,False,4,2,4,4
574,sub-04,lh-fusiform,0.625,0.3779644730092272,0.6666666666666666,0.6855284966277454,PCA + Linear-SVM,unconscious,unconscious,False,Image,False,6,5,3,2
575,sub-04,lh-fusiform,0.4642857142857143,0.05455447255899809,0.4615384615384615,0.699287896088744,PCA + Linear-SVM,unconscious,unconscious,False,Image,False,5,3,4,3
576,sub-04,lh-fusiform,0.375,-0.4082482904638631,0.0,0.6759036855970298,PCA + Linear-SVM,unconscious,unconscious,False,Image,False,4,0,2,4
577,sub-04,lh-fusiform,0.45333333333333337,-0.29012942659282975,0.14285714285714285,0.6809150229228609,PCA + Linear-SVM,unconscious,unconscious,False,Image,False,7,1,4,8
578,sub-04,lh-fusiform,0.38333333333333336,-0.2802242691589025,0.2857142857142857,0.6941978058955153,PCA + Linear-SVM,unconscious,unconscious,False,Image,False,5,3,5,10
579,sub-04,lh-fusiform,0.3388888888888889,-0.26519741765271837,0.32,0.7159625799988177,PCA + Linear-SVM,unconscious,unconscious,False,Image,False,6,4,8,9
580,sub-04,lh-fusiform,0.4266666666666667,-0.058025885318565944,0.2857142857142857,0.689189315253221,PCA + Linear-SVM,unconscious,unconscious,False,Image,False,8,2,3,7
581,sub-04,lh-fusiform,0.38888888888888895,-0.11602387022306429,0.4,0.6980168747767499,PCA + Linear-SVM,unconscious,unconscious,False,Image,False,7,5,7,8
582,sub-04,lh-fusiform,0.45333333333333337,-0.17407765595569785,0.25000000000000006,0.6832935612470321,PCA + Linear-SVM,unconscious,unconscious,False,Image,False,6,2,3,9
583,sub-04,lh-fusiform,0.4285714285714286,-0.2927700218845599,0.2222222222222222,0.6852027618599362,PCA + Linear-SVM,unconscious,unconscious,False,Image,False,6,2,5,9
584,sub-04,lh-fusiform,0.28888888888888886,-0.2,0.15384615384615383,0.6904232984181162,PCA + Linear-SVM,unconscious,unconscious,False,Image,False,6,1,2,9
585,sub-04,lh-fusiform,0.26666666666666666,-0.2927700218845599,0.2222222222222222,0.7010788336823163,PCA + Linear-SVM,unconscious,unconscious,False,Image,False,6,2,5,9
586,sub-04,lh-fusiform,0.5047619047619047,-0.23162640965743445,0.23529411764705882,0.680894194295043,PCA + Linear-SVM,unconscious,unconscious,False,Image,False,7,2,5,8
587,sub-04,lh-fusiform,0.5111111111111111,-0.021591675854376522,0.39999999999999997,0.6876470151664246,PCA + Linear-SVM,unconscious,unconscious,False,Image,False,8,4,5,7
588,sub-04,lh-fusiform,0.4666666666666667,-0.06666666666666667,0.4666666666666667,0.694792416538355,PCA + Linear-SVM,unconscious,unconscious,False,Image,False,7,7,8,8
589,sub-04,lh-fusiform,0.34444444444444444,-0.26519741765271837,0.32,0.7106457507411891,PCA + Linear-SVM,unconscious,unconscious,False,Image,False,6,4,8,9
590,sub-04,lh-fusiform,0.4666666666666667,-0.23134069792952236,0.15384615384615383,0.6788373054268773,PCA + Linear-SVM,unconscious,unconscious,False,Image,False,7,1,3,8
591,sub-04,lh-fusiform,0.4,-0.17407765595569785,0.25000000000000006,0.6904938338325197,PCA + Linear-SVM,unconscious,unconscious,False,Image,False,6,2,3,9
592,sub-04,lh-fusiform,0.5575757575757576,-0.0778498944161523,0.41666666666666663,0.6828975347461973,PCA + Linear-SVM,unconscious,unconscious,False,Image,False,7,5,6,8
593,sub-04,lh-fusiform,0.8400000000000001,0.4666666666666667,0.6,0.6672290739955156,PCA + Linear-SVM,unconscious,unconscious,False,Image,False,13,3,2,2
594,sub-04,lh-fusiform,0.3948717948717949,-0.2923076923076923,0.3076923076923077,0.7044728758446717,PCA + Linear-SVM,unconscious,unconscious,False,Image,False,6,4,9,9
595,sub-04,lh-fusiform,0.48484848484848486,-0.16817499303650435,0.34782608695652173,0.6885175912393606,PCA + Linear-SVM,unconscious,unconscious,False,Image,False,7,4,7,8
596,sub-04,lh-fusiform,0.5111111111111111,-0.18090680674665818,0.25,0.6780184749475067,PCA + Linear-SVM,unconscious,unconscious,False,Image,False,7,2,4,8
597,sub-04,lh-fusiform,0.3,-0.3872983346207417,0.0,0.6831252612298786,PCA + Linear-SVM,unconscious,unconscious,False,Image,False,6,0,2,9
598,sub-04,lh-fusiform,0.5111111111111111,-0.18090680674665818,0.25,0.6808832716538942,PCA + Linear-SVM,unconscious,unconscious,False,Image,False,7,2,4,8
599,sub-04,lh-fusiform,0.4166666666666667,-0.2857738033247041,0.14285714285714288,0.6794310950318432,PCA + Linear-SVM,unconscious,unconscious,False,Image,False,6,1,3,9
600,sub-04,lh-fusiform,0.36923076923076925,-0.21483446221182986,0.3703703703703704,0.7015875212649572,PCA + Linear-SVM,unconscious,unconscious,False,Image,False,6,5,8,9
601,sub-04,lh-fusiform,0.3904761904761904,-0.23162640965743445,0.23529411764705882,0.6875720709511092,PCA + Linear-SVM,unconscious,unconscious,False,Image,False,7,2,5,8
602,sub-04,lh-fusiform,0.38,-0.29417420270727607,0.2727272727272727,0.6937337823533418,PCA + Linear-SVM,unconscious,unconscious,False,Image,False,6,3,7,9
603,sub-04,lh-fusiform,0.7333333333333334,0.15504341823651058,0.42857142857142855,0.6655285036532496,PCA + Linear-SVM,unconscious,unconscious,False,Image,False,10,3,3,5
604,sub-04,lh-fusiform,0.5393939393939393,0.05454545454545454,0.45454545454545453,0.6897325749038742,PCA + Linear-SVM,unconscious,unconscious,False,Image,False,9,5,6,6
605,sub-04,lh-fusiform,0.45,-0.027216552697590865,0.28571428571428575,0.6827172621580132,PCA + Linear-SVM,unconscious,unconscious,False,Image,False,7,2,2,8
606,sub-04,lh-fusiform,0.4,-0.16817499303650435,0.34782608695652173,0.697581508741965,PCA + Linear-SVM,unconscious,unconscious,False,Image,False,7,4,7,8
607,sub-04,lh-fusiform,0.43333333333333335,-0.15096490996388545,0.3157894736842105,0.6893551596362123,PCA + Linear-SVM,unconscious,unconscious,False,Image,False,7,3,5,8
608,sub-04,lh-fusiform,0.34444444444444444,-0.2412090756622109,0.23529411764705885,0.6966500365984212,PCA + Linear-SVM,unconscious,unconscious,False,Image,False,6,2,4,9
609,sub-04,lh-fusiform,0.6222222222222222,-0.021591675854376522,0.39999999999999997,0.6769782452658006,PCA + Linear-SVM,unconscious,unconscious,False,Image,False,8,4,5,7
610,sub-04,lh-fusiform,0.4533333333333333,-0.23570226039551584,0.23529411764705882,0.6867820375141596,PCA + Linear-SVM,unconscious,unconscious,False,Image,False,5,2,3,10
611,sub-04,lh-fusiform,0.2761904761904762,-0.3563483225498992,0.2105263157894737,0.7032789082150511,PCA + Linear-SVM,unconscious,unconscious,False,Image,False,5,2,5,10
612,sub-04,lh-fusiform,0.3076923076923077,-0.2923076923076923,0.3076923076923077,0.7201674046978119,PCA + Linear-SVM,unconscious,unconscious,False,Image,False,6,4,9,9
613,sub-04,lh-fusiform,0.46666666666666673,-0.29012942659282975,0.14285714285714285,0.6776019921131626,PCA + Linear-SVM,unconscious,unconscious,False,Image,False,7,1,4,8
614,sub-04,lh-fusiform,0.44,-0.058025885318565944,0.2857142857142857,0.6800648714285471,PCA + Linear-SVM,unconscious,unconscious,False,Image,False,8,2,3,7
615,sub-04,lh-fusiform,0.4888888888888889,-0.2,0.15384615384615383,0.67877553932275,PCA + Linear-SVM,unconscious,unconscious,False,Image,False,6,1,2,9
616,sub-04,lh-fusiform,0.45333333333333337,-0.19611613513818404,0.34782608695652173,0.6875844484949413,PCA + Linear-SVM,unconscious,unconscious,False,Image,False,6,4,6,9
617,sub-04,lh-fusiform,0.30000000000000004,-0.2412090756622109,0.23529411764705885,0.6950450965365131,PCA + Linear-SVM,unconscious,unconscious,False,Image,False,6,2,4,9
618,sub-04,lh-fusiform,0.4888888888888889,-0.12171612389003691,0.26666666666666666,0.683833752226483,PCA + Linear-SVM,unconscious,unconscious,False,Image,False,8,2,4,7
619,sub-04,lh-fusiform,0.43333333333333335,-0.21452908258025827,0.3,0.6905726638375603,PCA + Linear-SVM,unconscious,unconscious,False,Image,False,6,3,5,9
620,sub-04,lh-fusiform,0.5333333333333333,0.08606629658238706,0.4761904761904762,0.6830422469580375,PCA + Linear-SVM,unconscious,unconscious,False,Image,False,8,5,4,7
621,sub-04,lh-fusiform,0.37777777777777777,-0.2412090756622109,0.23529411764705885,0.6871844270592901,PCA + Linear-SVM,unconscious,unconscious,False,Image,False,6,2,4,9
622,sub-04,lh-fusiform,0.6083333333333334,0.2802242691589025,0.5555555555555556,0.6813045770942625,PCA + Linear-SVM,unconscious,unconscious,False,Image,False,10,5,3,5
623,sub-04,lh-fusiform,0.3047619047619048,-0.2255549841503195,0.3,0.6941092339691254,PCA + Linear-SVM,unconscious,unconscious,False,Image,False,5,3,4,10
624,sub-04,lh-fusiform,0.26666666666666666,-0.4364357804719848,0.0,0.6826861831761153,PCA + Linear-SVM,unconscious,unconscious,False,Image,False,5,0,2,10
625,sub-04,lh-fusiform,0.44,-0.2,0.4000000000000001,0.6960635853375405,PCA + Linear-SVM,unconscious,unconscious,False,Image,False,2,2,3,3
626,sub-04,lh-fusiform,0.4,-0.21957751641341997,0.42857142857142855,0.7159987795554698,PCA + Linear-SVM,unconscious,unconscious,False,Image,False,2,3,5,3
627,sub-04,lh-fusiform,0.3333333333333333,-0.24688535993934707,0.4210526315789474,0.7466382973284996,PCA + Linear-SVM,unconscious,unconscious,False,Image,False,2,4,8,3
628,sub-04,lh-fusiform,0.48,0.2182178902359924,0.5,0.7023464284588,PCA + Linear-SVM,unconscious,unconscious,False,Image,False,4,2,3,1
629,sub-04,lh-fusiform,0.39999999999999997,-0.06356417261637282,0.4444444444444444,0.7259519744178001,PCA + Linear-SVM,unconscious,unconscious,False,Image,False,3,4,8,2
630,sub-04,lh-fusiform,0.36,-0.2,0.4000000000000001,0.7014674447421922,PCA + Linear-SVM,unconscious,unconscious,False,Image,False,2,2,3,3
631,sub-04,lh-fusiform,0.3142857142857142,-0.3142857142857143,0.3333333333333333,0.7113053728551632,PCA + Linear-SVM,unconscious,unconscious,False,Image,False,2,2,5,3
632,sub-04,lh-fusiform,0.4666666666666666,-0.06666666666666667,0.3333333333333333,0.6980573184499093,PCA + Linear-SVM,unconscious,unconscious,False,Image,False,3,1,2,2
633,sub-04,lh-fusiform,0.4571428571428571,0.02857142857142857,0.5,0.7177439072268311,PCA + Linear-SVM,unconscious,unconscious,False,Image,False,3,3,4,2
634,sub-04,lh-fusiform,0.2571428571428571,-0.47809144373375745,0.18181818181818182,0.7078416315602101,PCA + Linear-SVM,unconscious,unconscious,False,Image,False,2,1,6,3
635,sub-04,lh-fusiform,0.5111111111111111,0.14907119849998599,0.6250000000000001,0.7124342689125436,PCA + Linear-SVM,unconscious,unconscious,False,Image,False,3,5,4,2
636,sub-04,lh-fusiform,0.29333333333333333,-0.37796447300922725,0.28571428571428575,0.7302551674887209,PCA + Linear-SVM,unconscious,unconscious,False,Image,False,2,3,12,3
637,sub-04,lh-fusiform,0.41666666666666663,0.015430334996209192,0.5263157894736842,0.7338668600853472,PCA + Linear-SVM,unconscious,unconscious,False,Image,False,3,5,7,2
638,sub-04,lh-fusiform,0.5,0.05976143046671968,0.3333333333333333,0.6942480762282314,PCA + Linear-SVM,unconscious,unconscious,False,Image,False,4,1,3,1
639,sub-04,lh-fusiform,0.44,0.0,0.4444444444444445,0.7051406863661276,PCA + Linear-SVM,unconscious,unconscious,False,Image,False,3,2,3,2
640,sub-04,lh-fusiform,0.5272727272727272,0.13483997249264842,0.631578947368421,0.7161597212839718,PCA + Linear-SVM,unconscious,unconscious,False,Image,False,3,6,5,2
641,sub-04,lh-fusiform,0.68,0.408248290463863,0.6666666666666665,0.6875453613775713,PCA + Linear-SVM,unconscious,unconscious,False,Image,False,4,3,2,1
642,sub-04,lh-fusiform,0.46153846153846156,0.05547001962252291,0.5714285714285714,0.7296193811440643,PCA + Linear-SVM,unconscious,unconscious,False,Image,False,3,6,7,2
643,sub-04,lh-fusiform,0.5454545454545454,0.13483997249264842,0.631578947368421,0.7144496145550695,PCA + Linear-SVM,unconscious,unconscious,False,Image,False,3,6,5,2
644,sub-04,lh-fusiform,0.4333333333333333,-0.06900655593423542,0.4,0.7034646176169517,PCA + Linear-SVM,unconscious,unconscious,False,Image,False,3,2,4,2
645,sub-04,lh-fusiform,0.2,-0.5477225575051661,0.0,0.685716454888983,PCA + Linear-SVM,unconscious,unconscious,False,Image,False,2,0,2,3
646,sub-04,lh-fusiform,0.36666666666666664,-0.26666666666666666,0.3636363636363636,0.7049776586693588,PCA + Linear-SVM,unconscious,unconscious,False,Image,False,2,2,4,3
647,sub-04,lh-fusiform,0.39999999999999997,-0.35,0.25,0.6970982591409464,PCA + Linear-SVM,unconscious,unconscious,False,Image,False,2,1,3,3
648,sub-04,lh-fusiform,0.3692307692307692,-0.01413506985480439,0.5,0.731795737987105,PCA + Linear-SVM,unconscious,unconscious,False,Image,False,3,5,8,2
649,sub-04,lh-fusiform,0.5428571428571428,0.02857142857142857,0.5,0.7067925423731363,PCA + Linear-SVM,unconscious,unconscious,False,Image,False,3,3,4,2
650,sub-04,lh-fusiform,0.3,-0.28867513459481287,0.37499999999999994,0.7216304005625882,PCA + Linear-SVM,unconscious,unconscious,False,Image,False,2,3,7,3
651,sub-04,lh-fusiform,0.7,0.4666666666666667,0.7272727272727272,0.6890655730084195,PCA + Linear-SVM,unconscious,unconscious,False,Image,False,4,4,2,1
652,sub-04,lh-fusiform,0.5454545454545454,0.13483997249264842,0.631578947368421,0.7157636733061976,PCA + Linear-SVM,unconscious,unconscious,False,Image,False,3,6,5,2
653,sub-04,lh-fusiform,0.6000000000000001,0.31622776601683794,0.5714285714285715,0.6965117616202513,PCA + Linear-SVM,unconscious,unconscious,False,Image,False,4,2,2,1
654,sub-04,lh-fusiform,0.4,-0.034815531191139566,0.4705882352941177,0.7261128458307828,PCA + Linear-SVM,unconscious,unconscious,False,Image,False,3,4,7,2
655,sub-04,lh-fusiform,0.5,0.09759000729485333,0.5714285714285715,0.7109908028399953,PCA + Linear-SVM,unconscious,unconscious,False,Image,False,3,4,4,2
656,sub-04,lh-fusiform,0.3,-0.26666666666666666,0.3636363636363636,0.7149048084032931,PCA + Linear-SVM,unconscious,unconscious,False,Image,False,2,2,4,3
657,sub-04,lh-fusiform,0.6888888888888889,0.4472135954999579,0.75,0.7026697890192662,PCA + Linear-SVM,unconscious,unconscious,False,Image,False,4,6,3,1
658,sub-04,lh-fusiform,0.48,0.0,0.4444444444444445,0.7038964119458822,PCA + Linear-SVM,unconscious,unconscious,False,Image,False,3,2,3,2
659,sub-04,lh-fusiform,0.34285714285714286,-0.3142857142857143,0.3333333333333333,0.720745052972807,PCA + Linear-SVM,unconscious,unconscious,False,Image,False,2,2,5,3
660,sub-04,lh-fusiform,0.41538461538461535,0.05547001962252291,0.5714285714285714,0.7406395429768771,PCA + Linear-SVM,unconscious,unconscious,False,Image,False,3,6,7,2
661,sub-04,lh-fusiform,0.68,0.408248290463863,0.6666666666666665,0.6931005320171827,PCA + Linear-SVM,unconscious,unconscious,False,Image,False,4,3,2,1
662,sub-04,lh-fusiform,0.52,0.2182178902359924,0.5,0.6993177054126193,PCA + Linear-SVM,unconscious,unconscious,False,Image,False,4,2,3,1
663,sub-04,lh-fusiform,0.3333333333333333,-0.2581988897471611,0.28571428571428575,0.6905100867098956,PCA + Linear-SVM,unconscious,unconscious,False,Image,False,2,1,2,3
664,sub-04,lh-fusiform,0.38,-0.18898223650461363,0.47058823529411764,0.7191301702988112,PCA + Linear-SVM,unconscious,unconscious,False,Image,False,2,4,6,3
665,sub-04,lh-fusiform,0.43333333333333335,0.14907119849998599,0.4444444444444444,0.7122304392896887,PCA + Linear-SVM,unconscious,unconscious,False,Image,False,4,2,4,1
666,sub-04,lh-fusiform,0.5,0.14907119849998599,0.4444444444444444,0.699694617734447,PCA + Linear-SVM,unconscious,unconscious,False,Image,False,4,2,4,1
667,sub-04,lh-fusiform,0.475,0.09759000729485333,0.5714285714285715,0.7109488230598338,PCA + Linear-SVM,unconscious,unconscious,False,Image,False,3,4,4,2
668,sub-04,lh-fusiform,0.42222222222222217,-0.06666666666666667,0.42857142857142855,0.7128264073669381,PCA + Linear-SVM,unconscious,unconscious,False,Image,False,3,3,6,2
669,sub-04,lh-fusiform,0.2666666666666666,-0.4485426135725303,0.2,0.7095015993662279,PCA + Linear-SVM,unconscious,unconscious,False,Image,False,2,1,5,3
670,sub-04,lh-fusiform,0.6000000000000001,0.4147575310031266,0.7142857142857143,0.7036817259113308,PCA + Linear-SVM,unconscious,unconscious,False,Image,False,4,5,3,1
671,sub-04,lh-fusiform,0.34285714285714286,-0.1690308509457033,0.4615384615384615,0.712817404114754,PCA + Linear-SVM,unconscious,unconscious,False,Image,False,2,3,4,3
672,sub-04,lh-fusiform,0.3,-0.4,0.0,0.6856771568611552,PCA + Linear-SVM,unconscious,unconscious,False,Image,False,3,0,2,2
673,sub-04,lh-fusiform,0.6,0.025,0.4000000000000001,0.6771256579210532,PCA + Linear-SVM,unconscious,unconscious,False,Image,False,5,2,3,3
674,sub-04,lh-fusiform,0.4375,-0.1259881576697424,0.39999999999999997,0.6999027558883845,PCA + Linear-SVM,unconscious,unconscious,False,Image,False,4,3,5,4
675,sub-04,lh-fusiform,0.4375,0.0,0.5454545454545454,0.7265116636934655,PCA + Linear-SVM,unconscious,unconscious,False,Image,False,4,6,6,4
676,sub-04,lh-fusiform,0.55,0.025,0.4000000000000001,0.6823550826261986,PCA + Linear-SVM,unconscious,unconscious,False,Image,False,5,2,3,3
677,sub-04,lh-fusiform,0.5416666666666667,0.041666666666666664,0.5,0.7052335383382458,PCA + Linear-SVM,unconscious,unconscious,False,Image,False,5,5,7,3
678,sub-04,lh-fusiform,0.525,0.025,0.4000000000000001,0.6791339489027852,PCA + Linear-SVM,unconscious,unconscious,False,Image,False,5,2,3,3
679,sub-04,lh-fusiform,0.5,0.07142857142857142,0.5333333333333333,0.6919371289637244,PCA + Linear-SVM,unconscious,unconscious,False,Image,False,4,4,3,4
680,sub-04,lh-fusiform,0.375,-0.14907119849998599,0.25,0.682928370317125,PCA + Linear-SVM,unconscious,unconscious,False,Image,False,4,1,2,4
681,sub-04,lh-fusiform,0.39285714285714285,-0.09449111825230681,0.3333333333333333,0.7002003819748839,PCA + Linear-SVM,unconscious,unconscious,False,Image,False,5,2,5,3
682,sub-04,lh-fusiform,0.5,0.07142857142857142,0.5333333333333333,0.6895288104533319,PCA + Linear-SVM,unconscious,unconscious,False,Image,False,4,4,3,4
683,sub-04,lh-fusiform,0.5555555555555556,0.18055555555555555,0.5882352941176471,0.6950982662894967,PCA + Linear-SVM,unconscious,unconscious,False,Image,False,5,5,4,3
684,sub-04,lh-fusiform,0.575,-0.11213565339313257,0.36363636363636365,0.7103943328141938,PCA + Linear-SVM,unconscious,unconscious,False,Image,False,5,4,11,3
685,sub-04,lh-fusiform,0.4270833333333333,0.041666666666666664,0.5,0.7188627742500867,PCA + Linear-SVM,unconscious,unconscious,False,Image,False,5,5,7,3
686,sub-04,lh-fusiform,0.53125,-0.125,0.25,0.675989019398069,PCA + Linear-SVM,unconscious,unconscious,False,Image,False,5,1,3,3
687,sub-04,lh-fusiform,0.4,-0.09759000729485333,0.3636363636363636,0.69211732868727,PCA + Linear-SVM,unconscious,unconscious,False,Image,False,4,2,3,4
688,sub-04,lh-fusiform,0.6022727272727273,0.1685499656158105,0.6,0.6959989679151155,PCA + Linear-SVM,unconscious,unconscious,False,Image,False,5,6,5,3
689,sub-04,lh-fusiform,0.825,0.35,0.6,0.6666559627517065,PCA + Linear-SVM,unconscious,unconscious,False,Image,False,6,3,2,2
690,sub-04,lh-fusiform,0.46153846153846156,0.03739787960033829,0.5833333333333334,0.7168850922392291,PCA + Linear-SVM,unconscious,unconscious,False,Image,False,4,7,6,4
691,sub-04,lh-fusiform,0.6022727272727273,0.07954545454545454,0.5263157894736842,0.6946382556281463,PCA + Linear-SVM,unconscious,unconscious,False,Image,False,5,5,6,3
692,sub-04,lh-fusiform,0.4375,-0.16666666666666666,0.3333333333333333,0.6888401452580505,PCA + Linear-SVM,unconscious,unconscious,False,Image,False,4,2,4,4
693,sub-04,lh-fusiform,0.375,-0.4082482904638631,0.0,0.6684076249924077,PCA + Linear-SVM,unconscious,unconscious,False,Image,False,4,0,2,4
694,sub-04,lh-fusiform,0.6041666666666666,0.0,0.4615384615384615,0.6836264515201741,PCA + Linear-SVM,unconscious,unconscious,False,Image,False,4,3,3,4
695,sub-04,lh-fusiform,0.5,-0.125,0.25,0.6799879414058387,PCA + Linear-SVM,unconscious,unconscious,False,Image,False,5,1,3,3
696,sub-04,lh-fusiform,0.4423076923076923,0.03739787960033829,0.5833333333333334,0.7164262668368485,PCA + Linear-SVM,unconscious,unconscious,False,Image,False,4,7,6,4
697,sub-04,lh-fusiform,0.5178571428571429,-0.09449111825230681,0.3333333333333333,0.6923287264523607,PCA + Linear-SVM,unconscious,unconscious,False,Image,False,5,2,5,3
698,sub-04,lh-fusiform,0.45,-0.1,0.4444444444444445,0.7032448948123339,PCA + Linear-SVM,unconscious,unconscious,False,Image,False,4,4,6,4
699,sub-04,lh-fusiform,0.7708333333333333,0.125,0.5,0.6683369819210265,PCA + Linear-SVM,unconscious,unconscious,False,Image,False,5,3,3,3
700,sub-04,lh-fusiform,0.5909090909090909,0.1685499656158105,0.6,0.695308956375052,PCA + Linear-SVM,unconscious,unconscious,False,Image,False,5,6,5,3
701,sub-04,lh-fusiform,0.4375,0.11952286093343936,0.4444444444444445,0.6782388782620655,PCA + Linear-SVM,unconscious,unconscious,False,Image,False,5,2,2,3
702,sub-04,lh-fusiform,0.4204545454545454,-0.044946657497549475,0.5,0.7104404163384056,PCA + Linear-SVM,unconscious,unconscious,False,Image,False,4,5,6,4
703,sub-04,lh-fusiform,0.53125,0.1259881576697424,0.5333333333333333,0.6924112832007807,PCA + Linear-SVM,unconscious,unconscious,False,Image,False,5,4,4,3
704,sub-04,lh-fusiform,0.3333333333333333,-0.16666666666666666,0.3333333333333333,0.6994492668260636,PCA + Linear-SVM,unconscious,unconscious,False,Image,False,4,2,4,4
705,sub-04,lh-fusiform,0.7222222222222222,0.18055555555555555,0.5882352941176471,0.6780874352397719,PCA + Linear-SVM,unconscious,unconscious,False,Image,False,5,5,4,3
706,sub-04,lh-fusiform,0.5,0.025,0.4000000000000001,0.6842670448755782,PCA + Linear-SVM,unconscious,unconscious,False,Image,False,5,2,3,3
707,sub-04,lh-fusiform,0.4285714285714285,-0.07142857142857142,0.42857142857142855,0.699877782845666,PCA + Linear-SVM,unconscious,unconscious,False,Image,False,4,3,4,4
708,sub-04,lh-fusiform,0.41346153846153844,0.009615384615384616,0.4761904761904762,0.724738031720141,PCA + Linear-SVM,unconscious,unconscious,False,Image,False,5,5,8,3
709,sub-04,lh-fusiform,0.575,0.025,0.4000000000000001,0.6752103433976759,PCA + Linear-SVM,unconscious,unconscious,False,Image,False,5,2,3,3
710,sub-04,lh-fusiform,0.45,-0.09759000729485333,0.3636363636363636,0.6837385021122496,PCA + Linear-SVM,unconscious,unconscious,False,Image,False,4,2,3,4
711,sub-04,lh-fusiform,0.5833333333333333,-0.14907119849998599,0.25,0.6729148657658521,PCA + Linear-SVM,unconscious,unconscious,False,Image,False,4,1,2,4
712,sub-04,lh-fusiform,0.55,-0.1941450686788302,0.26666666666666666,0.6971915547820076,PCA + Linear-SVM,unconscious,unconscious,False,Image,False,5,2,8,3
713,sub-04,lh-fusiform,0.375,0.0,0.4615384615384615,0.6979517245310565,PCA + Linear-SVM,unconscious,unconscious,False,Image,False,4,3,3,4
714,sub-04,lh-fusiform,0.6041666666666666,0.125,0.5,0.6814965420472554,PCA + Linear-SVM,unconscious,unconscious,False,Image,False,5,3,3,3
715,sub-04,lh-fusiform,0.515625,0.0,0.5,0.695651327986453,PCA + Linear-SVM,unconscious,unconscious,False,Image,False,4,4,4,4
716,sub-04,lh-fusiform,0.6111111111111112,0.07042952122737638,0.5,0.691917724623677,PCA + Linear-SVM,unconscious,unconscious,False,Image,False,5,4,5,3
717,sub-04,lh-fusiform,0.41666666666666663,-0.16666666666666666,0.3333333333333333,0.6886785173628213,PCA + Linear-SVM,unconscious,unconscious,False,Image,False,4,2,4,4
718,sub-04,lh-fusiform,0.640625,0.2581988897471611,0.5714285714285715,0.6820141008859348,PCA + Linear-SVM,unconscious,unconscious,False,Image,False,6,4,4,2
719,sub-04,lh-fusiform,0.5178571428571429,-0.2618924633082486,0.18181818181818182,0.6934478352932945,PCA + Linear-SVM,unconscious,unconscious,False,Image,False,5,1,6,3
720,sub-04,lh-fusiform,0.4375,-0.3273268353539886,0.0,0.6665439485776028,PCA + Linear-SVM,unconscious,unconscious,False,Image,False,5,0,2,3
721,sub-04,lh-fusiform,0.45,-0.1,0.4444444444444445,0.6969606956260099,PCA + Linear-SVM,unconscious,unconscious,False,Image,False,2,2,3,2
722,sub-04,lh-fusiform,0.40625,0.0,0.5714285714285715,0.7182931149322829,PCA + Linear-SVM,unconscious,unconscious,False,Image,False,2,4,4,2
723,sub-04,lh-fusiform,0.375,-0.14907119849998599,0.4444444444444444,0.7505210107098166,PCA + Linear-SVM,unconscious,unconscious,False,Image,False,2,4,8,2
724,sub-04,lh-fusiform,0.45,-0.1,0.4444444444444445,0.7039874637566897,PCA + Linear-SVM,unconscious,unconscious,False,Image,False,2,2,3,2
725,sub-04,lh-fusiform,0.4375,-0.14907119849998599,0.4444444444444444,0.7293493453364005,PCA + Linear-SVM,unconscious,unconscious,False,Image,False,2,4,8,2
726,sub-04,lh-fusiform,0.5,-0.1,0.4444444444444445,0.699873971189024,PCA + Linear-SVM,unconscious,unconscious,False,Image,False,2,2,3,2
727,sub-04,lh-fusiform,0.39285714285714285,-0.21428571428571427,0.36363636363636365,0.7169261266316197,PCA + Linear-SVM,unconscious,unconscious,False,Image,False,2,2,5,2
728,sub-04,lh-fusiform,0.41666666666666663,-0.16666666666666666,0.3333333333333333,0.7000615259455584,PCA + Linear-SVM,unconscious,unconscious,False,Image,False,2,1,2,2
729,sub-04,lh-fusiform,0.4285714285714286,0.06900655593423542,0.6153846153846153,0.7200040418966647,PCA + Linear-SVM,unconscious,unconscious,False,Image,False,2,4,3,2
730,sub-04,lh-fusiform,0.42857142857142855,-0.06900655593423542,0.5,0.7103387296295385,PCA + Linear-SVM,unconscious,unconscious,False,Image,False,2,3,4,2
731,sub-04,lh-fusiform,0.5,-0.05143444998736397,0.5333333333333333,0.7165748226273132,PCA + Linear-SVM,unconscious,unconscious,False,Image,False,2,4,5,2
732,sub-04,lh-fusiform,0.3666666666666667,-0.14085904245475275,0.4545454545454545,0.7340515750024825,PCA + Linear-SVM,unconscious,unconscious,False,Image,False,2,5,10,2
733,sub-04,lh-fusiform,0.375,-0.14907119849998599,0.4444444444444444,0.7381994571459835,PCA + Linear-SVM,unconscious,unconscious,False,Image,False,2,4,8,2
734,sub-04,lh-fusiform,0.4375,0.0,0.5,0.6958974813203571,PCA + Linear-SVM,unconscious,unconscious,False,Image,False,2,2,2,2
735,sub-04,lh-fusiform,0.45,-0.1,0.4444444444444445,0.706267604668586,PCA + Linear-SVM,unconscious,unconscious,False,Image,False,2,2,3,2
736,sub-04,lh-fusiform,0.5,-0.12309149097933272,0.4705882352941177,0.7173179138979234,PCA + Linear-SVM,unconscious,unconscious,False,Image,False,2,4,7,2
737,sub-04,lh-fusiform,0.75,0.35,0.6666666666666665,0.6894709163636076,PCA + Linear-SVM,unconscious,unconscious,False,Image,False,3,3,2,1
738,sub-04,lh-fusiform,0.5192307692307693,-0.03268602252303067,0.5714285714285714,0.731235355318273,PCA + Linear-SVM,unconscious,unconscious,False,Image,False,2,6,7,2
739,sub-04,lh-fusiform,0.4318181818181818,-0.12309149097933272,0.4705882352941177,0.7183128624340498,PCA + Linear-SVM,unconscious,unconscious,False,Image,False,2,4,7,2
740,sub-04,lh-fusiform,0.45833333333333337,-0.16666666666666666,0.4,0.7060440443471997,PCA + Linear-SVM,unconscious,unconscious,False,Image,False,2,2,4,2
741,sub-04,lh-fusiform,0.375,-0.5,0.0,0.6820188405575616,PCA + Linear-SVM,unconscious,unconscious,False,Image,False,2,0,2,2
742,sub-04,lh-fusiform,0.5,-0.16666666666666666,0.4,0.7061265172302801,PCA + Linear-SVM,unconscious,unconscious,False,Image,False,2,2,4,2
743,sub-04,lh-fusiform,0.375,-0.2581988897471611,0.28571428571428575,0.6955347116312152,PCA + Linear-SVM,unconscious,unconscious,False,Image,False,2,1,3,2
744,sub-04,lh-fusiform,0.3653846153846154,-0.25064020591380154,0.33333333333333337,0.7375752019377985,PCA + Linear-SVM,unconscious,unconscious,False,Image,False,2,3,10,2
745,sub-04,lh-fusiform,0.4642857142857143,0.06900655593423542,0.6153846153846153,0.7077810807968703,PCA + Linear-SVM,unconscious,unconscious,False,Image,False,2,4,3,2
746,sub-04,lh-fusiform,0.375,-0.18856180831641267,0.4,0.7251334627305378,PCA + Linear-SVM,unconscious,unconscious,False,Image,False,2,3,7,2
747,sub-04,lh-fusiform,0.625,0.25,0.6,0.690398081246319,PCA + Linear-SVM,unconscious,unconscious,False,Image,False,3,3,3,1
748,sub-04,lh-fusiform,0.5227272727272727,0.10660035817780521,0.5000000000000001,0.7185101925821457,PCA + Linear-SVM,unconscious,unconscious,False,Image,False,3,4,7,1
749,sub-04,lh-fusiform,0.4375,0.0,0.5,0.6968138444525005,PCA + Linear-SVM,unconscious,unconscious,False,Image,False,2,2,2,2
750,sub-04,lh-fusiform,0.4318181818181818,-0.12309149097933272,0.4705882352941177,0.729840211273761,PCA + Linear-SVM,unconscious,unconscious,False,Image,False,2,4,7,2
751,sub-04,lh-fusiform,0.59375,0.23904572186687872,0.6153846153846154,0.7140236292962093,PCA + Linear-SVM,unconscious,unconscious,False,Image,False,3,4,4,1
752,sub-04,lh-fusiform,0.3333333333333333,-0.16666666666666666,0.4,0.7184245500542337,PCA + Linear-SVM,unconscious,unconscious,False,Image,False,2,2,4,2
753,sub-04,lh-fusiform,0.6111111111111112,0.18446619684315546,0.5714285714285714,0.702605818832413,PCA + Linear-SVM,unconscious,unconscious,False,Image,False,3,4,5,1
754,sub-04,lh-fusiform,0.5,0.15811388300841897,0.5,0.7040253887109743,PCA + Linear-SVM,unconscious,unconscious,False,Image,False,3,2,3,1
755,sub-04,lh-fusiform,0.35714285714285715,-0.21428571428571427,0.36363636363636365,0.7257953900277723,PCA + Linear-SVM,unconscious,unconscious,False,Image,False,2,2,5,2
756,sub-04,lh-fusiform,0.4230769230769231,-0.03268602252303067,0.5714285714285714,0.7409046688062365,PCA + Linear-SVM,unconscious,unconscious,False,Image,False,2,6,7,2
757,sub-04,lh-fusiform,0.45,-0.1,0.4444444444444445,0.6931605404115785,PCA + Linear-SVM,unconscious,unconscious,False,Image,False,2,2,3,2
758,sub-04,lh-fusiform,0.45,-0.1,0.4444444444444445,0.7012309545835507,PCA + Linear-SVM,unconscious,unconscious,False,Image,False,2,2,3,2
759,sub-04,lh-fusiform,0.41666666666666663,-0.16666666666666666,0.3333333333333333,0.6873605786721864,PCA + Linear-SVM,unconscious,unconscious,False,Image,False,2,1,2,2
760,sub-04,lh-fusiform,0.325,-0.18856180831641267,0.4,0.7241892234944215,PCA + Linear-SVM,unconscious,unconscious,False,Image,False,2,3,7,2
761,sub-04,lh-fusiform,0.41666666666666663,0.0,0.5454545454545454,0.7159329681603668,PCA + Linear-SVM,unconscious,unconscious,False,Image,False,2,3,3,2
762,sub-04,lh-fusiform,0.5,-0.16666666666666666,0.4,0.7029991138215188,PCA + Linear-SVM,unconscious,unconscious,False,Image,False,2,2,4,2
763,sub-04,lh-fusiform,0.53125,0.0,0.36363636363636365,0.7112655738464628,PCA + Linear-SVM,unconscious,unconscious,False,Image,False,3,2,6,1
764,sub-04,lh-fusiform,0.41666666666666663,-0.15811388300841897,0.42857142857142855,0.7173108497483255,PCA + Linear-SVM,unconscious,unconscious,False,Image,False,2,3,6,2
765,sub-04,lh-fusiform,0.3333333333333333,-0.3563483225498992,0.2222222222222222,0.7123420540957116,PCA + Linear-SVM,unconscious,unconscious,False,Image,False,2,1,5,2
766,sub-04,lh-fusiform,0.6875,0.3535533905932738,0.7142857142857143,0.7046053743648194,PCA + Linear-SVM,unconscious,unconscious,False,Image,False,3,5,3,1
767,sub-04,lh-fusiform,0.39285714285714285,-0.06900655593423542,0.5,0.714449033453581,PCA + Linear-SVM,unconscious,unconscious,False,Image,False,2,3,4,2
768,sub-04,lh-fusiform,0.375,-0.5,0.0,0.6788410620036255,PCA + Linear-SVM,unconscious,unconscious,False,Image,False,2,0,2,2
769,sub-04,lh-fusiform,0.41333333333333333,-0.34641016151377546,0.13333333333333333,0.6871758691395439,PCA + Linear-SVM,unconscious,unconscious,False,Image,False,6,1,4,9
770,sub-04,lh-fusiform,0.2833333333333333,-0.3337119062359573,0.2105263157894737,0.7031112367347151,PCA + Linear-SVM,unconscious,unconscious,False,Image,False,6,2,6,9
771,sub-04,lh-fusiform,0.2611111111111111,-0.33149677206589795,0.30769230769230765,0.723766932532243,PCA + Linear-SVM,unconscious,unconscious,False,Image,False,5,4,8,10
772,sub-04,lh-fusiform,0.3466666666666667,-0.11547005383792516,0.26666666666666666,0.6875373973779645,PCA + Linear-SVM,unconscious,unconscious,False,Image,False,7,2,3,8
773,sub-04,lh-fusiform,0.4555555555555556,-0.26519741765271837,0.32,0.6935882916378636,PCA + Linear-SVM,unconscious,unconscious,False,Image,False,6,4,8,9
774,sub-04,lh-fusiform,0.4266666666666667,-0.11547005383792516,0.26666666666666666,0.6870870477880214,PCA + Linear-SVM,unconscious,unconscious,False,Image,False,7,2,3,8
775,sub-04,lh-fusiform,0.3047619047619048,-0.3563483225498992,0.2105263157894737,0.6922657286260657,PCA + Linear-SVM,unconscious,unconscious,False,Image,False,5,2,5,10
776,sub-04,lh-fusiform,0.20000000000000004,-0.5,0.0,0.7044132065689288,PCA + Linear-SVM,unconscious,unconscious,False,Image,False,5,0,3,10
777,sub-04,lh-fusiform,0.2571428571428572,-0.2927700218845599,0.2222222222222222,0.6942127462998064,PCA + Linear-SVM,unconscious,unconscious,False,Image,False,6,2,5,9
778,sub-04,lh-fusiform,0.35238095238095235,-0.2927700218845599,0.2222222222222222,0.6914630852775946,PCA + Linear-SVM,unconscious,unconscious,False,Image,False,6,2,5,9
779,sub-04,lh-fusiform,0.45185185185185184,-0.08606629658238706,0.380952380952381,0.6904154167979879,PCA + Linear-SVM,unconscious,unconscious,False,Image,False,7,4,5,8
780,sub-04,lh-fusiform,0.4488888888888889,-0.1336306209562122,0.4137931034482759,0.6959562230047935,PCA + Linear-SVM,unconscious,unconscious,False,Image,False,7,6,9,8
781,sub-04,lh-fusiform,0.26666666666666666,-0.26519741765271837,0.32,0.7110280429227918,PCA + Linear-SVM,unconscious,unconscious,False,Image,False,6,4,8,9
782,sub-04,lh-fusiform,0.3833333333333333,-0.2857738033247041,0.14285714285714288,0.6827703748973082,PCA + Linear-SVM,unconscious,unconscious,False,Image,False,6,1,3,9
783,sub-04,lh-fusiform,0.37333333333333335,-0.17407765595569785,0.25000000000000006,0.6928355727865918,PCA + Linear-SVM,unconscious,unconscious,False,Image,False,6,2,3,9
784,sub-04,lh-fusiform,0.5393939393939394,-0.0778498944161523,0.41666666666666663,0.6858794837028188,PCA + Linear-SVM,unconscious,unconscious,False,Image,False,7,5,6,8
785,sub-04,lh-fusiform,0.8,0.30261376633440124,0.5,0.6703911675523331,PCA + Linear-SVM,unconscious,unconscious,False,Image,False,11,3,2,4
786,sub-04,lh-fusiform,0.41025641025641024,-0.2923076923076923,0.3076923076923077,0.7000112194737645,PCA + Linear-SVM,unconscious,unconscious,False,Image,False,6,4,9,9
787,sub-04,lh-fusiform,0.5757575757575757,-0.012012499502607453,0.43478260869565216,0.6839627821046655,PCA + Linear-SVM,unconscious,unconscious,False,Image,False,8,5,6,7
788,sub-04,lh-fusiform,0.3666666666666667,-0.3919647479510927,0.125,0.6883178239949643,PCA + Linear-SVM,unconscious,unconscious,False,Image,False,6,1,5,9
789,sub-04,lh-fusiform,0.2,-0.4364357804719848,0.0,0.6853331700860429,PCA + Linear-SVM,unconscious,unconscious,False,Image,False,5,0,2,10
790,sub-04,lh-fusiform,0.4777777777777778,-0.062017367294604234,0.28571428571428575,0.6821208519233075,PCA + Linear-SVM,unconscious,unconscious,False,Image,False,9,2,4,6
791,sub-04,lh-fusiform,0.4166666666666667,-0.2857738033247041,0.14285714285714288,0.6842051914046984,PCA + Linear-SVM,unconscious,unconscious,False,Image,False,6,1,3,9
792,sub-04,lh-fusiform,0.31794871794871793,-0.3721042037676254,0.24000000000000002,0.7039561723401845,PCA + Linear-SVM,unconscious,unconscious,False,Image,False,6,3,10,9
793,sub-04,lh-fusiform,0.3714285714285714,-0.2927700218845599,0.2222222222222222,0.6912271332161738,PCA + Linear-SVM,unconscious,unconscious,False,Image,False,6,2,5,9
794,sub-04,lh-fusiform,0.3,-0.29417420270727607,0.2727272727272727,0.696075123655715,PCA + Linear-SVM,unconscious,unconscious,False,Image,False,6,3,7,9
795,sub-04,lh-fusiform,0.6888888888888889,0.09128709291752768,0.4,0.670385074429289,PCA + Linear-SVM,unconscious,unconscious,False,Image,False,9,3,3,6
796,sub-04,lh-fusiform,0.45454545454545453,-0.0778498944161523,0.41666666666666663,0.6947773348871624,PCA + Linear-SVM,unconscious,unconscious,False,Image,False,7,5,6,8
797,sub-04,lh-fusiform,0.41666666666666674,-0.23134069792952236,0.15384615384615383,0.6832289633490521,PCA + Linear-SVM,unconscious,unconscious,False,Image,False,7,1,3,8
798,sub-04,lh-fusiform,0.34545454545454546,-0.16817499303650435,0.34782608695652173,0.7075557754950699,PCA + Linear-SVM,unconscious,unconscious,False,Image,False,7,4,7,8
799,sub-04,lh-fusiform,0.4083333333333333,-0.15096490996388545,0.3157894736842105,0.6897680121432351,PCA + Linear-SVM,unconscious,unconscious,False,Image,False,7,3,5,8
800,sub-04,lh-fusiform,0.25555555555555554,-0.45226701686664544,0.11764705882352942,0.6983385887022908,PCA + Linear-SVM,unconscious,unconscious,False,Image,False,5,1,5,10
801,sub-04,lh-fusiform,0.6222222222222222,0.15114173098063566,0.5,0.6785373167576964,PCA + Linear-SVM,unconscious,unconscious,False,Image,False,9,5,4,6
802,sub-04,lh-fusiform,0.4266666666666667,-0.17407765595569785,0.25000000000000006,0.6925522150868426,PCA + Linear-SVM,unconscious,unconscious,False,Image,False,6,2,3,9
803,sub-04,lh-fusiform,0.2571428571428571,-0.3563483225498992,0.2105263157894737,0.7018697035419263,PCA + Linear-SVM,unconscious,unconscious,False,Image,False,5,2,5,10
804,sub-04,lh-fusiform,0.2923076923076923,-0.2923076923076923,0.3076923076923077,0.7147038514194539,PCA + Linear-SVM,unconscious,unconscious,False,Image,False,6,4,9,9
805,sub-04,lh-fusiform,0.52,-0.11547005383792516,0.26666666666666666,0.6811906739325522,PCA + Linear-SVM,unconscious,unconscious,False,Image,False,7,2,3,8
806,sub-04,lh-fusiform,0.4,-0.29012942659282975,0.14285714285714285,0.6852362634489884,PCA + Linear-SVM,unconscious,unconscious,False,Image,False,7,1,4,8
807,sub-04,lh-fusiform,0.4,-0.2,0.15384615384615383,0.6809637586249251,PCA + Linear-SVM,unconscious,unconscious,False,Image,False,6,1,2,9
808,sub-04,lh-fusiform,0.4666666666666667,-0.13074409009212268,0.3636363636363636,0.6849096458817112,PCA + Linear-SVM,unconscious,unconscious,False,Image,False,7,4,6,8
809,sub-04,lh-fusiform,0.23333333333333336,-0.2412090756622109,0.23529411764705885,0.6969818066856859,PCA + Linear-SVM,unconscious,unconscious,False,Image,False,6,2,4,9
810,sub-04,lh-fusiform,0.5222222222222221,-0.15504341823651058,0.3157894736842105,0.684275340859311,PCA + Linear-SVM,unconscious,unconscious,False,Image,False,5,3,3,10
811,sub-04,lh-fusiform,0.4083333333333334,-0.21452908258025827,0.3,0.691219295517006,PCA + Linear-SVM,unconscious,unconscious,False,Image,False,6,3,5,9
812,sub-04,lh-fusiform,0.4814814814814815,-0.021591675854376522,0.39999999999999997,0.6848587260586813,PCA + Linear-SVM,unconscious,unconscious,False,Image,False,8,4,5,7
813,sub-04,lh-fusiform,0.27777777777777773,-0.45226701686664544,0.11764705882352942,0.6938050176302858,PCA + Linear-SVM,unconscious,unconscious,False,Image,False,5,1,5,10
814,sub-04,lh-fusiform,0.5666666666666667,0.23333333333333334,0.5,0.6860513310916748,PCA + Linear-SVM,unconscious,unconscious,False,Image,False,11,4,4,4
815,sub-04,lh-fusiform,0.32380952380952377,-0.2927700218845599,0.2222222222222222,0.6895933502154675,PCA + Linear-SVM,unconscious,unconscious,False,Image,False,6,2,5,9
816,sub-04,lh-fusiform,0.23333333333333334,-0.4364357804719848,0.0,0.682448536419643,PCA + Linear-SVM,unconscious,unconscious,False,Image,False,5,0,2,10
817,sub-04,lh-fusiform,0.55,0.025,0.4000000000000001,0.6820180207286908,PCA + Linear-SVM,unconscious,unconscious,False,Image,False,5,2,3,3
818,sub-04,lh-fusiform,0.515625,-0.1259881576697424,0.39999999999999997,0.6937430475377074,PCA + Linear-SVM,unconscious,unconscious,False,Image,False,4,3,5,4
819,sub-04,lh-fusiform,0.3854166666666667,-0.16666666666666666,0.4,0.7186995233663371,PCA + Linear-SVM,unconscious,unconscious,False,Image,False,4,4,8,4
820,sub-04,lh-fusiform,0.55,0.025,0.4000000000000001,0.6832463361865765,PCA + Linear-SVM,unconscious,unconscious,False,Image,False,5,2,3,3
821,sub-04,lh-fusiform,0.4791666666666667,-0.16666666666666666,0.4,0.709243163688049,PCA + Linear-SVM,unconscious,unconscious,False,Image,False,4,4,8,4
822,sub-04,lh-fusiform,0.5,-0.21957751641341997,0.3333333333333333,0.6821919076322328,PCA + Linear-SVM,unconscious,unconscious,False,Image,False,3,2,3,5
823,sub-04,lh-fusiform,0.2857142857142857,-0.3392857142857143,0.2857142857142857,0.6966003384881506,PCA + Linear-SVM,unconscious,unconscious,False,Image,False,3,2,5,5
824,sub-04,lh-fusiform,0.2916666666666667,-0.14907119849998599,0.25,0.6832858126343887,PCA + Linear-SVM,unconscious,unconscious,False,Image,False,4,1,2,4
825,sub-04,lh-fusiform,0.2857142857142857,-0.3392857142857143,0.2857142857142857,0.6979648561350945,PCA + Linear-SVM,unconscious,unconscious,False,Image,False,3,2,5,5
826,sub-04,lh-fusiform,0.26785714285714285,-0.49099025303098287,0.15384615384615383,0.6948108307457139,PCA + Linear-SVM,unconscious,unconscious,False,Image,False,3,1,6,5
827,sub-04,lh-fusiform,0.5,0.05555555555555555,0.5555555555555556,0.6982326180355731,PCA + Linear-SVM,unconscious,unconscious,False,Image,False,4,5,4,4
828,sub-04,lh-fusiform,0.55,0.03178208630818641,0.5925925925925926,0.7125864719675498,PCA + Linear-SVM,unconscious,unconscious,False,Image,False,4,8,7,4
829,sub-04,lh-fusiform,0.3645833333333333,-0.16666666666666666,0.4,0.7163861965906468,PCA + Linear-SVM,unconscious,unconscious,False,Image,False,4,4,8,4
830,sub-04,lh-fusiform,0.3125,-0.23904572186687872,0.22222222222222224,0.6835682367881214,PCA + Linear-SVM,unconscious,unconscious,False,Image,False,4,1,3,4
831,sub-04,lh-fusiform,0.375,-0.09759000729485333,0.3636363636363636,0.687621826252152,PCA + Linear-SVM,unconscious,unconscious,False,Image,False,4,2,3,4
832,sub-04,lh-fusiform,0.5454545454545454,0.1685499656158105,0.6,0.7019564785645335,PCA + Linear-SVM,unconscious,unconscious,False,Image,False,5,6,5,3
833,sub-04,lh-fusiform,0.575,0.31754264805429416,0.5,0.6803046434780767,PCA + Linear-SVM,unconscious,unconscious,False,Image,False,7,2,3,1
834,sub-04,lh-fusiform,0.41346153846153844,-0.03739787960033829,0.5217391304347826,0.7144959965973159,PCA + Linear-SVM,unconscious,unconscious,False,Image,False,4,6,7,4
835,sub-04,lh-fusiform,0.5681818181818181,-0.011631052629980886,0.4444444444444444,0.6976329040175465,PCA + Linear-SVM,unconscious,unconscious,False,Image,False,5,4,7,3
836,sub-04,lh-fusiform,0.41666666666666663,-0.16666666666666666,0.3333333333333333,0.6887460067404334,PCA + Linear-SVM,unconscious,unconscious,False,Image,False,4,2,4,4
837,sub-04,lh-fusiform,0.3125,-0.4082482904638631,0.0,0.6711531637949057,PCA + Linear-SVM,unconscious,unconscious,False,Image,False,4,0,2,4
838,sub-04,lh-fusiform,0.375,-0.4166666666666667,0.28571428571428575,0.6910158670120782,PCA + Linear-SVM,unconscious,unconscious,False,Image,False,2,2,4,6
839,sub-04,lh-fusiform,0.34375,-0.23904572186687872,0.22222222222222224,0.6804478088898721,PCA + Linear-SVM,unconscious,unconscious,False,Image,False,4,1,3,4
840,sub-04,lh-fusiform,0.3269230769230769,-0.3942307692307692,0.2857142857142857,0.7163112443515361,PCA + Linear-SVM,unconscious,unconscious,False,Image,False,3,3,10,5
841,sub-04,lh-fusiform,0.5,-0.07142857142857142,0.42857142857142855,0.6890844385527947,PCA + Linear-SVM,unconscious,unconscious,False,Image,False,4,3,4,4
842,sub-04,lh-fusiform,0.2625,-0.55,0.22222222222222224,0.7074003620579101,PCA + Linear-SVM,unconscious,unconscious,False,Image,False,2,2,8,6
843,sub-04,lh-fusiform,0.5416666666666667,0.251259453814803,0.4444444444444444,0.6808264488475665,PCA + Linear-SVM,unconscious,unconscious,False,Image,False,7,2,4,1
844,sub-04,lh-fusiform,0.5454545454545454,0.07954545454545454,0.5263157894736842,0.7017846551596796,PCA + Linear-SVM,unconscious,unconscious,False,Image,False,5,5,6,3
845,sub-04,lh-fusiform,0.40625,-0.125,0.25,0.6812301636794497,PCA + Linear-SVM,unconscious,unconscious,False,Image,False,5,1,3,3
846,sub-04,lh-fusiform,0.5340909090909091,0.07954545454545454,0.5263157894736842,0.706004317552573,PCA + Linear-SVM,unconscious,unconscious,False,Image,False,5,5,6,3
847,sub-04,lh-fusiform,0.515625,0.0,0.42857142857142855,0.6961556915580649,PCA + Linear-SVM,unconscious,unconscious,False,Image,False,5,3,5,3
848,sub-04,lh-fusiform,0.29166666666666663,-0.4166666666666667,0.28571428571428575,0.6947840093937007,PCA + Linear-SVM,unconscious,unconscious,False,Image,False,2,2,4,6
849,sub-04,lh-fusiform,0.7083333333333333,0.18055555555555555,0.5882352941176471,0.688581312504124,PCA + Linear-SVM,unconscious,unconscious,False,Image,False,5,5,4,3
850,sub-04,lh-fusiform,0.475,0.025,0.4000000000000001,0.6858065641359008,PCA + Linear-SVM,unconscious,unconscious,False,Image,False,5,2,3,3
851,sub-04,lh-fusiform,0.4107142857142857,-0.3392857142857143,0.2857142857142857,0.6984345929664784,PCA + Linear-SVM,unconscious,unconscious,False,Image,False,3,2,5,5
852,sub-04,lh-fusiform,0.38461538461538464,-0.11322770341445958,0.4545454545454546,0.7184499023746321,PCA + Linear-SVM,unconscious,unconscious,False,Image,False,4,5,8,4
853,sub-04,lh-fusiform,0.575,0.15811388300841897,0.4444444444444445,0.6812871677444764,PCA + Linear-SVM,unconscious,unconscious,False,Image,False,6,2,3,2
854,sub-04,lh-fusiform,0.525,0.15811388300841897,0.4444444444444445,0.6830065101093634,PCA + Linear-SVM,unconscious,unconscious,False,Image,False,6,2,3,2
855,sub-04,lh-fusiform,0.375,-0.38575837490522974,0.2,0.6748501549688859,PCA + Linear-SVM,unconscious,unconscious,False,Image,False,2,1,2,6
856,sub-04,lh-fusiform,0.39999999999999997,-0.1,0.4444444444444445,0.7043809058869063,PCA + Linear-SVM,unconscious,unconscious,False,Image,False,4,4,6,4
857,sub-04,lh-fusiform,0.4583333333333333,0.125,0.5,0.6891215465811487,PCA + Linear-SVM,unconscious,unconscious,False,Image,False,5,3,3,3
858,sub-04,lh-fusiform,0.4583333333333333,-0.16666666666666666,0.3333333333333333,0.6885236107847673,PCA + Linear-SVM,unconscious,unconscious,False,Image,False,4,2,4,4
859,sub-04,lh-fusiform,0.53125,0.0,0.42857142857142855,0.6972026280048376,PCA + Linear-SVM,unconscious,unconscious,False,Image,False,5,3,5,3
860,sub-04,lh-fusiform,0.4583333333333333,-0.1690308509457033,0.375,0.6991396707605262,PCA + Linear-SVM,unconscious,unconscious,False,Image,False,4,3,6,4
861,sub-04,lh-fusiform,0.29166666666666663,-0.4583333333333333,0.16666666666666666,0.6929125712667172,PCA + Linear-SVM,unconscious,unconscious,False,Image,False,3,1,5,5
862,sub-04,lh-fusiform,0.765625,0.674199862463242,0.7692307692307693,0.6898325719081608,PCA + Linear-SVM,unconscious,unconscious,False,Image,False,8,5,3,0
863,sub-04,lh-fusiform,0.3392857142857143,-0.21821789023599236,0.30769230769230765,0.6937498260947437,PCA + Linear-SVM,unconscious,unconscious,False,Image,False,4,2,5,4
864,sub-04,lh-fusiform,0.3125,-0.4082482904638631,0.0,0.6718543025082827,PCA + Linear-SVM,unconscious,unconscious,False,Image,False,4,0,2,4
865,sub-04,lh-fusiform,0.5,-0.1,0.4000000000000001,0.6830624447387833,PCA + Linear-SVM,unconscious,unconscious,False,Image,False,3,2,3,3
866,sub-04,lh-fusiform,0.4166666666666667,-0.25819888974716115,0.3076923076923077,0.7146040469388842,PCA + Linear-SVM,unconscious,unconscious,False,Image,False,3,2,6,3
867,sub-04,lh-fusiform,0.375,-0.25,0.3333333333333333,0.7421562589099627,PCA + Linear-SVM,unconscious,unconscious,False,Image,False,3,3,9,3
868,sub-04,lh-fusiform,0.5333333333333333,-0.1,0.4000000000000001,0.6896959571595885,PCA + Linear-SVM,unconscious,unconscious,False,Image,False,3,2,3,3
869,sub-04,lh-fusiform,0.47222222222222227,-0.07905694150420949,0.5,0.7184708931082173,PCA + Linear-SVM,unconscious,unconscious,False,Image,False,3,5,7,3
870,sub-04,lh-fusiform,0.5,-0.1,0.4000000000000001,0.6908628356042862,PCA + Linear-SVM,unconscious,unconscious,False,Image,False,3,2,3,3
871,sub-04,lh-fusiform,0.40476190476190477,-0.21957751641341997,0.3333333333333333,0.7067567085400418,PCA + Linear-SVM,unconscious,unconscious,False,Image,False,3,2,5,3
872,sub-04,lh-fusiform,0.49999999999999994,0.0,0.3333333333333333,0.6778114926658932,PCA + Linear-SVM,unconscious,unconscious,False,Image,False,4,1,2,2
873,sub-04,lh-fusiform,0.3333333333333333,-0.21957751641341997,0.3333333333333333,0.712076904069441,PCA + Linear-SVM,unconscious,unconscious,False,Image,False,3,2,5,3
874,sub-04,lh-fusiform,0.4761904761904762,-0.21957751641341997,0.3333333333333333,0.6919919858404189,PCA + Linear-SVM,unconscious,unconscious,False,Image,False,3,2,5,3
875,sub-04,lh-fusiform,0.5555555555555556,0.1111111111111111,0.5333333333333333,0.7001510284886888,PCA + Linear-SVM,unconscious,unconscious,False,Image,False,4,4,5,2
876,sub-04,lh-fusiform,0.4555555555555556,-0.15504341823651058,0.43478260869565216,0.7188120403420739,PCA + Linear-SVM,unconscious,unconscious,False,Image,False,3,5,10,3
877,sub-04,lh-fusiform,0.4166666666666667,-0.35082320772281167,0.23529411764705882,0.7277743299998171,PCA + Linear-SVM,unconscious,unconscious,False,Image,False,3,2,10,3
878,sub-04,lh-fusiform,0.5,-0.25,0.25,0.6798953052789332,PCA + Linear-SVM,unconscious,unconscious,False,Image,False,3,1,3,3
879,sub-04,lh-fusiform,0.4,-0.3105295017040594,0.22222222222222224,0.6999107868906878,PCA + Linear-SVM,unconscious,unconscious,False,Image,False,3,1,4,3
880,sub-04,lh-fusiform,0.6060606060606061,0.2030905986149808,0.631578947368421,0.6997190624162566,PCA + Linear-SVM,unconscious,unconscious,False,Image,False,4,6,5,2
881,sub-04,lh-fusiform,0.8666666666666667,0.4485426135725303,0.6666666666666665,0.6611489553990587,PCA + Linear-SVM,unconscious,unconscious,False,Image,False,5,3,2,1
882,sub-04,lh-fusiform,0.5000000000000001,-0.1086310236566852,0.4761904761904762,0.7230225021811719,PCA + Linear-SVM,unconscious,unconscious,False,Image,False,3,5,8,3
883,sub-04,lh-fusiform,0.5606060606060606,-0.04351941398892446,0.5263157894736842,0.7002382320820543,PCA + Linear-SVM,unconscious,unconscious,False,Image,False,3,5,6,3
884,sub-04,lh-fusiform,0.4444444444444444,-0.1690308509457033,0.3636363636363636,0.6942307919971196,PCA + Linear-SVM,unconscious,unconscious,False,Image,False,3,2,4,3
885,sub-04,lh-fusiform,0.33333333333333337,-0.4472135954999579,0.0,0.6713470589749723,PCA + Linear-SVM,unconscious,unconscious,False,Image,False,3,0,2,3
886,sub-04,lh-fusiform,0.5277777777777778,-0.1690308509457033,0.3636363636363636,0.6884019798249218,PCA + Linear-SVM,unconscious,unconscious,False,Image,False,3,2,4,3
887,sub-04,lh-fusiform,0.45833333333333337,-0.25,0.25,0.6821617909908071,PCA + Linear-SVM,unconscious,unconscious,False,Image,False,3,1,3,3
888,sub-04,lh-fusiform,0.41025641025641024,-0.18531232916527532,0.4,0.7276722460967148,PCA + Linear-SVM,unconscious,unconscious,False,Image,False,3,4,9,3
889,sub-04,lh-fusiform,0.45238095238095244,-0.21957751641341997,0.3333333333333333,0.6996571920155168,PCA + Linear-SVM,unconscious,unconscious,False,Image,False,3,2,5,3
890,sub-04,lh-fusiform,0.45000000000000007,-0.2,0.37499999999999994,0.7099614867757957,PCA + Linear-SVM,unconscious,unconscious,False,Image,False,3,3,7,3
891,sub-04,lh-fusiform,0.7777777777777778,0.3333333333333333,0.6666666666666666,0.6661408626374468,PCA + Linear-SVM,unconscious,unconscious,False,Image,False,4,4,2,2
892,sub-04,lh-fusiform,0.6515151515151515,0.2030905986149808,0.631578947368421,0.6992117724441598,PCA + Linear-SVM,unconscious,unconscious,False,Image,False,4,6,5,2
893,sub-04,lh-fusiform,0.5416666666666667,0.0,0.4444444444444445,0.6822559138497349,PCA + Linear-SVM,unconscious,unconscious,False,Image,False,3,2,2,3
894,sub-04,lh-fusiform,0.5,-0.13241022442571243,0.4444444444444444,0.7161535780705371,PCA + Linear-SVM,unconscious,unconscious,False,Image,False,3,4,7,3
895,sub-04,lh-fusiform,0.5416666666666667,0.0,0.5333333333333333,0.7025880240577197,PCA + Linear-SVM,unconscious,unconscious,False,Image,False,3,4,4,3
896,sub-04,lh-fusiform,0.5,-0.1690308509457033,0.3636363636363636,0.7019331957145845,PCA + Linear-SVM,unconscious,unconscious,False,Image,False,3,2,4,3
897,sub-04,lh-fusiform,0.7037037037037037,0.3888888888888889,0.6666666666666667,0.6798104899836216,PCA + Linear-SVM,unconscious,unconscious,False,Image,False,5,5,4,1
898,sub-04,lh-fusiform,0.5,-0.1,0.4000000000000001,0.6917553281784833,PCA + Linear-SVM,unconscious,unconscious,False,Image,False,3,2,3,3
899,sub-04,lh-fusiform,0.40476190476190477,-0.21957751641341997,0.3333333333333333,0.7148574910941433,PCA + Linear-SVM,unconscious,unconscious,False,Image,False,3,2,5,3
900,sub-04,lh-fusiform,0.4487179487179488,-0.1086310236566852,0.4761904761904762,0.7336028456627668,PCA + Linear-SVM,unconscious,unconscious,False,Image,False,3,5,8,3
901,sub-04,lh-fusiform,0.6333333333333333,0.06900655593423542,0.4444444444444445,0.6746846406586529,PCA + Linear-SVM,unconscious,unconscious,False,Image,False,4,2,3,2
902,sub-04,lh-fusiform,0.6,0.06900655593423542,0.4444444444444445,0.6832878802375053,PCA + Linear-SVM,unconscious,unconscious,False,Image,False,4,2,3,2
903,sub-04,lh-fusiform,0.5555555555555556,-0.15811388300841897,0.28571428571428575,0.6719181442501849,PCA + Linear-SVM,unconscious,unconscious,False,Image,False,3,1,2,3
904,sub-04,lh-fusiform,0.5333333333333334,0.0,0.5555555555555556,0.7036335875786426,PCA + Linear-SVM,unconscious,unconscious,False,Image,False,3,5,5,3
905,sub-04,lh-fusiform,0.3611111111111111,-0.1690308509457033,0.3636363636363636,0.7069613696251316,PCA + Linear-SVM,unconscious,unconscious,False,Image,False,3,2,4,3
906,sub-04,lh-fusiform,0.6111111111111112,0.0,0.5,0.686296876411835,PCA + Linear-SVM,unconscious,unconscious,False,Image,False,3,3,3,3
907,sub-04,lh-fusiform,0.5625,-0.125,0.42857142857142855,0.6989767120591249,PCA + Linear-SVM,unconscious,unconscious,False,Image,False,3,3,5,3
908,sub-04,lh-fusiform,0.6481481481481481,0.32732683535398854,0.7058823529411765,0.6978060107342071,PCA + Linear-SVM,unconscious,unconscious,False,Image,False,4,6,3,2
909,sub-04,lh-fusiform,0.4166666666666667,-0.3535533905932738,0.2,0.7019376987032921,PCA + Linear-SVM,unconscious,unconscious,False,Image,False,3,1,5,3
910,sub-04,lh-fusiform,0.75,0.4583333333333333,0.7142857142857143,0.6867266103154517,PCA + Linear-SVM,unconscious,unconscious,False,Image,False,5,5,3,1
911,sub-04,lh-fusiform,0.33333333333333337,-0.5916079783099616,0.0,0.7006416917228443,PCA + Linear-SVM,unconscious,unconscious,False,Image,False,3,0,7,3
912,sub-04,lh-fusiform,0.33333333333333337,-0.4472135954999579,0.0,0.67064545888159,PCA + Linear-SVM,unconscious,unconscious,False,Image,False,3,0,2,3
913,sub-04,lh-fusiform,0.5142857142857142,-0.1690308509457033,0.3636363636363636,0.6803966093019188,PCA + Linear-SVM,unconscious,unconscious,False,Image,False,3,2,3,4
914,sub-04,lh-fusiform,0.48214285714285715,-0.05455447255899809,0.42857142857142855,0.7047787054248936,PCA + Linear-SVM,unconscious,unconscious,False,Image,False,4,3,5,3
915,sub-04,lh-fusiform,0.34523809523809523,-0.2326210525996177,0.4,0.7299928661327755,PCA + Linear-SVM,unconscious,unconscious,False,Image,False,3,4,8,4
916,sub-04,lh-fusiform,0.5714285714285714,0.29277002188455997,0.5,0.6852493913922276,PCA + Linear-SVM,unconscious,unconscious,False,Image,False,6,2,3,1
917,sub-04,lh-fusiform,0.5357142857142858,-0.011631052629980886,0.5,0.7099241840080113,PCA + Linear-SVM,unconscious,unconscious,False,Image,False,4,5,7,3
918,sub-04,lh-fusiform,0.48571428571428565,-0.1690308509457033,0.3636363636363636,0.6852367148169081,PCA + Linear-SVM,unconscious,unconscious,False,Image,False,3,2,3,4
919,sub-04,lh-fusiform,0.46938775510204084,0.0,0.4615384615384615,0.6961863898222775,PCA + Linear-SVM,unconscious,unconscious,False,Image,False,4,3,4,3
920,sub-04,lh-fusiform,0.3333333333333333,-0.0890870806374748,0.28571428571428575,0.684986802236053,PCA + Linear-SVM,unconscious,unconscious,False,Image,False,4,1,2,3
921,sub-04,lh-fusiform,0.5510204081632654,0.14907119849998599,0.5,0.7002904932929729,PCA + Linear-SVM,unconscious,unconscious,False,Image,False,5,3,4,2
922,sub-04,lh-fusiform,0.5918367346938775,0.0,0.4615384615384615,0.6888736805370427,PCA + Linear-SVM,unconscious,unconscious,False,Image,False,4,3,4,3
923,sub-04,lh-fusiform,0.5873015873015872,-0.015873015873015872,0.5555555555555556,0.6994784717436493,PCA + Linear-SVM,unconscious,unconscious,False,Image,False,3,5,4,4
924,sub-04,lh-fusiform,0.6666666666666667,0.17142178795424282,0.5833333333333334,0.7123012957602751,PCA + Linear-SVM,unconscious,unconscious,False,Image,False,5,7,8,2
925,sub-04,lh-fusiform,0.45238095238095233,-0.2326210525996177,0.4,0.7237360475836945,PCA + Linear-SVM,unconscious,unconscious,False,Image,False,3,4,8,4
926,sub-04,lh-fusiform,0.5714285714285714,0.06900655593423542,0.4444444444444445,0.6784545694345586,PCA + Linear-SVM,unconscious,unconscious,False,Image,False,4,2,2,3
927,sub-04,lh-fusiform,0.5142857142857142,-0.02857142857142857,0.4000000000000001,0.6906726397615074,PCA + Linear-SVM,unconscious,unconscious,False,Image,False,4,2,3,3
928,sub-04,lh-fusiform,0.6493506493506493,0.11396057645963795,0.6,0.6986927550140312,PCA + Linear-SVM,unconscious,unconscious,False,Image,False,4,6,5,3
929,sub-04,lh-fusiform,0.8857142857142857,0.47809144373375745,0.6666666666666665,0.6670853228286341,PCA + Linear-SVM,unconscious,unconscious,False,Image,False,6,3,2,1
930,sub-04,lh-fusiform,0.4945054945054945,-0.04279604925109129,0.4761904761904762,0.7191481355576814,PCA + Linear-SVM,unconscious,unconscious,False,Image,False,4,5,8,3
931,sub-04,lh-fusiform,0.6753246753246753,0.2548235957188128,0.631578947368421,0.6948255832272809,PCA + Linear-SVM,unconscious,unconscious,False,Image,False,5,6,5,2
932,sub-04,lh-fusiform,0.4761904761904762,-0.09759000729485333,0.3636363636363636,0.6897593657013892,PCA + Linear-SVM,unconscious,unconscious,False,Image,False,4,2,4,3
933,sub-04,lh-fusiform,0.35714285714285715,-0.47809144373375745,0.0,0.6696613048969939,PCA + Linear-SVM,unconscious,unconscious,False,Image,False,3,0,2,4
934,sub-04,lh-fusiform,0.6190476190476191,0.07142857142857142,0.5,0.6856953296700452,PCA + Linear-SVM,unconscious,unconscious,False,Image,False,4,3,3,3
935,sub-04,lh-fusiform,0.5,-0.17857142857142858,0.25,0.6777586120205652,PCA + Linear-SVM,unconscious,unconscious,False,Image,False,4,1,3,3
936,sub-04,lh-fusiform,0.43956043956043955,-0.04279604925109129,0.4761904761904762,0.7182277226244849,PCA + Linear-SVM,unconscious,unconscious,False,Image,False,4,5,8,3
937,sub-04,lh-fusiform,0.46938775510204084,-0.14907119849998599,0.3333333333333333,0.693467357448081,PCA + Linear-SVM,unconscious,unconscious,False,Image,False,4,2,5,3
938,sub-04,lh-fusiform,0.44285714285714284,-0.2714285714285714,0.3529411764705882,0.7085943665824593,PCA + Linear-SVM,unconscious,unconscious,False,Image,False,3,3,7,4
939,sub-04,lh-fusiform,0.7857142857142857,0.5367450401216932,0.7272727272727272,0.6677589306047147,PCA + Linear-SVM,unconscious,unconscious,False,Image,False,6,4,2,1
940,sub-04,lh-fusiform,0.6363636363636364,0.20385887657505022,0.6666666666666666,0.6986283564695761,PCA + Linear-SVM,unconscious,unconscious,False,Image,False,4,7,4,3
941,sub-04,lh-fusiform,0.5714285714285714,0.21428571428571427,0.5,0.6774425201599263,PCA + Linear-SVM,unconscious,unconscious,False,Image,False,5,2,2,2
942,sub-04,lh-fusiform,0.4545454545454546,-0.11396057645963795,0.5,0.7137633533585828,PCA + Linear-SVM,unconscious,unconscious,False,Image,False,3,5,6,4
943,sub-04,lh-fusiform,0.5714285714285714,0.07142857142857142,0.5333333333333333,0.6966746372890434,PCA + Linear-SVM,unconscious,unconscious,False,Image,False,4,4,4,3
944,sub-04,lh-fusiform,0.38095238095238093,-0.23809523809523808,0.3333333333333333,0.7021352281520136,PCA + Linear-SVM,unconscious,unconscious,False,Image,False,3,2,4,4
945,sub-04,lh-fusiform,0.746031746031746,0.2698412698412698,0.6250000000000001,0.685151218597385,PCA + Linear-SVM,unconscious,unconscious,False,Image,False,5,5,4,2
946,sub-04,lh-fusiform,0.4857142857142857,-0.02857142857142857,0.4000000000000001,0.6896585779826746,PCA + Linear-SVM,unconscious,unconscious,False,Image,False,4,2,3,3
947,sub-04,lh-fusiform,0.40816326530612246,-0.28867513459481287,0.30769230769230765,0.703960955815317,PCA + Linear-SVM,unconscious,unconscious,False,Image,False,3,2,5,4
948,sub-04,lh-fusiform,0.4945054945054945,0.0316069770620507,0.5454545454545455,0.7273991231728962,PCA + Linear-SVM,unconscious,unconscious,False,Image,False,4,6,7,3
949,sub-04,lh-fusiform,0.8,0.47809144373375745,0.6666666666666665,0.6744781651455822,PCA + Linear-SVM,unconscious,unconscious,False,Image,False,6,3,2,1
950,sub-04,lh-fusiform,0.5428571428571429,-0.02857142857142857,0.4000000000000001,0.68345651177771,PCA + Linear-SVM,unconscious,unconscious,False,Image,False,4,2,3,3
951,sub-04,lh-fusiform,0.47619047619047616,-0.2182178902359924,0.25,0.6721895606869329,PCA + Linear-SVM,unconscious,unconscious,False,Image,False,3,1,2,4
952,sub-04,lh-fusiform,0.5714285714285714,0.2714285714285714,0.7,0.702168428451972,PCA + Linear-SVM,unconscious,unconscious,False,Image,False,4,7,3,3
953,sub-04,lh-fusiform,0.40476190476190477,-0.09759000729485333,0.3636363636363636,0.7047512647969476,PCA + Linear-SVM,unconscious,unconscious,False,Image,False,4,2,4,3
954,sub-04,lh-fusiform,0.5714285714285714,0.07142857142857142,0.5,0.6846489500146846,PCA + Linear-SVM,unconscious,unconscious,False,Image,False,4,3,3,3
955,sub-04,lh-fusiform,0.5,-0.05455447255899809,0.42857142857142855,0.6960899029315244,PCA + Linear-SVM,unconscious,unconscious,False,Image,False,4,3,5,3
956,sub-04,lh-fusiform,0.6666666666666666,0.2698412698412698,0.6250000000000001,0.6961174705448037,PCA + Linear-SVM,unconscious,unconscious,False,Image,False,5,5,4,2
957,sub-04,lh-fusiform,0.3571428571428571,-0.23809523809523808,0.3333333333333333,0.6954133211637106,PCA + Linear-SVM,unconscious,unconscious,False,Image,False,3,2,4,4
958,sub-04,lh-fusiform,0.7142857142857142,0.49099025303098287,0.7142857142857143,0.6852019971593392,PCA + Linear-SVM,unconscious,unconscious,False,Image,False,6,5,3,1
959,sub-04,lh-fusiform,0.42857142857142855,0.0,0.5333333333333333,0.6951711526362031,PCA + Linear-SVM,unconscious,unconscious,False,Image,False,3,4,3,4
960,sub-04,lh-fusiform,0.28571428571428575,-0.47809144373375745,0.0,0.6705653637013184,PCA + Linear-SVM,unconscious,unconscious,False,Image,False,3,0,2,4
961,sub-04,lh-fusiform,0.7090909090909091,0.22084711628963774,0.5,0.6670681189445951,PCA + Linear-SVM,unconscious,unconscious,False,Image,False,7,3,2,4
962,sub-04,lh-fusiform,0.5568181818181819,0.13636363636363635,0.5,0.6832988495882429,PCA + Linear-SVM,unconscious,unconscious,False,Image,False,7,4,4,4
963,sub-04,lh-fusiform,0.42424242424242425,-0.12878787878787878,0.43478260869565216,0.7062877676245857,PCA + Linear-SVM,unconscious,unconscious,False,Image,False,5,5,7,6
964,sub-04,lh-fusiform,0.5090909090909091,0.034815531191139566,0.3636363636363636,0.671418040008989,PCA + Linear-SVM,unconscious,unconscious,False,Image,False,7,2,3,4
965,sub-04,lh-fusiform,0.553030303030303,0.045454545454545456,0.5217391304347826,0.6957574958884364,PCA + Linear-SVM,unconscious,unconscious,False,Image,False,6,6,6,5
966,sub-04,lh-fusiform,0.5454545454545455,-0.050964719143762556,0.3333333333333333,0.6748490698142575,PCA + Linear-SVM,unconscious,unconscious,False,Image,False,6,2,3,5
967,sub-04,lh-fusiform,0.4545454545454545,-0.025482359571881278,0.39999999999999997,0.6830848111875509,PCA + Linear-SVM,unconscious,unconscious,False,Image,False,6,3,4,5
968,sub-04,lh-fusiform,0.48484848484848486,-0.025949964805384102,0.25,0.6670095050795739,PCA + Linear-SVM,unconscious,unconscious,False,Image,False,7,1,2,4
969,sub-04,lh-fusiform,0.5324675324675325,0.2987012987012987,0.5714285714285714,0.6826537381020147,PCA + Linear-SVM,unconscious,unconscious,False,Image,False,8,4,3,3
970,sub-04,lh-fusiform,0.6623376623376623,0.20385887657505022,0.5333333333333333,0.6776558984237886,PCA + Linear-SVM,unconscious,unconscious,False,Image,False,7,4,3,4
971,sub-04,lh-fusiform,0.6262626262626263,0.1919191919191919,0.5555555555555556,0.6804461294662343,PCA + Linear-SVM,unconscious,unconscious,False,Image,False,7,5,4,4
972,sub-04,lh-fusiform,0.5515151515151515,-0.0778498944161523,0.5,0.7014900663939578,PCA + Linear-SVM,unconscious,unconscious,False,Image,False,5,7,8,6
973,sub-04,lh-fusiform,0.4318181818181819,-0.0381690510345287,0.45454545454545453,0.7034799041884708,PCA + Linear-SVM,unconscious,unconscious,False,Image,False,6,5,7,5
974,sub-04,lh-fusiform,0.5454545454545454,0.040291148201269014,0.36363636363636365,0.6696360578439259,PCA + Linear-SVM,unconscious,unconscious,False,Image,False,6,2,2,5
975,sub-04,lh-fusiform,0.509090909090909,0.12727272727272726,0.4000000000000001,0.6722363096317573,PCA + Linear-SVM,unconscious,unconscious,False,Image,False,8,2,3,3
976,sub-04,lh-fusiform,0.7190082644628099,0.18257418583505536,0.5714285714285713,0.6867866157830744,PCA + Linear-SVM,unconscious,unconscious,False,Image,False,7,6,5,4
977,sub-04,lh-fusiform,0.8545454545454545,0.3133397807202561,0.5454545454545454,0.6648516465691132,PCA + Linear-SVM,unconscious,unconscious,False,Image,False,8,3,2,3
978,sub-04,lh-fusiform,0.5454545454545454,0.08362420100070908,0.5599999999999999,0.6964399543863219,PCA + Linear-SVM,unconscious,unconscious,False,Image,False,6,7,6,5
979,sub-04,lh-fusiform,0.7190082644628099,0.2773500981126146,0.6,0.6832336495615174,PCA + Linear-SVM,unconscious,unconscious,False,Image,False,8,6,5,3
980,sub-04,lh-fusiform,0.6515151515151515,0.13241022442571243,0.4615384615384615,0.6735257727398125,PCA + Linear-SVM,unconscious,unconscious,False,Image,False,7,3,3,4
981,sub-04,lh-fusiform,0.36363636363636365,-0.2842676218074806,0.0,0.6610042881009355,PCA + Linear-SVM,unconscious,unconscious,False,Image,False,7,0,2,4
982,sub-04,lh-fusiform,0.5606060606060606,0.13241022442571243,0.4615384615384615,0.6769938560799602,PCA + Linear-SVM,unconscious,unconscious,False,Image,False,7,3,3,4
983,sub-04,lh-fusiform,0.6590909090909091,0.3424747597107866,0.5454545454545454,0.6667589274302776,PCA + Linear-SVM,unconscious,unconscious,False,Image,False,7,3,1,4
984,sub-04,lh-fusiform,0.5034965034965035,0.08362420100070908,0.5599999999999999,0.7013876274614184,PCA + Linear-SVM,unconscious,unconscious,False,Image,False,6,7,6,5
985,sub-04,lh-fusiform,0.5324675324675324,0.20385887657505022,0.5333333333333333,0.6798971374692304,PCA + Linear-SVM,unconscious,unconscious,False,Image,False,7,4,3,4
986,sub-04,lh-fusiform,0.509090909090909,-0.05504818825631803,0.4210526315789474,0.6910578488655308,PCA + Linear-SVM,unconscious,unconscious,False,Image,False,6,4,6,5
987,sub-04,lh-fusiform,0.7878787878787878,0.29012942659282975,0.5714285714285715,0.6658504090713151,PCA + Linear-SVM,unconscious,unconscious,False,Image,False,7,4,2,4
988,sub-04,lh-fusiform,0.6528925619834711,0.2727272727272727,0.6363636363636364,0.6861454009675518,PCA + Linear-SVM,unconscious,unconscious,False,Image,False,7,7,4,4
989,sub-04,lh-fusiform,0.5454545454545454,0.12309149097933272,0.4,0.669291584338433,PCA + Linear-SVM,unconscious,unconscious,False,Image,False,7,2,2,4
990,sub-04,lh-fusiform,0.5289256198347108,0.0,0.47619047619047616,0.6940103436737641,PCA + Linear-SVM,unconscious,unconscious,False,Image,False,6,5,6,5
991,sub-04,lh-fusiform,0.6477272727272727,0.2584432806109095,0.5882352941176471,0.6783361749319324,PCA + Linear-SVM,unconscious,unconscious,False,Image,False,7,5,3,4
992,sub-04,lh-fusiform,0.37878787878787884,-0.11769797726729993,0.30769230769230765,0.681240230426549,PCA + Linear-SVM,unconscious,unconscious,False,Image,False,6,2,4,5
993,sub-04,lh-fusiform,0.7777777777777777,0.3939393939393939,0.6666666666666666,0.6733242921819664,PCA + Linear-SVM,unconscious,unconscious,False,Image,False,8,6,3,3
994,sub-04,lh-fusiform,0.5454545454545455,0.12727272727272726,0.4000000000000001,0.6737091875619317,PCA + Linear-SVM,unconscious,unconscious,False,Image,False,8,2,3,3
995,sub-04,lh-fusiform,0.38961038961038963,-0.11396057645963795,0.375,0.6893148720231025,PCA + Linear-SVM,unconscious,unconscious,False,Image,False,5,3,4,6
996,sub-04,lh-fusiform,0.5034965034965035,0.006993006993006993,0.4999999999999999,0.7040255923927039,PCA + Linear-SVM,unconscious,unconscious,False,Image,False,6,6,7,5
997,sub-04,lh-fusiform,0.7454545454545454,0.3133397807202561,0.5454545454545454,0.6667214170603996,PCA + Linear-SVM,unconscious,unconscious,False,Image,False,8,3,2,3
998,sub-04,lh-fusiform,0.5636363636363637,0.034815531191139566,0.3636363636363636,0.6731265375041497,PCA + Linear-SVM,unconscious,unconscious,False,Image,False,7,2,3,4
999,sub-04,lh-fusiform,0.5151515151515151,-0.10050378152592121,0.2222222222222222,0.6668814990626306,PCA + Linear-SVM,unconscious,unconscious,False,Image,False,6,1,2,5
1000,sub-04,lh-fusiform,0.5272727272727273,-0.05504818825631803,0.4210526315789474,0.6906883565339845,PCA + Linear-SVM,unconscious,unconscious,False,Image,False,6,4,6,5
1001,sub-04,lh-fusiform,0.5303030303030303,0.13241022442571243,0.4615384615384615,0.679927013509382,PCA + Linear-SVM,unconscious,unconscious,False,Image,False,7,3,3,4
1002,sub-04,lh-fusiform,0.6060606060606061,0.13241022442571243,0.4615384615384615,0.6730805796800697,PCA + Linear-SVM,unconscious,unconscious,False,Image,False,7,3,3,4
1003,sub-04,lh-fusiform,0.5113636363636364,-0.07954545454545454,0.375,0.6865222244440278,PCA + Linear-SVM,unconscious,unconscious,False,Image,False,6,3,5,5
1004,sub-04,lh-fusiform,0.6868686868686869,0.28721347895177635,0.5882352941176471,0.6830325610536665,PCA + Linear-SVM,unconscious,unconscious,False,Image,False,8,5,4,3
1005,sub-04,lh-fusiform,0.4696969696969697,-0.11769797726729993,0.30769230769230765,0.6793491376146923,PCA + Linear-SVM,unconscious,unconscious,False,Image,False,6,2,4,5
1006,sub-04,lh-fusiform,0.7272727272727273,0.45361105256925455,0.6666666666666666,0.6739972576895905,PCA + Linear-SVM,unconscious,unconscious,False,Image,False,9,5,3,2
1007,sub-04,lh-fusiform,0.5714285714285714,0.20385887657505022,0.5333333333333333,0.6805778523923762,PCA + Linear-SVM,unconscious,unconscious,False,Image,False,7,4,3,4
1008,sub-04,lh-fusiform,0.36363636363636365,-0.2842676218074806,0.0,0.6616380206404032,PCA + Linear-SVM,unconscious,unconscious,False,Image,False,7,0,2,4
1009,sub-04,lh-fusiform,0.5,-0.15118578920369088,0.26666666666666666,0.6711532724455677,PCA + Linear-SVM,unconscious,unconscious,False,Image,False,6,2,3,8
1010,sub-04,lh-fusiform,0.5089285714285715,-0.12076147288491199,0.33333333333333326,0.6806986050668148,PCA + Linear-SVM,unconscious,unconscious,False,Image,False,7,3,5,7
1011,sub-04,lh-fusiform,0.36904761904761907,-0.1543033499620919,0.4,0.7050361840855998,PCA + Linear-SVM,unconscious,unconscious,False,Image,False,6,5,7,8
1012,sub-04,lh-fusiform,0.4714285714285714,-0.025482359571881278,0.3076923076923077,0.6735072971741577,PCA + Linear-SVM,unconscious,unconscious,False,Image,False,8,2,3,6
1013,sub-04,lh-fusiform,0.44642857142857145,-0.08333333333333333,0.4166666666666667,0.6919563166594795,PCA + Linear-SVM,unconscious,unconscious,False,Image,False,7,5,7,7
1014,sub-04,lh-fusiform,0.4857142857142857,-0.08819171036881969,0.2857142857142857,0.6756726696848698,PCA + Linear-SVM,unconscious,unconscious,False,Image,False,7,2,3,7
1015,sub-04,lh-fusiform,0.44897959183673475,-0.06741998624632421,0.3529411764705882,0.6788657533845068,PCA + Linear-SVM,unconscious,unconscious,False,Image,False,7,3,4,7
1016,sub-04,lh-fusiform,0.2857142857142857,-0.2397561119080782,0.15384615384615383,0.6746752189576414,PCA + Linear-SVM,unconscious,unconscious,False,Image,False,5,1,2,9
1017,sub-04,lh-fusiform,0.34693877551020413,0.0,0.4210526315789474,0.6827924111221055,PCA + Linear-SVM,unconscious,unconscious,False,Image,False,6,4,3,8
1018,sub-04,lh-fusiform,0.5306122448979591,-0.06741998624632421,0.3529411764705882,0.6754370265871773,PCA + Linear-SVM,unconscious,unconscious,False,Image,False,7,3,4,7
1019,sub-04,lh-fusiform,0.5476190476190477,0.015626907697949846,0.4210526315789474,0.6808392561432798,PCA + Linear-SVM,unconscious,unconscious,False,Image,False,8,4,5,6
1020,sub-04,lh-fusiform,0.5857142857142856,0.038277950117547636,0.5,0.692941279584128,PCA + Linear-SVM,unconscious,unconscious,False,Image,False,8,7,8,6
1021,sub-04,lh-fusiform,0.34523809523809523,-0.08333333333333333,0.4166666666666667,0.7046546444287277,PCA + Linear-SVM,unconscious,unconscious,False,Image,False,7,5,7,7
1022,sub-04,lh-fusiform,0.5,-0.2091650066335189,0.16666666666666666,0.6684075375528961,PCA + Linear-SVM,unconscious,unconscious,False,Image,False,7,1,3,7
1023,sub-04,lh-fusiform,0.45714285714285713,-0.08819171036881969,0.2857142857142857,0.672087732535478,PCA + Linear-SVM,unconscious,unconscious,False,Image,False,7,2,3,7
1024,sub-04,lh-fusiform,0.6103896103896105,0.18831168831168832,0.5454545454545454,0.6823088146715429,PCA + Linear-SVM,unconscious,unconscious,False,Image,False,9,6,5,5
1025,sub-04,lh-fusiform,0.8857142857142858,0.5709223948597402,0.6666666666666665,0.6630812466714338,PCA + Linear-SVM,unconscious,unconscious,False,Image,False,13,3,2,1
1026,sub-04,lh-fusiform,0.44505494505494514,-0.038461538461538464,0.46153846153846156,0.6970111860146678,PCA + Linear-SVM,unconscious,unconscious,False,Image,False,7,6,7,7
1027,sub-04,lh-fusiform,0.6038961038961039,0.18831168831168832,0.5454545454545454,0.6800825601829726,PCA + Linear-SVM,unconscious,unconscious,False,Image,False,9,6,5,5
1028,sub-04,lh-fusiform,0.4642857142857143,-0.2182178902359924,0.25,0.6757886444197925,PCA + Linear-SVM,unconscious,unconscious,False,Image,False,6,2,4,8
1029,sub-04,lh-fusiform,0.35714285714285715,-0.3333333333333333,0.0,0.6649709537487922,PCA + Linear-SVM,unconscious,unconscious,False,Image,False,7,0,2,7
1030,sub-04,lh-fusiform,0.5476190476190477,-0.0890870806374748,0.28571428571428575,0.6747790760836015,PCA + Linear-SVM,unconscious,unconscious,False,Image,False,8,2,4,6
1031,sub-04,lh-fusiform,0.5,-0.2091650066335189,0.16666666666666666,0.6700231308844704,PCA + Linear-SVM,unconscious,unconscious,False,Image,False,7,1,3,7
1032,sub-04,lh-fusiform,0.4285714285714286,0.033149677206589796,0.48000000000000004,0.6960730727276901,PCA + Linear-SVM,unconscious,unconscious,False,Image,False,8,6,7,6
1033,sub-04,lh-fusiform,0.5306122448979592,-0.06741998624632421,0.3529411764705882,0.6750115171370777,PCA + Linear-SVM,unconscious,unconscious,False,Image,False,7,3,4,7
1034,sub-04,lh-fusiform,0.4,-0.26856632724128343,0.28571428571428564,0.6891234956852128,PCA + Linear-SVM,unconscious,unconscious,False,Image,False,6,3,7,8
1035,sub-04,lh-fusiform,0.7619047619047619,0.1336306209562122,0.42857142857142855,0.6651190157851985,PCA + Linear-SVM,unconscious,unconscious,False,Image,False,9,3,3,5
1036,sub-04,lh-fusiform,0.564935064935065,0.18831168831168832,0.5454545454545454,0.6836987079280198,PCA + Linear-SVM,unconscious,unconscious,False,Image,False,9,6,5,5
1037,sub-04,lh-fusiform,0.5535714285714286,0.05976143046671968,0.3333333333333333,0.6690406148082758,PCA + Linear-SVM,unconscious,unconscious,False,Image,False,8,2,2,6
1038,sub-04,lh-fusiform,0.4220779220779221,-0.13636363636363635,0.36363636363636365,0.6924224473859267,PCA + Linear-SVM,unconscious,unconscious,False,Image,False,7,4,7,7
1039,sub-04,lh-fusiform,0.5267857142857143,-0.12076147288491199,0.33333333333333326,0.6813577966014445,PCA + Linear-SVM,unconscious,unconscious,False,Image,False,7,3,5,7
1040,sub-04,lh-fusiform,0.33333333333333337,-0.28511240114923325,0.23529411764705885,0.6816931532097921,PCA + Linear-SVM,unconscious,unconscious,False,Image,False,5,2,4,9
1041,sub-04,lh-fusiform,0.6666666666666667,0.12406456138646277,0.5,0.6735001699820454,PCA + Linear-SVM,unconscious,unconscious,False,Image,False,8,5,4,6
1042,sub-04,lh-fusiform,0.4857142857142857,-0.08819171036881969,0.2857142857142857,0.6740413384116041,PCA + Linear-SVM,unconscious,unconscious,False,Image,False,7,2,3,7
1043,sub-04,lh-fusiform,0.3979591836734694,-0.26967994498529685,0.23529411764705882,0.6827661580866791,PCA + Linear-SVM,unconscious,unconscious,False,Image,False,6,2,5,8
1044,sub-04,lh-fusiform,0.4065934065934066,-0.038461538461538464,0.46153846153846156,0.701018241015011,PCA + Linear-SVM,unconscious,unconscious,False,Image,False,7,6,7,7
1045,sub-04,lh-fusiform,0.6142857142857143,0.03912303982179758,0.3333333333333333,0.6690403603600085,PCA + Linear-SVM,unconscious,unconscious,False,Image,False,9,2,3,5
1046,sub-04,lh-fusiform,0.5714285714285714,0.03912303982179758,0.3333333333333333,0.6708321913745252,PCA + Linear-SVM,unconscious,unconscious,False,Image,False,9,2,3,5
1047,sub-04,lh-fusiform,0.47619047619047616,-0.2397561119080782,0.15384615384615383,0.6674637705477097,PCA + Linear-SVM,unconscious,unconscious,False,Image,False,5,1,2,9
1048,sub-04,lh-fusiform,0.5071428571428571,0.09894548898363074,0.5217391304347826,0.686343349431727,PCA + Linear-SVM,unconscious,unconscious,False,Image,False,7,6,4,7
1049,sub-04,lh-fusiform,0.40476190476190477,-0.15352206215727945,0.26666666666666666,0.6781019925381273,PCA + Linear-SVM,unconscious,unconscious,False,Image,False,7,2,4,7
1050,sub-04,lh-fusiform,0.5714285714285714,-0.0890870806374748,0.28571428571428575,0.6724065142782257,PCA + Linear-SVM,unconscious,unconscious,False,Image,False,8,2,4,6
1051,sub-04,lh-fusiform,0.5089285714285714,-0.12076147288491199,0.33333333333333326,0.6793200497862281,PCA + Linear-SVM,unconscious,unconscious,False,Image,False,7,3,5,7
1052,sub-04,lh-fusiform,0.5873015873015873,0.0873015873015873,0.4444444444444444,0.6791681646858095,PCA + Linear-SVM,unconscious,unconscious,False,Image,False,9,4,5,5
1053,sub-04,lh-fusiform,0.40476190476190477,-0.2182178902359924,0.25,0.6761355226979556,PCA + Linear-SVM,unconscious,unconscious,False,Image,False,6,2,4,8
1054,sub-04,lh-fusiform,0.6785714285714286,0.33195686496194077,0.5882352941176471,0.6760173306891122,PCA + Linear-SVM,unconscious,unconscious,False,Image,False,10,5,3,4
1055,sub-04,lh-fusiform,0.3775510204081633,-0.13483997249264842,0.33333333333333326,0.679416894462018,PCA + Linear-SVM,unconscious,unconscious,False,Image,False,6,3,4,8
1056,sub-04,lh-fusiform,0.32142857142857145,-0.3333333333333333,0.0,0.6658421564924635,PCA + Linear-SVM,unconscious,unconscious,False,Image,False,7,0,2,7
1057,sub-04,lh-fusiform,0.6200000000000001,-0.09449111825230681,0.3333333333333333,0.6684555909048163,PCA + Linear-SVM,unconscious,unconscious,False,Image,False,5,2,3,5
1058,sub-04,lh-fusiform,0.5625,-0.025482359571881278,0.39999999999999997,0.6844694277777319,PCA + Linear-SVM,unconscious,unconscious,False,Image,False,6,3,5,4
1059,sub-04,lh-fusiform,0.3833333333333333,-0.3651483716701107,0.34782608695652173,0.7084195519796079,PCA + Linear-SVM,unconscious,unconscious,False,Image,False,3,4,8,7
1060,sub-04,lh-fusiform,0.66,0.0,0.42857142857142855,0.6717045162028369,PCA + Linear-SVM,unconscious,unconscious,False,Image,False,4,3,2,6
1061,sub-04,lh-fusiform,0.5916666666666666,0.0,0.5217391304347826,0.6950097275532084,PCA + Linear-SVM,unconscious,unconscious,False,Image,False,5,6,6,5
1062,sub-04,lh-fusiform,0.5800000000000001,0.0,0.3636363636363636,0.6704134444765895,PCA + Linear-SVM,unconscious,unconscious,False,Image,False,6,2,3,4
1063,sub-04,lh-fusiform,0.4714285714285714,-0.07042952122737638,0.39999999999999997,0.6836135812351435,PCA + Linear-SVM,unconscious,unconscious,False,Image,False,5,3,4,5
1064,sub-04,lh-fusiform,0.5333333333333332,0.03042903097250923,0.28571428571428575,0.6626711704428728,PCA + Linear-SVM,unconscious,unconscious,False,Image,False,7,1,2,3
1065,sub-04,lh-fusiform,0.45714285714285713,0.02857142857142857,0.42857142857142855,0.6857323503623596,PCA + Linear-SVM,unconscious,unconscious,False,Image,False,6,3,4,4
1066,sub-04,lh-fusiform,0.5714285714285714,0.02857142857142857,0.42857142857142855,0.6805505685897264,PCA + Linear-SVM,unconscious,unconscious,False,Image,False,6,3,4,4
1067,sub-04,lh-fusiform,0.6222222222222222,0.2584432806109095,0.5882352941176471,0.684836271737664,PCA + Linear-SVM,unconscious,unconscious,False,Image,False,7,5,4,3
1068,sub-04,lh-fusiform,0.7666666666666666,0.5,0.8000000000000002,0.7012967138221916,PCA + Linear-SVM,unconscious,unconscious,False,Image,False,7,12,3,3
1069,sub-04,lh-fusiform,0.4666666666666667,-0.08333333333333333,0.45454545454545453,0.7016536457187291,PCA + Linear-SVM,unconscious,unconscious,False,Image,False,5,5,7,5
1070,sub-04,lh-fusiform,0.575,0.09128709291752768,0.4,0.6692998294313826,PCA + Linear-SVM,unconscious,unconscious,False,Image,False,6,2,2,4
1071,sub-04,lh-fusiform,0.5,0.1,0.4000000000000001,0.6766160551436813,PCA + Linear-SVM,unconscious,unconscious,False,Image,False,7,2,3,3
1072,sub-04,lh-fusiform,0.7909090909090909,0.4403855060505442,0.7000000000000001,0.6893524739077889,PCA + Linear-SVM,unconscious,unconscious,False,Image,False,8,7,4,2
1073,sub-04,lh-fusiform,0.88,0.4,0.6,0.6668748012878591,PCA + Linear-SVM,unconscious,unconscious,False,Image,False,8,3,2,2
1074,sub-04,lh-fusiform,0.5153846153846154,-0.11538461538461539,0.4347826086956522,0.7013093452629412,PCA + Linear-SVM,unconscious,unconscious,False,Image,False,5,5,8,5
1075,sub-04,lh-fusiform,0.8,0.33636363636363636,0.6666666666666666,0.6852271601064853,PCA + Linear-SVM,unconscious,unconscious,False,Image,False,7,7,4,3
1076,sub-04,lh-fusiform,0.5499999999999999,0.09759000729485331,0.4615384615384615,0.6776053353256242,PCA + Linear-SVM,unconscious,unconscious,False,Image,False,6,3,3,4
1077,sub-04,lh-fusiform,0.39999999999999997,-0.31622776601683794,0.0,0.6605949112350156,PCA + Linear-SVM,unconscious,unconscious,False,Image,False,6,0,2,4
1078,sub-04,lh-fusiform,0.6,-0.06666666666666667,0.3333333333333333,0.675348591787978,PCA + Linear-SVM,unconscious,unconscious,False,Image,False,6,2,4,4
1079,sub-04,lh-fusiform,0.575,0.09128709291752768,0.4,0.6687135251348576,PCA + Linear-SVM,unconscious,unconscious,False,Image,False,6,2,2,4
1080,sub-04,lh-fusiform,0.5076923076923077,0.13740858372430334,0.5833333333333334,0.7027272554811124,PCA + Linear-SVM,unconscious,unconscious,False,Image,False,6,7,6,4
1081,sub-04,lh-fusiform,0.5285714285714286,-0.07042952122737638,0.39999999999999997,0.6812853126326988,PCA + Linear-SVM,unconscious,unconscious,False,Image,False,5,3,4,5
1082,sub-04,lh-fusiform,0.54,-0.10050378152592121,0.4210526315789474,0.6920901566436874,PCA + Linear-SVM,unconscious,unconscious,False,Image,False,5,4,6,5
1083,sub-04,lh-fusiform,0.85,0.3133397807202561,0.5454545454545454,0.6660381886559987,PCA + Linear-SVM,unconscious,unconscious,False,Image,False,8,3,3,2
1084,sub-04,lh-fusiform,0.7181818181818181,0.24771684715343112,0.6,0.6877716526694521,PCA + Linear-SVM,unconscious,unconscious,False,Image,False,7,6,5,3
1085,sub-04,lh-fusiform,0.6,0.18856180831641267,0.4444444444444445,0.6685976615633268,PCA + Linear-SVM,unconscious,unconscious,False,Image,False,7,2,2,3
1086,sub-04,lh-fusiform,0.5363636363636364,-0.045454545454545456,0.47619047619047616,0.6974111404896363,PCA + Linear-SVM,unconscious,unconscious,False,Image,False,5,5,6,5
1087,sub-04,lh-fusiform,0.5625,0.0,0.47058823529411764,0.6861387473432433,PCA + Linear-SVM,unconscious,unconscious,False,Image,False,5,4,4,5
1088,sub-04,lh-fusiform,0.4333333333333333,-0.3578300267477955,0.26666666666666666,0.681538565711516,PCA + Linear-SVM,unconscious,unconscious,False,Image,False,3,2,4,7
1089,sub-04,lh-fusiform,0.788888888888889,0.47193990372426947,0.7058823529411765,0.6787183958007824,PCA + Linear-SVM,unconscious,unconscious,False,Image,False,8,6,3,2
1090,sub-04,lh-fusiform,0.5,-0.09449111825230681,0.3333333333333333,0.6781143217318626,PCA + Linear-SVM,unconscious,unconscious,False,Image,False,5,2,3,5
1091,sub-04,lh-fusiform,0.42857142857142855,-0.11769797726729993,0.30769230769230765,0.6898572483337815,PCA + Linear-SVM,unconscious,unconscious,False,Image,False,6,2,5,4
1092,sub-04,lh-fusiform,0.49230769230769234,-0.0381690510345287,0.4999999999999999,0.7069575262381553,PCA + Linear-SVM,unconscious,unconscious,False,Image,False,5,6,7,5
1093,sub-04,lh-fusiform,0.74,0.28867513459481287,0.5454545454545454,0.6677014852230729,PCA + Linear-SVM,unconscious,unconscious,False,Image,False,7,3,2,3
1094,sub-04,lh-fusiform,0.56,0.0,0.3636363636363636,0.6738923065863452,PCA + Linear-SVM,unconscious,unconscious,False,Image,False,6,2,3,4
1095,sub-04,lh-fusiform,0.6,-0.14085904245475275,0.2222222222222222,0.6620908339885317,PCA + Linear-SVM,unconscious,unconscious,False,Image,False,5,1,2,5
1096,sub-04,lh-fusiform,0.65,0.30151134457776363,0.631578947368421,0.6912025722106264,PCA + Linear-SVM,unconscious,unconscious,False,Image,False,7,6,4,3
1097,sub-04,lh-fusiform,0.5333333333333332,0.2,0.5,0.6817286255593139,PCA + Linear-SVM,unconscious,unconscious,False,Image,False,7,3,3,3
1098,sub-04,lh-fusiform,0.6,0.0,0.42857142857142855,0.6766570188632378,PCA + Linear-SVM,unconscious,unconscious,False,Image,False,5,3,3,5
1099,sub-04,lh-fusiform,0.6,0.1,0.5,0.6838276067522138,PCA + Linear-SVM,unconscious,unconscious,False,Image,False,6,4,4,4
1100,sub-04,lh-fusiform,0.7555555555555555,0.36666666666666664,0.6666666666666666,0.6842186522393781,PCA + Linear-SVM,unconscious,unconscious,False,Image,False,7,6,3,3
1101,sub-04,lh-fusiform,0.39999999999999997,-0.16265001215808886,0.30769230769230765,0.6825206640281518,PCA + Linear-SVM,unconscious,unconscious,False,Image,False,5,2,4,5
1102,sub-04,lh-fusiform,0.75,0.4332001127219817,0.6666666666666666,0.6773131003442875,PCA + Linear-SVM,unconscious,unconscious,False,Image,False,8,5,3,2
1103,sub-04,lh-fusiform,0.44285714285714284,-0.07042952122737638,0.39999999999999997,0.6852608015903999,PCA + Linear-SVM,unconscious,unconscious,False,Image,False,5,3,4,5
1104,sub-04,lh-fusiform,0.35,-0.37796447300922725,0.0,0.6613384773968701,PCA + Linear-SVM,unconscious,unconscious,False,Image,False,5,0,2,5
1105,sub-04,lh-fusiform,0.43333333333333335,-0.16735967034880075,0.2857142857142857,0.6851519446123927,PCA + Linear-SVM,unconscious,unconscious,False,Image,False,5,2,3,7
1106,sub-04,lh-fusiform,0.3229166666666667,-0.408248290463863,0.22222222222222224,0.7121597919620807,PCA + Linear-SVM,unconscious,unconscious,False,Image,False,4,2,6,8
1107,sub-04,lh-fusiform,0.29166666666666663,-0.3380617018914066,0.2727272727272727,0.7291903446724416,PCA + Linear-SVM,unconscious,unconscious,False,Image,False,5,3,9,7
1108,sub-04,lh-fusiform,0.3333333333333333,-0.16735967034880075,0.2857142857142857,0.6915716381661285,PCA + Linear-SVM,unconscious,unconscious,False,Image,False,5,2,3,7
1109,sub-04,lh-fusiform,0.33333333333333337,-0.2508726030021272,0.34782608695652173,0.705122019011727,PCA + Linear-SVM,unconscious,unconscious,False,Image,False,5,4,8,7
1110,sub-04,lh-fusiform,0.43333333333333335,-0.09128709291752769,0.3076923076923077,0.6861451349577733,PCA + Linear-SVM,unconscious,unconscious,False,Image,False,6,2,3,6
1111,sub-04,lh-fusiform,0.41666666666666663,-0.20935894733965593,0.26666666666666666,0.6910245862864962,PCA + Linear-SVM,unconscious,unconscious,False,Image,False,6,2,5,6
1112,sub-04,lh-fusiform,0.27777777777777773,-0.2004459314343183,0.18181818181818182,0.6921154880008753,PCA + Linear-SVM,unconscious,unconscious,False,Image,False,5,1,2,7
1113,sub-04,lh-fusiform,0.2380952380952381,-0.3680349649825889,0.23529411764705882,0.7095299423871179,PCA + Linear-SVM,unconscious,unconscious,False,Image,False,4,2,5,8
1114,sub-04,lh-fusiform,0.4523809523809524,-0.2875273163926476,0.25,0.6888894172161545,PCA + Linear-SVM,unconscious,unconscious,False,Image,False,5,2,5,7
1115,sub-04,lh-fusiform,0.4537037037037037,-0.05504818825631803,0.4210526315789474,0.6968224205183509,PCA + Linear-SVM,unconscious,unconscious,False,Image,False,6,4,5,6
1116,sub-04,lh-fusiform,0.4444444444444445,-0.1,0.4444444444444445,0.7033718580526395,PCA + Linear-SVM,unconscious,unconscious,False,Image,False,6,6,9,6
1117,sub-04,lh-fusiform,0.2569444444444444,-0.2508726030021272,0.34782608695652173,0.7226224282491295,PCA + Linear-SVM,unconscious,unconscious,False,Image,False,5,4,8,7
1118,sub-04,lh-fusiform,0.39583333333333337,-0.2886751345948129,0.16666666666666666,0.6851353336316575,PCA + Linear-SVM,unconscious,unconscious,False,Image,False,5,1,3,7
1119,sub-04,lh-fusiform,0.35000000000000003,-0.16735967034880075,0.2857142857142857,0.6940666584613695,PCA + Linear-SVM,unconscious,unconscious,False,Image,False,5,2,3,7
1120,sub-04,lh-fusiform,0.5151515151515151,-0.045454545454545456,0.45454545454545453,0.6920983625772302,PCA + Linear-SVM,unconscious,unconscious,False,Image,False,6,5,6,6
1121,sub-04,lh-fusiform,0.8,0.43333333333333335,0.6,0.6695313519685416,PCA + Linear-SVM,unconscious,unconscious,False,Image,False,10,3,2,2
1122,sub-04,lh-fusiform,0.42307692307692313,-0.2774251285747237,0.33333333333333337,0.7055309770986343,PCA + Linear-SVM,unconscious,unconscious,False,Image,False,5,4,9,7
1123,sub-04,lh-fusiform,0.5075757575757576,-0.13740858372430334,0.380952380952381,0.6913883304547168,PCA + Linear-SVM,unconscious,unconscious,False,Image,False,6,4,7,6
1124,sub-04,lh-fusiform,0.4027777777777778,-0.15811388300841897,0.28571428571428575,0.6868186082589174,PCA + Linear-SVM,unconscious,unconscious,False,Image,False,6,2,4,6
1125,sub-04,lh-fusiform,0.3333333333333333,-0.40824829046386296,0.0,0.6785243575300429,PCA + Linear-SVM,unconscious,unconscious,False,Image,False,5,0,2,7
1126,sub-04,lh-fusiform,0.5138888888888888,-0.08058229640253803,0.30769230769230765,0.6832934832977181,PCA + Linear-SVM,unconscious,unconscious,False,Image,False,7,2,4,5
1127,sub-04,lh-fusiform,0.3333333333333333,-0.363696483726654,0.15384615384615383,0.6887548145252501,PCA + Linear-SVM,unconscious,unconscious,False,Image,False,4,1,3,8
1128,sub-04,lh-fusiform,0.36538461538461536,-0.12179487179487179,0.46153846153846156,0.7070219276580673,PCA + Linear-SVM,unconscious,unconscious,False,Image,False,5,6,7,7
1129,sub-04,lh-fusiform,0.34523809523809523,-0.2875273163926476,0.25,0.6970887567755552,PCA + Linear-SVM,unconscious,unconscious,False,Image,False,5,2,5,7
1130,sub-04,lh-fusiform,0.3666666666666667,-0.2833333333333333,0.3,0.6994646710411933,PCA + Linear-SVM,unconscious,unconscious,False,Image,False,5,3,7,7
1131,sub-04,lh-fusiform,0.6944444444444444,0.25,0.5,0.6719358907461379,PCA + Linear-SVM,unconscious,unconscious,False,Image,False,9,3,3,3
1132,sub-04,lh-fusiform,0.49242424242424243,-0.045454545454545456,0.45454545454545453,0.6938171561441735,PCA + Linear-SVM,unconscious,unconscious,False,Image,False,6,5,6,6
1133,sub-04,lh-fusiform,0.3125,-0.07273929674533079,0.30769230769230765,0.6847149358770356,PCA + Linear-SVM,unconscious,unconscious,False,Image,False,5,2,2,7
1134,sub-04,lh-fusiform,0.43939393939393945,-0.054278245606577465,0.39999999999999997,0.7038676254216243,PCA + Linear-SVM,unconscious,unconscious,False,Image,False,7,4,7,5
1135,sub-04,lh-fusiform,0.45833333333333337,-0.12309149097933272,0.35294117647058826,0.6915427227909874,PCA + Linear-SVM,unconscious,unconscious,False,Image,False,6,3,5,6
1136,sub-04,lh-fusiform,0.36111111111111116,-0.31622776601683794,0.25,0.6965213048606242,PCA + Linear-SVM,unconscious,unconscious,False,Image,False,4,2,4,8
1137,sub-04,lh-fusiform,0.6481481481481481,0.2222222222222222,0.5555555555555556,0.6803768418863938,PCA + Linear-SVM,unconscious,unconscious,False,Image,False,8,5,4,4
1138,sub-04,lh-fusiform,0.45000000000000007,-0.16735967034880075,0.2857142857142857,0.6913510973221625,PCA + Linear-SVM,unconscious,unconscious,False,Image,False,5,2,3,7
1139,sub-04,lh-fusiform,0.3214285714285714,-0.3680349649825889,0.23529411764705882,0.7030652582474359,PCA + Linear-SVM,unconscious,unconscious,False,Image,False,4,2,5,8
1140,sub-04,lh-fusiform,0.32051282051282054,-0.12179487179487179,0.46153846153846156,0.7159858282203589,PCA + Linear-SVM,unconscious,unconscious,False,Image,False,5,6,7,7
1141,sub-04,lh-fusiform,0.5166666666666666,-0.09128709291752769,0.3076923076923077,0.6791297920323811,PCA + Linear-SVM,unconscious,unconscious,False,Image,False,6,2,3,6
1142,sub-04,lh-fusiform,0.38333333333333336,-0.34993385618385614,0.15384615384615385,0.6859194177362826,PCA + Linear-SVM,unconscious,unconscious,False,Image,False,5,1,4,7
1143,sub-04,lh-fusiform,0.4722222222222222,-0.2004459314343183,0.18181818181818182,0.6805189778021153,PCA + Linear-SVM,unconscious,unconscious,False,Image,False,5,1,2,7
1144,sub-04,lh-fusiform,0.44166666666666665,-0.18257418583505536,0.380952380952381,0.694166821106081,PCA + Linear-SVM,unconscious,unconscious,False,Image,False,5,4,6,7
1145,sub-04,lh-fusiform,0.3472222222222222,-0.08058229640253803,0.30769230769230765,0.695692388646546,PCA + Linear-SVM,unconscious,unconscious,False,Image,False,7,2,4,5
1146,sub-04,lh-fusiform,0.5416666666666667,-0.07905694150420949,0.37499999999999994,0.6824068085739347,PCA + Linear-SVM,unconscious,unconscious,False,Image,False,5,3,3,7
1147,sub-04,lh-fusiform,0.4166666666666667,-0.32824397594488725,0.23529411764705882,0.6911606384264963,PCA + Linear-SVM,unconscious,unconscious,False,Image,False,5,2,6,7
1148,sub-04,lh-fusiform,0.4537037037037037,-0.05504818825631803,0.4210526315789474,0.6906910541908031,PCA + Linear-SVM,unconscious,unconscious,False,Image,False,6,4,5,6
1149,sub-04,lh-fusiform,0.3194444444444444,-0.4714045207910316,0.13333333333333333,0.6919176676570299,PCA + Linear-SVM,unconscious,unconscious,False,Image,False,4,1,5,8
1150,sub-04,lh-fusiform,0.6041666666666667,0.28721347895177635,0.5882352941176471,0.6844602295756136,PCA + Linear-SVM,unconscious,unconscious,False,Image,False,8,5,3,4
1151,sub-04,lh-fusiform,0.32142857142857145,-0.4303489473092928,0.13333333333333333,0.6915625051010549,PCA + Linear-SVM,unconscious,unconscious,False,Image,False,5,1,6,7
1152,sub-04,lh-fusiform,0.3333333333333333,-0.40824829046386296,0.0,0.6813514879536587,PCA + Linear-SVM,unconscious,unconscious,False,Image,False,5,0,2,7
1153,sub-04,lh-fusiform,0.5866666666666667,-0.11547005383792516,0.26666666666666666,0.6714177133320878,PCA + Linear-SVM,unconscious,unconscious,False,Image,False,7,2,3,8
1154,sub-04,lh-fusiform,0.475,-0.15096490996388545,0.3157894736842105,0.6810798572595779,PCA + Linear-SVM,unconscious,unconscious,False,Image,False,7,3,5,8
1155,sub-04,lh-fusiform,0.41666666666666663,-0.11602387022306429,0.4,0.6923640767609975,PCA + Linear-SVM,unconscious,unconscious,False,Image,False,7,5,7,8
1156,sub-04,lh-fusiform,0.5733333333333334,-0.058025885318565944,0.2857142857142857,0.6728805670520733,PCA + Linear-SVM,unconscious,unconscious,False,Image,False,8,2,3,7
1157,sub-04,lh-fusiform,0.5388888888888888,-0.05,0.4166666666666667,0.6876377441638327,PCA + Linear-SVM,unconscious,unconscious,False,Image,False,8,5,7,7
1158,sub-04,lh-fusiform,0.56,-0.17407765595569785,0.25000000000000006,0.6723953846220487,PCA + Linear-SVM,unconscious,unconscious,False,Image,False,6,2,3,9
1159,sub-04,lh-fusiform,0.41904761904761906,-0.09759000729485331,0.33333333333333326,0.680456657423186,PCA + Linear-SVM,unconscious,unconscious,False,Image,False,7,3,4,8
1160,sub-04,lh-fusiform,0.37777777777777777,-0.14907119849998599,0.16666666666666666,0.6664075264092237,PCA + Linear-SVM,unconscious,unconscious,False,Image,False,7,1,2,8
1161,sub-04,lh-fusiform,0.3714285714285714,-0.09759000729485331,0.33333333333333326,0.6802693055570299,PCA + Linear-SVM,unconscious,unconscious,False,Image,False,7,3,4,8
1162,sub-04,lh-fusiform,0.49523809523809526,-0.23162640965743445,0.23529411764705882,0.6763941019709884,PCA + Linear-SVM,unconscious,unconscious,False,Image,False,7,2,5,8
1163,sub-04,lh-fusiform,0.4666666666666666,-0.021591675854376522,0.39999999999999997,0.683594743705631,PCA + Linear-SVM,unconscious,unconscious,False,Image,False,8,4,5,7
1164,sub-04,lh-fusiform,0.6755555555555556,0.2,0.6,0.6909704688207619,PCA + Linear-SVM,unconscious,unconscious,False,Image,False,9,9,6,6
1165,sub-04,lh-fusiform,0.4166666666666667,-0.05,0.4166666666666667,0.694666461713826,PCA + Linear-SVM,unconscious,unconscious,False,Image,False,8,5,7,7
1166,sub-04,lh-fusiform,0.4666666666666667,-0.23134069792952236,0.15384615384615383,0.6714598573262547,PCA + Linear-SVM,unconscious,unconscious,False,Image,False,7,1,3,8
1167,sub-04,lh-fusiform,0.41333333333333333,-0.058025885318565944,0.2857142857142857,0.6714937740395157,PCA + Linear-SVM,unconscious,unconscious,False,Image,False,8,2,3,7
1168,sub-04,lh-fusiform,0.6,0.05454545454545454,0.45454545454545453,0.6846748338261659,PCA + Linear-SVM,unconscious,unconscious,False,Image,False,9,5,6,6
1169,sub-04,lh-fusiform,0.6133333333333334,-0.058025885318565944,0.2857142857142857,0.6723956348592381,PCA + Linear-SVM,unconscious,unconscious,False,Image,False,8,2,3,7
1170,sub-04,lh-fusiform,0.4820512820512821,-0.07161148740394328,0.4444444444444445,0.6910604506634657,PCA + Linear-SVM,unconscious,unconscious,False,Image,False,7,6,7,8
1171,sub-04,lh-fusiform,0.6545454545454545,0.14414999403128945,0.5217391304347826,0.6805795293986342,PCA + Linear-SVM,unconscious,unconscious,False,Image,False,9,6,5,6
1172,sub-04,lh-fusiform,0.5555555555555556,0.03015113445777636,0.37499999999999994,0.6744736734206284,PCA + Linear-SVM,unconscious,unconscious,False,Image,False,8,3,3,7
1173,sub-04,lh-fusiform,0.3666666666666667,-0.34426518632954817,0.0,0.6645178732530245,PCA + Linear-SVM,unconscious,unconscious,False,Image,False,7,0,2,8
1174,sub-04,lh-fusiform,0.4888888888888889,-0.09128709291752768,0.3333333333333333,0.6754702550423468,PCA + Linear-SVM,unconscious,unconscious,False,Image,False,6,3,3,9
1175,sub-04,lh-fusiform,0.45,-0.1789066118330336,0.16666666666666666,0.6693912456702067,PCA + Linear-SVM,unconscious,unconscious,False,Image,False,8,1,3,7
1176,sub-04,lh-fusiform,0.4205128205128206,-0.21483446221182986,0.3703703703703704,0.692190949966753,PCA + Linear-SVM,unconscious,unconscious,False,Image,False,6,5,8,9
1177,sub-04,lh-fusiform,0.6285714285714286,0.09221388919541469,0.39999999999999997,0.6730263579371152,PCA + Linear-SVM,unconscious,unconscious,False,Image,False,10,3,4,5
1178,sub-04,lh-fusiform,0.44000000000000006,-0.23028309323591914,0.28571428571428564,0.6865164252839112,PCA + Linear-SVM,unconscious,unconscious,False,Image,False,7,3,7,8
1179,sub-04,lh-fusiform,0.6444444444444444,0.09128709291752768,0.4,0.6723737523313932,PCA + Linear-SVM,unconscious,unconscious,False,Image,False,9,3,3,6
1180,sub-04,lh-fusiform,0.6424242424242425,0.14414999403128945,0.5217391304347826,0.6822192911400969,PCA + Linear-SVM,unconscious,unconscious,False,Image,False,9,6,5,6
1181,sub-04,lh-fusiform,0.3666666666666667,-0.2857738033247041,0.14285714285714288,0.6719040047908669,PCA + Linear-SVM,unconscious,unconscious,False,Image,False,6,1,3,9
1182,sub-04,lh-fusiform,0.5393939393939394,-0.012012499502607453,0.43478260869565216,0.6868008453305746,PCA + Linear-SVM,unconscious,unconscious,False,Image,False,8,5,6,7
1183,sub-04,lh-fusiform,0.44999999999999996,-0.21452908258025827,0.3,0.6820217634648218,PCA + Linear-SVM,unconscious,unconscious,False,Image,False,6,3,5,9
1184,sub-04,lh-fusiform,0.32222222222222224,-0.3042903097250923,0.2222222222222222,0.6778368606428375,PCA + Linear-SVM,unconscious,unconscious,False,Image,False,5,2,4,10
1185,sub-04,lh-fusiform,0.6888888888888889,0.21821789023599236,0.5263157894736842,0.6778164084429174,PCA + Linear-SVM,unconscious,unconscious,False,Image,False,10,5,4,5
1186,sub-04,lh-fusiform,0.5066666666666667,-0.058025885318565944,0.2857142857142857,0.6733271347712351,PCA + Linear-SVM,unconscious,unconscious,False,Image,False,8,2,3,7
1187,sub-04,lh-fusiform,0.45714285714285713,-0.23162640965743445,0.23529411764705882,0.67791662824557,PCA + Linear-SVM,unconscious,unconscious,False,Image,False,7,2,5,8
1188,sub-04,lh-fusiform,0.48205128205128206,-0.005128205128205128,0.46153846153846156,0.692558075068262,PCA + Linear-SVM,unconscious,unconscious,False,Image,False,8,6,7,7
1189,sub-04,lh-fusiform,0.6533333333333333,0.0,0.3076923076923077,0.6712781749095983,PCA + Linear-SVM,unconscious,unconscious,False,Image,False,9,2,3,6
1190,sub-04,lh-fusiform,0.52,-0.058025885318565944,0.2857142857142857,0.6724271378147344,PCA + Linear-SVM,unconscious,unconscious,False,Image,False,8,2,3,7
1191,sub-04,lh-fusiform,0.5555555555555556,-0.1,0.18181818181818182,0.6672012047094342,PCA + Linear-SVM,unconscious,unconscious,False,Image,False,8,1,2,7
1192,sub-04,lh-fusiform,0.42666666666666675,-0.13074409009212268,0.3636363636363636,0.687319197156913,PCA + Linear-SVM,unconscious,unconscious,False,Image,False,7,4,6,8
1193,sub-04,lh-fusiform,0.5333333333333333,0.09128709291752768,0.4,0.6735901191348054,PCA + Linear-SVM,unconscious,unconscious,False,Image,False,9,3,3,6
1194,sub-04,lh-fusiform,0.5333333333333333,-0.062017367294604234,0.28571428571428575,0.6732361629316092,PCA + Linear-SVM,unconscious,unconscious,False,Image,False,9,2,4,6
1195,sub-04,lh-fusiform,0.6166666666666667,0.16265001215808886,0.47058823529411764,0.6775003834852743,PCA + Linear-SVM,unconscious,unconscious,False,Image,False,10,4,4,5
1196,sub-04,lh-fusiform,0.49629629629629624,-0.021591675854376522,0.39999999999999997,0.6838471007941905,PCA + Linear-SVM,unconscious,unconscious,False,Image,False,8,4,5,7
1197,sub-04,lh-fusiform,0.3666666666666667,-0.3919647479510927,0.125,0.678508606421932,PCA + Linear-SVM,unconscious,unconscious,False,Image,False,6,1,5,9
1198,sub-04,lh-fusiform,0.6916666666666667,0.425,0.625,0.6749897284864755,PCA + Linear-SVM,unconscious,unconscious,False,Image,False,12,5,3,3
1199,sub-04,lh-fusiform,0.47619047619047616,-0.09759000729485331,0.33333333333333326,0.677166948412776,PCA + Linear-SVM,unconscious,unconscious,False,Image,False,7,3,4,8
1200,sub-04,lh-fusiform,0.5,-0.06546536707079773,0.16666666666666669,0.6637220984817026,PCA + Linear-SVM,unconscious,unconscious,False,Image,False,6,1,1,9
1201,sub-04,lh-fusiform,0.5,-0.1,0.4000000000000001,0.6901110330100376,PCA + Linear-SVM,unconscious,unconscious,False,Image,False,3,2,3,3
1202,sub-04,lh-fusiform,0.4375,-0.125,0.42857142857142855,0.7084878909879272,PCA + Linear-SVM,unconscious,unconscious,False,Image,False,3,3,5,3
1203,sub-04,lh-fusiform,0.20833333333333331,-0.25,0.3333333333333333,0.7442055069474145,PCA + Linear-SVM,unconscious,unconscious,False,Image,False,3,3,9,3
1204,sub-04,lh-fusiform,0.3666666666666667,-0.1,0.4000000000000001,0.6937073181508423,PCA + Linear-SVM,unconscious,unconscious,False,Image,False,3,2,3,3
1205,sub-04,lh-fusiform,0.4444444444444444,-0.16116459280507606,0.4210526315789474,0.7190240015137781,PCA + Linear-SVM,unconscious,unconscious,False,Image,False,3,4,8,3
1206,sub-04,lh-fusiform,0.4666666666666667,-0.26666666666666666,0.3636363636363636,0.6910379840341384,PCA + Linear-SVM,unconscious,unconscious,False,Image,False,2,2,3,4
1207,sub-04,lh-fusiform,0.3571428571428571,-0.21957751641341997,0.3333333333333333,0.7059778025335868,PCA + Linear-SVM,unconscious,unconscious,False,Image,False,3,2,5,3
1208,sub-04,lh-fusiform,0.11111111111111108,-0.6324555320336759,0.0,0.7008161486328292,PCA + Linear-SVM,unconscious,unconscious,False,Image,False,2,0,3,4
1209,sub-04,lh-fusiform,0.28571428571428575,-0.38575837490522974,0.18181818181818182,0.7125512188422103,PCA + Linear-SVM,unconscious,unconscious,False,Image,False,3,1,6,3
1210,sub-04,lh-fusiform,0.42857142857142855,-0.21957751641341997,0.3333333333333333,0.6996706503097846,PCA + Linear-SVM,unconscious,unconscious,False,Image,False,3,2,5,3
1211,sub-04,lh-fusiform,0.4629629629629629,0.1111111111111111,0.5333333333333333,0.7097494579726604,PCA + Linear-SVM,unconscious,unconscious,False,Image,False,4,4,5,2
1212,sub-04,lh-fusiform,0.6555555555555556,0.18090680674665818,0.64,0.7186746009807288,PCA + Linear-SVM,unconscious,unconscious,False,Image,False,4,8,7,2
1213,sub-04,lh-fusiform,0.3333333333333333,0.0,0.4444444444444444,0.7274694049783974,PCA + Linear-SVM,unconscious,unconscious,False,Image,False,4,4,8,2
1214,sub-04,lh-fusiform,0.45833333333333337,-0.25,0.25,0.686002996363348,PCA + Linear-SVM,unconscious,unconscious,False,Image,False,3,1,3,3
1215,sub-04,lh-fusiform,0.3666666666666667,-0.1,0.4000000000000001,0.7030272656076503,PCA + Linear-SVM,unconscious,unconscious,False,Image,False,3,2,3,3
1216,sub-04,lh-fusiform,0.6666666666666666,0.2030905986149808,0.631578947368421,0.7044597014548258,PCA + Linear-SVM,unconscious,unconscious,False,Image,False,4,6,5,2
1217,sub-04,lh-fusiform,0.7333333333333334,0.1,0.5454545454545454,0.6789760436394663,PCA + Linear-SVM,unconscious,unconscious,False,Image,False,3,3,2,3
1218,sub-04,lh-fusiform,0.38461538461538464,-0.1086310236566852,0.4761904761904762,0.7264466873003026,PCA + Linear-SVM,unconscious,unconscious,False,Image,False,3,5,8,3
1219,sub-04,lh-fusiform,0.6666666666666666,0.29012942659282975,0.7000000000000001,0.7028974465347309,PCA + Linear-SVM,unconscious,unconscious,False,Image,False,4,7,4,2
1220,sub-04,lh-fusiform,0.38888888888888884,-0.1690308509457033,0.3636363636363636,0.6980310985743191,PCA + Linear-SVM,unconscious,unconscious,False,Image,False,3,2,4,3
1221,sub-04,lh-fusiform,0.16666666666666669,-0.5773502691896258,0.0,0.6790301252599039,PCA + Linear-SVM,unconscious,unconscious,False,Image,False,2,0,2,4
1222,sub-04,lh-fusiform,0.4722222222222222,-0.1690308509457033,0.3636363636363636,0.6922509291481185,PCA + Linear-SVM,unconscious,unconscious,False,Image,False,3,2,4,3
1223,sub-04,lh-fusiform,0.5,-0.0890870806374748,0.28571428571428575,0.68430657896095,PCA + Linear-SVM,unconscious,unconscious,False,Image,False,4,1,3,2
1224,sub-04,lh-fusiform,0.30769230769230765,-0.4200412794412907,0.3,0.7285584909378765,PCA + Linear-SVM,unconscious,unconscious,False,Image,False,2,3,10,4
1225,sub-04,lh-fusiform,0.4523809523809524,-0.07142857142857142,0.4615384615384615,0.6985780123398647,PCA + Linear-SVM,unconscious,unconscious,False,Image,False,3,3,4,3
1226,sub-04,lh-fusiform,0.39999999999999997,-0.2,0.37499999999999994,0.712928034768259,PCA + Linear-SVM,unconscious,unconscious,False,Image,False,3,3,7,3
1227,sub-04,lh-fusiform,0.6944444444444444,0.1690308509457033,0.5454545454545454,0.6813954326608752,PCA + Linear-SVM,unconscious,unconscious,False,Image,False,4,3,3,2
1228,sub-04,lh-fusiform,0.6212121212121213,0.36780617896031226,0.6666666666666665,0.7069557657855764,PCA + Linear-SVM,unconscious,unconscious,False,Image,False,5,6,5,1
1229,sub-04,lh-fusiform,0.45833333333333337,-0.0890870806374748,0.28571428571428575,0.6859973734807391,PCA + Linear-SVM,unconscious,unconscious,False,Image,False,4,1,3,2
1230,sub-04,lh-fusiform,0.4242424242424242,0.030303030303030304,0.4705882352941177,0.7201619185271315,PCA + Linear-SVM,unconscious,unconscious,False,Image,False,4,4,7,2
1231,sub-04,lh-fusiform,0.47916666666666663,0.0,0.5333333333333333,0.7042602061088437,PCA + Linear-SVM,unconscious,unconscious,False,Image,False,3,4,4,3
1232,sub-04,lh-fusiform,0.2222222222222222,-0.3535533905932738,0.2,0.7074996254550712,PCA + Linear-SVM,unconscious,unconscious,False,Image,False,3,1,5,3
1233,sub-04,lh-fusiform,0.7407407407407408,0.49099025303098287,0.75,0.6925110040900201,PCA + Linear-SVM,unconscious,unconscious,False,Image,False,5,6,3,1
1234,sub-04,lh-fusiform,0.43333333333333335,-0.1,0.4000000000000001,0.6949438656543842,PCA + Linear-SVM,unconscious,unconscious,False,Image,False,3,2,3,3
1235,sub-04,lh-fusiform,0.30952380952380953,-0.38095238095238093,0.30769230769230765,0.7109399831747437,PCA + Linear-SVM,unconscious,unconscious,False,Image,False,2,2,5,4
1236,sub-04,lh-fusiform,0.37179487179487175,0.049416621110740085,0.5,0.73278106888873,PCA + Linear-SVM,unconscious,unconscious,False,Image,False,4,5,8,2
1237,sub-04,lh-fusiform,0.6333333333333333,0.06900655593423542,0.4444444444444445,0.6851295545168048,PCA + Linear-SVM,unconscious,unconscious,False,Image,False,4,2,3,2
1238,sub-04,lh-fusiform,0.43333333333333335,-0.1,0.4000000000000001,0.6909459518698561,PCA + Linear-SVM,unconscious,unconscious,False,Image,False,3,2,3,3
1239,sub-04,lh-fusiform,0.4444444444444444,-0.31622776601683794,0.25,0.6792234017016364,PCA + Linear-SVM,unconscious,unconscious,False,Image,False,2,1,2,4
1240,sub-04,lh-fusiform,0.6166666666666667,0.2581988897471611,0.6666666666666665,0.7081160986738462,PCA + Linear-SVM,unconscious,unconscious,False,Image,False,4,6,4,2
1241,sub-04,lh-fusiform,0.3888888888888889,0.0,0.5,0.705098283760185,PCA + Linear-SVM,unconscious,unconscious,False,Image,False,3,3,3,3
1242,sub-04,lh-fusiform,0.5277777777777777,0.0,0.4,0.6931422777914866,PCA + Linear-SVM,unconscious,unconscious,False,Image,False,4,2,4,2
1243,sub-04,lh-fusiform,0.45833333333333337,-0.125,0.42857142857142855,0.7036936051088027,PCA + Linear-SVM,unconscious,unconscious,False,Image,False,3,3,5,3
1244,sub-04,lh-fusiform,0.5185185185185186,-0.16666666666666666,0.4,0.7033742293180961,PCA + Linear-SVM,unconscious,unconscious,False,Image,False,3,3,6,3
1245,sub-04,lh-fusiform,0.3611111111111111,-0.3535533905932738,0.2,0.6987927459912617,PCA + Linear-SVM,unconscious,unconscious,False,Image,False,3,1,5,3
1246,sub-04,lh-fusiform,0.7291666666666666,0.4583333333333333,0.7142857142857143,0.6927375298898852,PCA + Linear-SVM,unconscious,unconscious,False,Image,False,5,5,3,1
1247,sub-04,lh-fusiform,0.42857142857142855,-0.07142857142857142,0.4615384615384615,0.7002644294431223,PCA + Linear-SVM,unconscious,unconscious,False,Image,False,3,3,4,3
1248,sub-04,lh-fusiform,0.41666666666666663,-0.3333333333333333,0.0,0.6748743012345908,PCA + Linear-SVM,unconscious,unconscious,False,Image,False,4,0,2,2
1249,sub-04,lh-fusiform,0.6222222222222222,-0.04303314829119352,0.3636363636363636,0.6720065533479597,PCA + Linear-SVM,unconscious,unconscious,False,Image,False,5,2,3,4
1250,sub-04,lh-fusiform,0.5138888888888888,-0.07042952122737638,0.39999999999999997,0.6951124881624008,PCA + Linear-SVM,unconscious,unconscious,False,Image,False,5,3,5,4
1251,sub-04,lh-fusiform,0.4722222222222222,-0.11322770341445958,0.4,0.7130804076104538,PCA + Linear-SVM,unconscious,unconscious,False,Image,False,5,4,8,4
1252,sub-04,lh-fusiform,0.5555555555555556,0.06666666666666667,0.4000000000000001,0.6745858158994411,PCA + Linear-SVM,unconscious,unconscious,False,Image,False,6,2,3,3
1253,sub-04,lh-fusiform,0.6296296296296297,0.16666666666666666,0.5714285714285715,0.6972806867549125,PCA + Linear-SVM,unconscious,unconscious,False,Image,False,6,6,6,3
1254,sub-04,lh-fusiform,0.5777777777777778,0.06666666666666667,0.4000000000000001,0.6732108490564296,PCA + Linear-SVM,unconscious,unconscious,False,Image,False,6,2,3,3
1255,sub-04,lh-fusiform,0.47619047619047616,0.015873015873015872,0.5,0.6866264926422727,PCA + Linear-SVM,unconscious,unconscious,False,Image,False,4,4,3,5
1256,sub-04,lh-fusiform,0.37037037037037035,-0.09759000729485331,0.25,0.6670388714302969,PCA + Linear-SVM,unconscious,unconscious,False,Image,False,5,1,2,4
1257,sub-04,lh-fusiform,0.38095238095238093,-0.015873015873015872,0.42857142857142855,0.6924781167921508,PCA + Linear-SVM,unconscious,unconscious,False,Image,False,5,3,4,4
1258,sub-04,lh-fusiform,0.6031746031746031,-0.015873015873015872,0.42857142857142855,0.679875792106647,PCA + Linear-SVM,unconscious,unconscious,False,Image,False,5,3,4,4
1259,sub-04,lh-fusiform,0.5802469135802469,0.11396057645963795,0.5,0.6874897690692922,PCA + Linear-SVM,unconscious,unconscious,False,Image,False,6,4,5,3
1260,sub-04,lh-fusiform,0.5777777777777777,-0.1111111111111111,0.4166666666666667,0.7084520494845693,PCA + Linear-SVM,unconscious,unconscious,False,Image,False,5,5,10,4
1261,sub-04,lh-fusiform,0.5370370370370371,-0.027777777777777776,0.4761904761904762,0.7053326036575539,PCA + Linear-SVM,unconscious,unconscious,False,Image,False,5,5,7,4
1262,sub-04,lh-fusiform,0.5833333333333333,-0.18446619684315546,0.22222222222222224,0.6688561749209454,PCA + Linear-SVM,unconscious,unconscious,False,Image,False,5,1,3,4
1263,sub-04,lh-fusiform,0.4666666666666667,-0.04303314829119352,0.3636363636363636,0.6774335658893779,PCA + Linear-SVM,unconscious,unconscious,False,Image,False,5,2,3,4
1264,sub-04,lh-fusiform,0.7373737373737373,0.30151134457776363,0.6666666666666666,0.6888134375195512,PCA + Linear-SVM,unconscious,unconscious,False,Image,False,6,7,4,3
1265,sub-04,lh-fusiform,0.8444444444444446,0.5185449728701348,0.6666666666666665,0.6621311517064354,PCA + Linear-SVM,unconscious,unconscious,False,Image,False,8,3,2,1
1266,sub-04,lh-fusiform,0.5555555555555556,0.016878989451394443,0.5217391304347826,0.70670440236416,PCA + Linear-SVM,unconscious,unconscious,False,Image,False,5,6,7,4
1267,sub-04,lh-fusiform,0.6262626262626263,0.010101010101010102,0.5,0.6891243819342326,PCA + Linear-SVM,unconscious,unconscious,False,Image,False,5,5,6,4
1268,sub-04,lh-fusiform,0.537037037037037,-0.1111111111111111,0.3333333333333333,0.6797138374443935,PCA + Linear-SVM,unconscious,unconscious,False,Image,False,5,2,4,4
1269,sub-04,lh-fusiform,0.4444444444444444,-0.3563483225498992,0.0,0.6580641420479272,PCA + Linear-SVM,unconscious,unconscious,False,Image,False,5,0,2,4
1270,sub-04,lh-fusiform,0.6481481481481481,0.16666666666666666,0.5,0.675716228222768,PCA + Linear-SVM,unconscious,unconscious,False,Image,False,6,3,3,3
1271,sub-04,lh-fusiform,0.5277777777777778,-0.18446619684315546,0.22222222222222224,0.6688297713959728,PCA + Linear-SVM,unconscious,unconscious,False,Image,False,5,1,3,4
1272,sub-04,lh-fusiform,0.5811965811965811,0.09245003270420485,0.5833333333333334,0.7041155753793394,PCA + Linear-SVM,unconscious,unconscious,False,Image,False,5,7,6,4
1273,sub-04,lh-fusiform,0.6349206349206349,0.23809523809523808,0.5714285714285714,0.6806321635175943,PCA + Linear-SVM,unconscious,unconscious,False,Image,False,6,4,3,3
1274,sub-04,lh-fusiform,0.5555555555555556,-0.044946657497549475,0.4444444444444445,0.6951801619190617,PCA + Linear-SVM,unconscious,unconscious,False,Image,False,5,4,6,4
1275,sub-04,lh-fusiform,0.8148148148148149,0.4444444444444444,0.6666666666666666,0.6631276428765128,PCA + Linear-SVM,unconscious,unconscious,False,Image,False,7,4,2,2
1276,sub-04,lh-fusiform,0.6868686868686869,0.21212121212121213,0.6,0.6879763110834103,PCA + Linear-SVM,unconscious,unconscious,False,Image,False,6,6,5,3
1277,sub-04,lh-fusiform,0.5,0.05143444998736397,0.4,0.6708044353761282,PCA + Linear-SVM,unconscious,unconscious,False,Image,False,5,2,2,4
1278,sub-04,lh-fusiform,0.5353535353535354,0.010101010101010102,0.5,0.7015298360201269,PCA + Linear-SVM,unconscious,unconscious,False,Image,False,5,5,6,4
1279,sub-04,lh-fusiform,0.5555555555555556,0.1690308509457033,0.5333333333333333,0.6871412000801377,PCA + Linear-SVM,unconscious,unconscious,False,Image,False,6,4,4,3
1280,sub-04,lh-fusiform,0.5,-0.1111111111111111,0.3333333333333333,0.6851090848156635,PCA + Linear-SVM,unconscious,unconscious,False,Image,False,5,2,4,4
1281,sub-04,lh-fusiform,0.8024691358024691,0.4472135954999579,0.7058823529411765,0.6750226879380562,PCA + Linear-SVM,unconscious,unconscious,False,Image,False,7,6,3,2
1282,sub-04,lh-fusiform,0.5555555555555556,-0.04303314829119352,0.3636363636363636,0.6754770231295236,PCA + Linear-SVM,unconscious,unconscious,False,Image,False,5,2,3,4
1283,sub-04,lh-fusiform,0.5238095238095237,-0.16265001215808886,0.30769230769230765,0.6883334634295397,PCA + Linear-SVM,unconscious,unconscious,False,Image,False,5,2,5,4
1284,sub-04,lh-fusiform,0.5299145299145299,0.016878989451394443,0.5217391304347826,0.7104687560035251,PCA + Linear-SVM,unconscious,unconscious,False,Image,False,5,6,7,4
1285,sub-04,lh-fusiform,0.7777777777777778,0.37777777777777777,0.6,0.6650348786848,PCA + Linear-SVM,unconscious,unconscious,False,Image,False,7,3,2,2
1286,sub-04,lh-fusiform,0.6444444444444444,0.06666666666666667,0.4000000000000001,0.6699526217966534,PCA + Linear-SVM,unconscious,unconscious,False,Image,False,6,2,3,3
1287,sub-04,lh-fusiform,0.7037037037037037,0.0,0.28571428571428575,0.659901621153791,PCA + Linear-SVM,unconscious,unconscious,False,Image,False,6,1,2,3
1288,sub-04,lh-fusiform,0.6222222222222222,-0.03580574370197164,0.37499999999999994,0.6908190456834528,PCA + Linear-SVM,unconscious,unconscious,False,Image,False,6,3,7,3
1289,sub-04,lh-fusiform,0.5555555555555556,0.05455447255899809,0.4615384615384615,0.6798485212292907,PCA + Linear-SVM,unconscious,unconscious,False,Image,False,5,3,3,4
1290,sub-04,lh-fusiform,0.7037037037037037,0.05455447255899809,0.4615384615384615,0.6716878371271698,PCA + Linear-SVM,unconscious,unconscious,False,Image,False,5,3,3,4
1291,sub-04,lh-fusiform,0.5833333333333333,-0.07042952122737638,0.39999999999999997,0.6852460405893726,PCA + Linear-SVM,unconscious,unconscious,False,Image,False,5,3,5,4
1292,sub-04,lh-fusiform,0.691358024691358,0.22360679774997896,0.5882352941176471,0.6871977783509553,PCA + Linear-SVM,unconscious,unconscious,False,Image,False,6,5,4,3
1293,sub-04,lh-fusiform,0.5740740740740741,-0.1111111111111111,0.3333333333333333,0.6806351593788155,PCA + Linear-SVM,unconscious,unconscious,False,Image,False,5,2,4,4
1294,sub-04,lh-fusiform,0.7222222222222223,0.408491223118783,0.6666666666666666,0.6788250923592598,PCA + Linear-SVM,unconscious,unconscious,False,Image,False,7,5,3,2
1295,sub-04,lh-fusiform,0.5238095238095237,-0.015873015873015872,0.42857142857142855,0.6822793800407907,PCA + Linear-SVM,unconscious,unconscious,False,Image,False,5,3,4,4
1296,sub-04,lh-fusiform,0.5,-0.3563483225498992,0.0,0.659021449040801,PCA + Linear-SVM,unconscious,unconscious,False,Image,False,5,0,2,4
1297,sub-04,lh-fusiform,0.64,0.0,0.4444444444444445,0.6860972652268055,PCA + Linear-SVM,unconscious,unconscious,False,Image,False,3,2,3,2
1298,sub-04,lh-fusiform,0.525,0.09759000729485333,0.5714285714285715,0.7106817920258661,PCA + Linear-SVM,unconscious,unconscious,False,Image,False,3,4,4,2
1299,sub-04,lh-fusiform,0.4333333333333333,0.015430334996209192,0.5263157894736842,0.7405909941669161,PCA + Linear-SVM,unconscious,unconscious,False,Image,False,3,5,7,2
1300,sub-04,lh-fusiform,0.6,0.2182178902359924,0.5,0.6907444956960116,PCA + Linear-SVM,unconscious,unconscious,False,Image,False,4,2,3,1
1301,sub-04,lh-fusiform,0.5666666666666667,0.16735967034880075,0.6666666666666666,0.722229210292006,PCA + Linear-SVM,unconscious,unconscious,False,Image,False,3,7,5,2
1302,sub-04,lh-fusiform,0.52,0.0,0.4444444444444445,0.6895903301209556,PCA + Linear-SVM,unconscious,unconscious,False,Image,False,3,2,3,2
1303,sub-04,lh-fusiform,0.4857142857142857,0.02857142857142857,0.5,0.7054140358719136,PCA + Linear-SVM,unconscious,unconscious,False,Image,False,3,3,4,2
1304,sub-04,lh-fusiform,0.4666666666666666,-0.06666666666666667,0.3333333333333333,0.686624045245651,PCA + Linear-SVM,unconscious,unconscious,False,Image,False,3,1,2,2
1305,sub-04,lh-fusiform,0.5428571428571428,0.1690308509457033,0.6153846153846153,0.7104870304574952,PCA + Linear-SVM,unconscious,unconscious,False,Image,False,3,4,3,2
1306,sub-04,lh-fusiform,0.6857142857142857,0.23904572186687872,0.5454545454545454,0.6972329405934409,PCA + Linear-SVM,unconscious,unconscious,False,Image,False,4,3,4,1
1307,sub-04,lh-fusiform,0.5555555555555556,0.14907119849998599,0.6250000000000001,0.7083080874915909,PCA + Linear-SVM,unconscious,unconscious,False,Image,False,3,5,4,2
1308,sub-04,lh-fusiform,0.7466666666666666,0.4061811972299616,0.7692307692307692,0.722773218101745,PCA + Linear-SVM,unconscious,unconscious,False,Image,False,4,10,5,1
1309,sub-04,lh-fusiform,0.4666666666666666,0.015430334996209192,0.5263157894736842,0.732588775856991,PCA + Linear-SVM,unconscious,unconscious,False,Image,False,3,5,7,2
1310,sub-04,lh-fusiform,0.6,0.1,0.5,0.6841012652581523,PCA + Linear-SVM,unconscious,unconscious,False,Image,False,3,2,2,2
1311,sub-04,lh-fusiform,0.52,0.0,0.4444444444444445,0.6982669784550254,PCA + Linear-SVM,unconscious,unconscious,False,Image,False,3,2,3,2
1312,sub-04,lh-fusiform,0.7090909090909091,0.32277655457716287,0.6666666666666665,0.7092764783080374,PCA + Linear-SVM,unconscious,unconscious,False,Image,False,4,6,5,1
1313,sub-04,lh-fusiform,0.88,0.408248290463863,0.6666666666666665,0.6757639586737194,PCA + Linear-SVM,unconscious,unconscious,False,Image,False,4,3,2,1
1314,sub-04,lh-fusiform,0.5384615384615384,0.12403473458920847,0.6363636363636364,0.7245678014210405,PCA + Linear-SVM,unconscious,unconscious,False,Image,False,3,7,6,2
1315,sub-04,lh-fusiform,0.6727272727272727,0.24370871833797697,0.5882352941176471,0.7057730486328394,PCA + Linear-SVM,unconscious,unconscious,False,Image,False,4,5,6,1
1316,sub-04,lh-fusiform,0.5,-0.06900655593423542,0.4,0.6997124933481466,PCA + Linear-SVM,unconscious,unconscious,False,Image,False,3,2,4,2
1317,sub-04,lh-fusiform,0.39999999999999997,-0.4,0.0,0.6721603862766357,PCA + Linear-SVM,unconscious,unconscious,False,Image,False,3,0,2,2
1318,sub-04,lh-fusiform,0.6,-0.06900655593423542,0.4,0.6946219043909336,PCA + Linear-SVM,unconscious,unconscious,False,Image,False,3,2,4,2
1319,sub-04,lh-fusiform,0.55,-0.15811388300841897,0.28571428571428575,0.6864629650658249,PCA + Linear-SVM,unconscious,unconscious,False,Image,False,3,1,3,2
1320,sub-04,lh-fusiform,0.5076923076923077,0.12403473458920847,0.6363636363636364,0.7297526758008703,PCA + Linear-SVM,unconscious,unconscious,False,Image,False,3,7,6,2
1321,sub-04,lh-fusiform,0.6,0.1690308509457033,0.6153846153846153,0.6993757795852481,PCA + Linear-SVM,unconscious,unconscious,False,Image,False,3,4,3,2
1322,sub-04,lh-fusiform,0.52,0.0,0.5,0.7163215565668797,PCA + Linear-SVM,unconscious,unconscious,False,Image,False,3,4,6,2
1323,sub-04,lh-fusiform,0.8333333333333333,0.4666666666666667,0.7272727272727272,0.6779421498079068,PCA + Linear-SVM,unconscious,unconscious,False,Image,False,4,4,2,1
1324,sub-04,lh-fusiform,0.6545454545454545,0.32277655457716287,0.6666666666666665,0.7095932476813706,PCA + Linear-SVM,unconscious,unconscious,False,Image,False,4,6,5,1
1325,sub-04,lh-fusiform,0.55,0.1,0.5,0.6860195844715136,PCA + Linear-SVM,unconscious,unconscious,False,Image,False,3,2,2,2
1326,sub-04,lh-fusiform,0.47272727272727266,0.050964719143762556,0.5555555555555556,0.723002144003519,PCA + Linear-SVM,unconscious,unconscious,False,Image,False,3,5,6,2
1327,sub-04,lh-fusiform,0.5499999999999999,0.3,0.6153846153846154,0.7099488028563393,PCA + Linear-SVM,unconscious,unconscious,False,Image,False,4,4,4,1
1328,sub-04,lh-fusiform,0.4333333333333333,-0.06900655593423542,0.4,0.7055055951571867,PCA + Linear-SVM,unconscious,unconscious,False,Image,False,3,2,4,2
1329,sub-04,lh-fusiform,0.8222222222222222,0.4472135954999579,0.75,0.6905634736554669,PCA + Linear-SVM,unconscious,unconscious,False,Image,False,4,6,3,1
1330,sub-04,lh-fusiform,0.56,0.2182178902359924,0.5,0.6920084050351833,PCA + Linear-SVM,unconscious,unconscious,False,Image,False,4,2,3,1
1331,sub-04,lh-fusiform,0.39999999999999997,-0.3142857142857143,0.3333333333333333,0.7145025500030937,PCA + Linear-SVM,unconscious,unconscious,False,Image,False,2,2,5,3
1332,sub-04,lh-fusiform,0.523076923076923,0.12403473458920847,0.6363636363636364,0.7327912445995147,PCA + Linear-SVM,unconscious,unconscious,False,Image,False,3,7,6,2
1333,sub-04,lh-fusiform,0.76,0.408248290463863,0.6666666666666665,0.6825192922573501,PCA + Linear-SVM,unconscious,unconscious,False,Image,False,4,3,2,1
1334,sub-04,lh-fusiform,0.6399999999999999,0.2,0.6,0.68635378022378,PCA + Linear-SVM,unconscious,unconscious,False,Image,False,3,3,2,2
1335,sub-04,lh-fusiform,0.6666666666666666,-0.06666666666666667,0.3333333333333333,0.6727995309002506,PCA + Linear-SVM,unconscious,unconscious,False,Image,False,3,1,2,2
1336,sub-04,lh-fusiform,0.6200000000000001,0.28867513459481287,0.7368421052631577,0.7119028682552027,PCA + Linear-SVM,unconscious,unconscious,False,Image,False,3,7,3,2
1337,sub-04,lh-fusiform,0.4666666666666666,0.1,0.5454545454545454,0.7043690656716821,PCA + Linear-SVM,unconscious,unconscious,False,Image,False,3,3,3,2
1338,sub-04,lh-fusiform,0.7,0.1,0.5454545454545454,0.6900464667470829,PCA + Linear-SVM,unconscious,unconscious,False,Image,False,3,3,3,2
1339,sub-04,lh-fusiform,0.6,0.21957751641341997,0.6666666666666666,0.7026884714151956,PCA + Linear-SVM,unconscious,unconscious,False,Image,False,3,5,3,2
1340,sub-04,lh-fusiform,0.7333333333333333,0.24444444444444444,0.5714285714285714,0.7033207260586787,PCA + Linear-SVM,unconscious,unconscious,False,Image,False,4,4,5,1
1341,sub-04,lh-fusiform,0.49999999999999994,-0.06900655593423542,0.4,0.699836690836283,PCA + Linear-SVM,unconscious,unconscious,False,Image,False,3,2,4,2
1342,sub-04,lh-fusiform,0.7,0.4147575310031266,0.7142857142857143,0.6922040932363782,PCA + Linear-SVM,unconscious,unconscious,False,Image,False,4,5,3,1
1343,sub-04,lh-fusiform,0.5714285714285714,0.3142857142857143,0.7142857142857143,0.7035532784564521,PCA + Linear-SVM,unconscious,unconscious,False,Image,False,3,5,2,2
1344,sub-04,lh-fusiform,0.39999999999999997,-0.4,0.0,0.6694832486217439,PCA + Linear-SVM,unconscious,unconscious,False,Image,False,3,0,2,2
1345,sub-04,lh-fusiform,0.6727272727272727,0.034815531191139566,0.3636363636363636,0.6712645318587003,PCA + Linear-SVM,unconscious,unconscious,False,Image,False,7,2,3,4
1346,sub-04,lh-fusiform,0.5,0.044946657497549475,0.47058823529411764,0.6873473522630016,PCA + Linear-SVM,unconscious,unconscious,False,Image,False,6,4,4,5
1347,sub-04,lh-fusiform,0.393939393939394,-0.21374668579336073,0.3636363636363636,0.7047298145938184,PCA + Linear-SVM,unconscious,unconscious,False,Image,False,5,4,8,6
1348,sub-04,lh-fusiform,0.6909090909090909,0.050964719143762556,0.42857142857142855,0.6685913837898333,PCA + Linear-SVM,unconscious,unconscious,False,Image,False,5,3,2,6
1349,sub-04,lh-fusiform,0.5454545454545454,0.045454545454545456,0.5217391304347826,0.6955937388865595,PCA + Linear-SVM,unconscious,unconscious,False,Image,False,6,6,6,5
1350,sub-04,lh-fusiform,0.6181818181818183,0.034815531191139566,0.3636363636363636,0.6691614084315641,PCA + Linear-SVM,unconscious,unconscious,False,Image,False,7,2,3,4
1351,sub-04,lh-fusiform,0.6493506493506493,0.20385887657505022,0.5333333333333333,0.6779551183500585,PCA + Linear-SVM,unconscious,unconscious,False,Image,False,7,4,3,4
1352,sub-04,lh-fusiform,0.45454545454545453,-0.10050378152592121,0.2222222222222222,0.6697737159006125,PCA + Linear-SVM,unconscious,unconscious,False,Image,False,6,1,2,5
1353,sub-04,lh-fusiform,0.5844155844155844,0.4029114820126901,0.6153846153846153,0.6823747658483499,PCA + Linear-SVM,unconscious,unconscious,False,Image,False,9,4,3,2
1354,sub-04,lh-fusiform,0.6103896103896104,0.20385887657505022,0.5333333333333333,0.6784838508715824,PCA + Linear-SVM,unconscious,unconscious,False,Image,False,7,4,3,4
1355,sub-04,lh-fusiform,0.6565656565656566,0.38981938376529196,0.6250000000000001,0.6820343189121993,PCA + Linear-SVM,unconscious,unconscious,False,Image,False,9,5,4,2
1356,sub-04,lh-fusiform,0.7757575757575758,0.3892494720807615,0.7142857142857142,0.697999233880963,PCA + Linear-SVM,unconscious,unconscious,False,Image,False,8,10,5,3
1357,sub-04,lh-fusiform,0.4772727272727273,0.054278245606577465,0.4761904761904762,0.6997891887126572,PCA + Linear-SVM,unconscious,unconscious,False,Image,False,7,5,7,4
1358,sub-04,lh-fusiform,0.75,0.3181818181818182,0.5,0.6671506792806332,PCA + Linear-SVM,unconscious,unconscious,False,Image,False,9,2,2,2
1359,sub-04,lh-fusiform,0.4363636363636363,-0.050964719143762556,0.3333333333333333,0.6766010404599928,PCA + Linear-SVM,unconscious,unconscious,False,Image,False,6,2,3,5
1360,sub-04,lh-fusiform,0.743801652892562,0.18257418583505536,0.5714285714285713,0.6880821628013596,PCA + Linear-SVM,unconscious,unconscious,False,Image,False,7,6,5,4
1361,sub-04,lh-fusiform,0.8727272727272728,0.5449492609130661,0.6666666666666665,0.6663415293703894,PCA + Linear-SVM,unconscious,unconscious,False,Image,False,10,3,2,1
1362,sub-04,lh-fusiform,0.5664335664335665,0.17482517482517482,0.5833333333333334,0.6977406300914962,PCA + Linear-SVM,unconscious,unconscious,False,Image,False,7,7,6,4
1363,sub-04,lh-fusiform,0.7603305785123967,0.2773500981126146,0.6,0.6842323815296317,PCA + Linear-SVM,unconscious,unconscious,False,Image,False,8,6,5,3
1364,sub-04,lh-fusiform,0.5757575757575757,0.13241022442571243,0.4615384615384615,0.6770522166577426,PCA + Linear-SVM,unconscious,unconscious,False,Image,False,7,3,3,4
1365,sub-04,lh-fusiform,0.36363636363636365,-0.23354968324845687,0.0,0.6640463278656508,PCA + Linear-SVM,unconscious,unconscious,False,Image,False,8,0,2,3
1366,sub-04,lh-fusiform,0.46969696969696967,-0.2030905986149808,0.28571428571428575,0.6755685219215891,PCA + Linear-SVM,unconscious,unconscious,False,Image,False,5,2,4,6
1367,sub-04,lh-fusiform,0.5681818181818181,0.12309149097933272,0.4,0.6696266060868176,PCA + Linear-SVM,unconscious,unconscious,False,Image,False,7,2,2,4
1368,sub-04,lh-fusiform,0.4615384615384615,0.006993006993006993,0.4999999999999999,0.7014385894815677,PCA + Linear-SVM,unconscious,unconscious,False,Image,False,6,6,7,5
1369,sub-04,lh-fusiform,0.5974025974025974,0.20385887657505022,0.5333333333333333,0.6785949905204288,PCA + Linear-SVM,unconscious,unconscious,False,Image,False,7,4,3,4
1370,sub-04,lh-fusiform,0.5363636363636364,-0.05504818825631803,0.4210526315789474,0.6896779756843174,PCA + Linear-SVM,unconscious,unconscious,False,Image,False,6,4,6,5
1371,sub-04,lh-fusiform,0.8939393939393939,0.48484848484848486,0.6666666666666666,0.6662452918855054,PCA + Linear-SVM,unconscious,unconscious,False,Image,False,9,4,2,2
1372,sub-04,lh-fusiform,0.6611570247933884,0.2773500981126146,0.6,0.6883077584105818,PCA + Linear-SVM,unconscious,unconscious,False,Image,False,8,6,5,3
1373,sub-04,lh-fusiform,0.6136363636363635,0.21320071635561041,0.4444444444444445,0.6669118871113621,PCA + Linear-SVM,unconscious,unconscious,False,Image,False,8,2,2,3
1374,sub-04,lh-fusiform,0.5371900826446281,0.0,0.47619047619047616,0.6933734163207844,PCA + Linear-SVM,unconscious,unconscious,False,Image,False,6,5,6,5
1375,sub-04,lh-fusiform,0.5909090909090909,0.13636363636363635,0.5,0.6840954191828638,PCA + Linear-SVM,unconscious,unconscious,False,Image,False,7,4,4,4
1376,sub-04,lh-fusiform,0.43939393939393934,-0.2030905986149808,0.28571428571428575,0.6791656517396221,PCA + Linear-SVM,unconscious,unconscious,False,Image,False,5,2,4,6
1377,sub-04,lh-fusiform,0.7878787878787878,0.3939393939393939,0.6666666666666666,0.6765194864504775,PCA + Linear-SVM,unconscious,unconscious,False,Image,False,8,6,3,3
1378,sub-04,lh-fusiform,0.5454545454545455,0.12727272727272726,0.4000000000000001,0.6724632791850669,PCA + Linear-SVM,unconscious,unconscious,False,Image,False,8,2,3,3
1379,sub-04,lh-fusiform,0.48051948051948046,-0.025482359571881278,0.39999999999999997,0.6825039238265378,PCA + Linear-SVM,unconscious,unconscious,False,Image,False,6,3,4,5
1380,sub-04,lh-fusiform,0.5594405594405594,0.17482517482517482,0.5833333333333334,0.700587503072572,PCA + Linear-SVM,unconscious,unconscious,False,Image,False,7,7,6,4
1381,sub-04,lh-fusiform,0.8181818181818181,0.3133397807202561,0.5454545454545454,0.6669221782967497,PCA + Linear-SVM,unconscious,unconscious,False,Image,False,8,3,2,3
1382,sub-04,lh-fusiform,0.6,0.13483997249264842,0.4615384615384615,0.6712142227029061,PCA + Linear-SVM,unconscious,unconscious,False,Image,False,6,3,2,5
1383,sub-04,lh-fusiform,0.606060606060606,-0.10050378152592121,0.2222222222222222,0.6635320790066858,PCA + Linear-SVM,unconscious,unconscious,False,Image,False,6,1,2,5
1384,sub-04,lh-fusiform,0.6090909090909091,0.13762047064079508,0.5263157894736842,0.689318189982661,PCA + Linear-SVM,unconscious,unconscious,False,Image,False,7,5,5,4
1385,sub-04,lh-fusiform,0.5606060606060606,0.3337119062359573,0.5454545454545454,0.6764932370065163,PCA + Linear-SVM,unconscious,unconscious,False,Image,False,9,3,3,2
1386,sub-04,lh-fusiform,0.5757575757575757,0.13241022442571243,0.4615384615384615,0.6746140091963738,PCA + Linear-SVM,unconscious,unconscious,False,Image,False,7,3,3,4
1387,sub-04,lh-fusiform,0.625,0.3522727272727273,0.625,0.6819891042123702,PCA + Linear-SVM,unconscious,unconscious,False,Image,False,8,5,3,3
1388,sub-04,lh-fusiform,0.7575757575757576,0.28721347895177635,0.5882352941176471,0.6822318720912133,PCA + Linear-SVM,unconscious,unconscious,False,Image,False,8,5,4,3
1389,sub-04,lh-fusiform,0.5454545454545454,0.06356417261637282,0.3636363636363636,0.6751080374997391,PCA + Linear-SVM,unconscious,unconscious,False,Image,False,8,2,4,3
1390,sub-04,lh-fusiform,0.7499999999999999,0.5672953457626894,0.7142857142857143,0.6740374272670162,PCA + Linear-SVM,unconscious,unconscious,False,Image,False,10,5,3,1
1391,sub-04,lh-fusiform,0.6493506493506493,0.20385887657505022,0.5333333333333333,0.6795181921647135,PCA + Linear-SVM,unconscious,unconscious,False,Image,False,7,4,3,4
1392,sub-04,lh-fusiform,0.4090909090909091,-0.23354968324845687,0.0,0.6625808386083533,PCA + Linear-SVM,unconscious,unconscious,False,Image,False,8,0,2,3
1393,sub-04,lh-fusiform,0.5333333333333333,-0.1,0.4000000000000001,0.6821703010331689,PCA + Linear-SVM,unconscious,unconscious,False,Image,False,3,2,3,3
1394,sub-04,lh-fusiform,0.5833333333333333,0.04303314829119352,0.4615384615384615,0.6986398896231971,PCA + Linear-SVM,unconscious,unconscious,False,Image,False,4,3,5,2
1395,sub-04,lh-fusiform,0.36111111111111116,-0.16116459280507606,0.4210526315789474,0.7344363049933539,PCA + Linear-SVM,unconscious,unconscious,False,Image,False,3,4,8,3
1396,sub-04,lh-fusiform,0.5666666666666667,0.06900655593423542,0.4444444444444445,0.6855661607716648,PCA + Linear-SVM,unconscious,unconscious,False,Image,False,4,2,3,2
1397,sub-04,lh-fusiform,0.5833333333333333,0.08058229640253803,0.5263157894736842,0.7152585547332387,PCA + Linear-SVM,unconscious,unconscious,False,Image,False,4,5,7,2
1398,sub-04,lh-fusiform,0.5666666666666667,-0.1,0.4000000000000001,0.685679550840123,PCA + Linear-SVM,unconscious,unconscious,False,Image,False,3,2,3,3
1399,sub-04,lh-fusiform,0.5238095238095238,-0.07142857142857142,0.4615384615384615,0.6979694396123861,PCA + Linear-SVM,unconscious,unconscious,False,Image,False,3,3,4,3
1400,sub-04,lh-fusiform,0.611111111111111,0.0,0.3333333333333333,0.6738204166086774,PCA + Linear-SVM,unconscious,unconscious,False,Image,False,4,1,2,2
1401,sub-04,lh-fusiform,0.38095238095238093,-0.07142857142857142,0.4615384615384615,0.7039670682777034,PCA + Linear-SVM,unconscious,unconscious,False,Image,False,3,3,4,3
1402,sub-04,lh-fusiform,0.6190476190476191,0.09759000729485333,0.5,0.6907877961328447,PCA + Linear-SVM,unconscious,unconscious,False,Image,False,4,3,4,2
1403,sub-04,lh-fusiform,0.6666666666666666,0.21821789023599236,0.6250000000000001,0.6970520936758448,PCA + Linear-SVM,unconscious,unconscious,False,Image,False,4,5,4,2
1404,sub-04,lh-fusiform,0.5111111111111111,-0.09128709291752768,0.5,0.7186627070540506,PCA + Linear-SVM,unconscious,unconscious,False,Image,False,3,6,9,3
1405,sub-04,lh-fusiform,0.38888888888888884,-0.07905694150420949,0.5,0.7269854813870444,PCA + Linear-SVM,unconscious,unconscious,False,Image,False,3,5,7,3
1406,sub-04,lh-fusiform,0.5833333333333334,-0.0890870806374748,0.28571428571428575,0.6787241460151129,PCA + Linear-SVM,unconscious,unconscious,False,Image,False,4,1,3,2
1407,sub-04,lh-fusiform,0.5,0.06900655593423542,0.4444444444444445,0.6895243855956876,PCA + Linear-SVM,unconscious,unconscious,False,Image,False,4,2,3,2
1408,sub-04,lh-fusiform,0.6818181818181819,0.2030905986149808,0.631578947368421,0.7024662711238483,PCA + Linear-SVM,unconscious,unconscious,False,Image,False,4,6,5,2
1409,sub-04,lh-fusiform,0.9,0.6708203932499369,0.7499999999999999,0.6714023991240814,PCA + Linear-SVM,unconscious,unconscious,False,Image,False,6,3,2,0
1410,sub-04,lh-fusiform,0.576923076923077,-0.03580574370197164,0.5454545454545455,0.7183187392155213,PCA + Linear-SVM,unconscious,unconscious,False,Image,False,3,6,7,3
1411,sub-04,lh-fusiform,0.7121212121212122,0.2030905986149808,0.631578947368421,0.6983204271575731,PCA + Linear-SVM,unconscious,unconscious,False,Image,False,4,6,5,2
1412,sub-04,lh-fusiform,0.5277777777777778,-0.1690308509457033,0.3636363636363636,0.6896186324343275,PCA + Linear-SVM,unconscious,unconscious,False,Image,False,3,2,4,3
1413,sub-04,lh-fusiform,0.25,-0.5773502691896258,0.0,0.6693696112347065,PCA + Linear-SVM,unconscious,unconscious,False,Image,False,2,0,2,4
1414,sub-04,lh-fusiform,0.5555555555555556,-0.1690308509457033,0.3636363636363636,0.6894680695751149,PCA + Linear-SVM,unconscious,unconscious,False,Image,False,3,2,4,3
1415,sub-04,lh-fusiform,0.45833333333333337,-0.25,0.25,0.6780611145138559,PCA + Linear-SVM,unconscious,unconscious,False,Image,False,3,1,3,3
1416,sub-04,lh-fusiform,0.46153846153846156,-0.1086310236566852,0.4761904761904762,0.7236619814983939,PCA + Linear-SVM,unconscious,unconscious,False,Image,False,3,5,8,3
1417,sub-04,lh-fusiform,0.5,-0.07142857142857142,0.4615384615384615,0.696027273031224,PCA + Linear-SVM,unconscious,unconscious,False,Image,False,3,3,4,3
1418,sub-04,lh-fusiform,0.5166666666666667,-0.09759000729485331,0.47058823529411764,0.7093514054918117,PCA + Linear-SVM,unconscious,unconscious,False,Image,False,3,4,6,3
1419,sub-04,lh-fusiform,0.7777777777777778,0.3333333333333333,0.6666666666666666,0.6725042035990089,PCA + Linear-SVM,unconscious,unconscious,False,Image,False,4,4,2,2
1420,sub-04,lh-fusiform,0.6969696969696969,0.2030905986149808,0.631578947368421,0.7025106946673481,PCA + Linear-SVM,unconscious,unconscious,False,Image,False,4,6,5,2
1421,sub-04,lh-fusiform,0.5416666666666666,-0.0890870806374748,0.28571428571428575,0.6806218333014984,PCA + Linear-SVM,unconscious,unconscious,False,Image,False,4,1,3,2
1422,sub-04,lh-fusiform,0.5,-0.04351941398892446,0.5263157894736842,0.716146256627939,PCA + Linear-SVM,unconscious,unconscious,False,Image,False,3,5,6,3
1423,sub-04,lh-fusiform,0.5833333333333334,0.16666666666666666,0.5714285714285715,0.6994993010148539,PCA + Linear-SVM,unconscious,unconscious,False,Image,False,4,4,4,2
1424,sub-04,lh-fusiform,0.41666666666666663,-0.1690308509457033,0.3636363636363636,0.7007108479039005,PCA + Linear-SVM,unconscious,unconscious,False,Image,False,3,2,4,3
1425,sub-04,lh-fusiform,0.8148148148148149,0.49099025303098287,0.75,0.6858235264914797,PCA + Linear-SVM,unconscious,unconscious,False,Image,False,5,6,3,1
1426,sub-04,lh-fusiform,0.5666666666666667,0.06900655593423542,0.4444444444444445,0.6864797952576345,PCA + Linear-SVM,unconscious,unconscious,False,Image,False,4,2,3,2
1427,sub-04,lh-fusiform,0.4523809523809524,-0.21957751641341997,0.3333333333333333,0.7054173413057451,PCA + Linear-SVM,unconscious,unconscious,False,Image,False,3,2,5,3
1428,sub-04,lh-fusiform,0.47435897435897434,-0.03580574370197164,0.5454545454545455,0.7301281889909031,PCA + Linear-SVM,unconscious,unconscious,False,Image,False,3,6,7,3
1429,sub-04,lh-fusiform,0.7666666666666666,0.26666666666666666,0.6,0.6781842780165722,PCA + Linear-SVM,unconscious,unconscious,False,Image,False,4,3,2,2
1430,sub-04,lh-fusiform,0.5666666666666667,0.06900655593423542,0.4444444444444445,0.6843721962493358,PCA + Linear-SVM,unconscious,unconscious,False,Image,False,4,2,3,2
1431,sub-04,lh-fusiform,0.5555555555555556,-0.15811388300841897,0.28571428571428575,0.6731393197762624,PCA + Linear-SVM,unconscious,unconscious,False,Image,False,3,1,2,3
1432,sub-04,lh-fusiform,0.6833333333333333,0.16265001215808886,0.588235294117647,0.702907208350001,PCA + Linear-SVM,unconscious,unconscious,False,Image,False,4,5,5,2
1433,sub-04,lh-fusiform,0.6111111111111112,0.1690308509457033,0.5454545454545454,0.6941776349260694,PCA + Linear-SVM,unconscious,unconscious,False,Image,False,4,3,3,2
1434,sub-04,lh-fusiform,0.6944444444444444,0.1690308509457033,0.5454545454545454,0.683924563393314,PCA + Linear-SVM,unconscious,unconscious,False,Image,False,4,3,3,2
1435,sub-04,lh-fusiform,0.625,0.04303314829119352,0.4615384615384615,0.6971148853727362,PCA + Linear-SVM,unconscious,unconscious,False,Image,False,4,3,5,2
1436,sub-04,lh-fusiform,0.7592592592592593,0.32732683535398854,0.7058823529411765,0.6975943893286192,PCA + Linear-SVM,unconscious,unconscious,False,Image,False,4,6,3,2
1437,sub-04,lh-fusiform,0.4722222222222222,-0.1690308509457033,0.3636363636363636,0.6944222819535747,PCA + Linear-SVM,unconscious,unconscious,False,Image,False,3,2,4,3
1438,sub-04,lh-fusiform,0.7916666666666666,0.6454972243679028,0.7692307692307693,0.6872063347488646,PCA + Linear-SVM,unconscious,unconscious,False,Image,False,6,5,3,0
1439,sub-04,lh-fusiform,0.4285714285714286,-0.21957751641341997,0.3333333333333333,0.697611110303894,PCA + Linear-SVM,unconscious,unconscious,False,Image,False,3,2,5,3
1440,sub-04,lh-fusiform,0.4166666666666667,-0.4472135954999579,0.0,0.6662742155509591,PCA + Linear-SVM,unconscious,unconscious,False,Image,False,3,0,2,3
1441,sub-04,lh-fusiform,0.4,-0.18898223650461363,0.3076923076923077,0.6879115654119621,PCA + Linear-SVM,unconscious,unconscious,False,Image,False,4,2,3,6
1442,sub-04,lh-fusiform,0.33749999999999997,-0.325,0.33333333333333326,0.702488330622245,PCA + Linear-SVM,unconscious,unconscious,False,Image,False,3,3,5,7
1443,sub-04,lh-fusiform,0.19999999999999998,-0.45,0.2727272727272727,0.7258665931005995,PCA + Linear-SVM,unconscious,unconscious,False,Image,False,3,3,9,7
1444,sub-04,lh-fusiform,0.24,-0.472455591261534,0.15384615384615385,0.6944798580077415,PCA + Linear-SVM,unconscious,unconscious,False,Image,False,3,1,4,7
1445,sub-04,lh-fusiform,0.3333333333333333,-0.26666666666666666,0.3636363636363636,0.7083410465379724,PCA + Linear-SVM,unconscious,unconscious,False,Image,False,4,4,8,6
1446,sub-04,lh-fusiform,0.33999999999999997,-0.28867513459481287,0.1818181818181818,0.6910368360534378,PCA + Linear-SVM,unconscious,unconscious,False,Image,False,5,1,4,5
1447,sub-04,lh-fusiform,0.22857142857142856,-0.5493502655735357,0.13333333333333333,0.6963605920126902,PCA + Linear-SVM,unconscious,unconscious,False,Image,False,3,1,6,7
1448,sub-04,lh-fusiform,0.26666666666666666,-0.2253744679276044,0.2,0.6988166652983765,PCA + Linear-SVM,unconscious,unconscious,False,Image,False,4,1,2,6
1449,sub-04,lh-fusiform,0.22857142857142862,-0.45714285714285713,0.14285714285714285,0.7058444765639517,PCA + Linear-SVM,unconscious,unconscious,False,Image,False,4,1,6,6
1450,sub-04,lh-fusiform,0.3285714285714285,-0.3098898934004561,0.26666666666666666,0.695212281860241,PCA + Linear-SVM,unconscious,unconscious,False,Image,False,4,2,5,6
1451,sub-04,lh-fusiform,0.4444444444444444,-0.1685499656158105,0.35294117647058826,0.6976833962140012,PCA + Linear-SVM,unconscious,unconscious,False,Image,False,5,3,6,5
1452,sub-04,lh-fusiform,0.41333333333333333,-0.03268602252303067,0.5185185185185186,0.7095386080080488,PCA + Linear-SVM,unconscious,unconscious,False,Image,False,5,7,8,5
1453,sub-04,lh-fusiform,0.19166666666666665,-0.45,0.2727272727272727,0.7269421517090653,PCA + Linear-SVM,unconscious,unconscious,False,Image,False,3,3,9,7
1454,sub-04,lh-fusiform,0.25,-0.31622776601683794,0.18181818181818182,0.6862989228015607,PCA + Linear-SVM,unconscious,unconscious,False,Image,False,4,1,3,6
1455,sub-04,lh-fusiform,0.31999999999999995,-0.37796447300922725,0.16666666666666666,0.6954218757909136,PCA + Linear-SVM,unconscious,unconscious,False,Image,False,4,1,4,6
1456,sub-04,lh-fusiform,0.42727272727272725,-0.13762047064079508,0.39999999999999997,0.6980772434614713,PCA + Linear-SVM,unconscious,unconscious,False,Image,False,5,4,7,5
1457,sub-04,lh-fusiform,0.76,0.09449111825230681,0.4615384615384615,0.6769198690220002,PCA + Linear-SVM,unconscious,unconscious,False,Image,False,5,3,2,5
1458,sub-04,lh-fusiform,0.33076923076923076,-0.21374668579336073,0.41666666666666663,0.7138717337328208,PCA + Linear-SVM,unconscious,unconscious,False,Image,False,4,5,8,6
1459,sub-04,lh-fusiform,0.39999999999999997,-0.2337367475021143,0.3157894736842105,0.6989720127231243,PCA + Linear-SVM,unconscious,unconscious,False,Image,False,5,3,8,5
1460,sub-04,lh-fusiform,0.3333333333333333,-0.42289003161103106,0.15384615384615383,0.692258524947656,PCA + Linear-SVM,unconscious,unconscious,False,Image,False,4,1,5,6
1461,sub-04,lh-fusiform,0.09999999999999998,-0.5291502622129182,0.0,0.6833560468430581,PCA + Linear-SVM,unconscious,unconscious,False,Image,False,3,0,2,7
1462,sub-04,lh-fusiform,0.4333333333333333,-0.06666666666666667,0.3333333333333333,0.6880958598555139,PCA + Linear-SVM,unconscious,unconscious,False,Image,False,6,2,4,4
1463,sub-04,lh-fusiform,0.3,-0.31622776601683794,0.18181818181818182,0.6872906612899581,PCA + Linear-SVM,unconscious,unconscious,False,Image,False,4,1,3,6
1464,sub-04,lh-fusiform,0.23846153846153845,-0.3750457847507963,0.27272727272727276,0.7138009123003417,PCA + Linear-SVM,unconscious,unconscious,False,Image,False,4,3,10,6
1465,sub-04,lh-fusiform,0.29999999999999993,-0.408491223118783,0.25,0.6970155539670245,PCA + Linear-SVM,unconscious,unconscious,False,Image,False,3,2,5,7
1466,sub-04,lh-fusiform,0.28,-0.30151134457776363,0.3157894736842105,0.7033222587517262,PCA + Linear-SVM,unconscious,unconscious,False,Image,False,4,3,7,6
1467,sub-04,lh-fusiform,0.6166666666666667,0.09759000729485331,0.4615384615384615,0.6790545185824919,PCA + Linear-SVM,unconscious,unconscious,False,Image,False,6,3,3,4
1468,sub-04,lh-fusiform,0.40909090909090906,0.05504818825631803,0.5,0.7018609987481548,PCA + Linear-SVM,unconscious,unconscious,False,Image,False,6,5,6,4
1469,sub-04,lh-fusiform,0.35,-0.22821773229381923,0.2,0.6872582801314476,PCA + Linear-SVM,unconscious,unconscious,False,Image,False,5,1,3,5
1470,sub-04,lh-fusiform,0.3272727272727272,-0.33636363636363636,0.36363636363636365,0.7093742077744751,PCA + Linear-SVM,unconscious,unconscious,False,Image,False,3,4,7,7
1471,sub-04,lh-fusiform,0.4125,-0.125,0.375,0.6965219910410727,PCA + Linear-SVM,unconscious,unconscious,False,Image,False,5,3,5,5
1472,sub-04,lh-fusiform,0.21666666666666665,-0.42289003161103106,0.15384615384615383,0.7023022983958281,PCA + Linear-SVM,unconscious,unconscious,False,Image,False,4,1,5,6
1473,sub-04,lh-fusiform,0.5222222222222223,0.044946657497549475,0.47058823529411764,0.6895092778178354,PCA + Linear-SVM,unconscious,unconscious,False,Image,False,6,4,5,4
1474,sub-04,lh-fusiform,0.34,-0.18898223650461363,0.3076923076923077,0.694082357721188,PCA + Linear-SVM,unconscious,unconscious,False,Image,False,4,2,3,6
1475,sub-04,lh-fusiform,0.2571428571428571,-0.408491223118783,0.25,0.7121567185024373,PCA + Linear-SVM,unconscious,unconscious,False,Image,False,3,2,5,7
1476,sub-04,lh-fusiform,0.25384615384615383,-0.2923076923076923,0.34782608695652173,0.7221831555443923,PCA + Linear-SVM,unconscious,unconscious,False,Image,False,4,4,9,6
1477,sub-04,lh-fusiform,0.52,0.18898223650461363,0.5,0.6836190606267488,PCA + Linear-SVM,unconscious,unconscious,False,Image,False,6,3,2,4
1478,sub-04,lh-fusiform,0.34,-0.28867513459481287,0.1818181818181818,0.6880843727142106,PCA + Linear-SVM,unconscious,unconscious,False,Image,False,5,1,4,5
1479,sub-04,lh-fusiform,0.3666666666666666,-0.31754264805429416,0.18181818181818182,0.6794829451304554,PCA + Linear-SVM,unconscious,unconscious,False,Image,False,3,1,2,7
1480,sub-04,lh-fusiform,0.26,-0.502518907629606,0.2105263157894737,0.7033866596433558,PCA + Linear-SVM,unconscious,unconscious,False,Image,False,3,2,8,7
1481,sub-04,lh-fusiform,0.18333333333333332,-0.5163977794943222,0.14285714285714288,0.7065301570808319,PCA + Linear-SVM,unconscious,unconscious,False,Image,False,3,1,5,7
1482,sub-04,lh-fusiform,0.41666666666666663,0.034815531191139566,0.3636363636363636,0.6893337309430552,PCA + Linear-SVM,unconscious,unconscious,False,Image,False,7,2,4,3
1483,sub-04,lh-fusiform,0.39999999999999997,-0.125,0.375,0.6944979579827565,PCA + Linear-SVM,unconscious,unconscious,False,Image,False,5,3,5,5
1484,sub-04,lh-fusiform,0.3111111111111111,-0.26666666666666666,0.3333333333333333,0.6968586821640376,PCA + Linear-SVM,unconscious,unconscious,False,Image,False,4,3,6,6
1485,sub-04,lh-fusiform,0.19999999999999998,-0.5163977794943222,0.14285714285714288,0.6958779041002823,PCA + Linear-SVM,unconscious,unconscious,False,Image,False,3,1,5,7
1486,sub-04,lh-fusiform,0.6249999999999999,0.325,0.625,0.6897581068786982,PCA + Linear-SVM,unconscious,unconscious,False,Image,False,7,5,3,3
1487,sub-04,lh-fusiform,0.2571428571428571,-0.408491223118783,0.25,0.6972175960317376,PCA + Linear-SVM,unconscious,unconscious,False,Image,False,3,2,5,7
1488,sub-04,lh-fusiform,0.09999999999999998,-0.5291502622129182,0.0,0.6838373776092085,PCA + Linear-SVM,unconscious,unconscious,False,Image,False,3,0,2,7
1489,sub-04,lh-fusiform,0.575,0.025,0.4000000000000001,0.6784709930811957,PCA + Linear-SVM,unconscious,unconscious,False,Image,False,5,2,3,3
1490,sub-04,lh-fusiform,0.453125,-0.1259881576697424,0.39999999999999997,0.6997298519201585,PCA + Linear-SVM,unconscious,unconscious,False,Image,False,4,3,5,4
1491,sub-04,lh-fusiform,0.28125,-0.16666666666666666,0.4,0.7315218978642082,PCA + Linear-SVM,unconscious,unconscious,False,Image,False,4,4,8,4
1492,sub-04,lh-fusiform,0.55,0.31754264805429416,0.5,0.6828724719616294,PCA + Linear-SVM,unconscious,unconscious,False,Image,False,7,2,3,1
1493,sub-04,lh-fusiform,0.4375,0.041666666666666664,0.5,0.7103807432128832,PCA + Linear-SVM,unconscious,unconscious,False,Image,False,5,5,7,3
1494,sub-04,lh-fusiform,0.55,0.025,0.4000000000000001,0.6803576412483251,PCA + Linear-SVM,unconscious,unconscious,False,Image,False,5,2,3,3
1495,sub-04,lh-fusiform,0.4464285714285714,0.05455447255899809,0.4615384615384615,0.6926542671636734,PCA + Linear-SVM,unconscious,unconscious,False,Image,False,5,3,4,3
1496,sub-04,lh-fusiform,0.3333333333333333,-0.2608745973749754,0.2222222222222222,0.6907449297209772,PCA + Linear-SVM,unconscious,unconscious,False,Image,False,3,1,2,5
1497,sub-04,lh-fusiform,0.5178571428571428,0.18898223650461363,0.5,0.699727472966514,PCA + Linear-SVM,unconscious,unconscious,False,Image,False,6,3,4,2
1498,sub-04,lh-fusiform,0.5357142857142857,0.05455447255899809,0.4615384615384615,0.6887762525290682,PCA + Linear-SVM,unconscious,unconscious,False,Image,False,5,3,4,3
1499,sub-04,lh-fusiform,0.5416666666666666,0.07042952122737638,0.5,0.6960938301411864,PCA + Linear-SVM,unconscious,unconscious,False,Image,False,5,4,5,3
1500,sub-04,lh-fusiform,0.6,0.15096490996388545,0.6153846153846153,0.7110472380899174,PCA + Linear-SVM,unconscious,unconscious,False,Image,False,5,8,7,3
1501,sub-04,lh-fusiform,0.3333333333333333,-0.08206099398622181,0.4761904761904762,0.7235578037762892,PCA + Linear-SVM,unconscious,unconscious,False,Image,False,4,5,7,4
1502,sub-04,lh-fusiform,0.59375,0.25,0.5,0.6789293480172144,PCA + Linear-SVM,unconscious,unconscious,False,Image,False,6,2,2,2
1503,sub-04,lh-fusiform,0.425,-0.09759000729485333,0.3636363636363636,0.6880982153189412,PCA + Linear-SVM,unconscious,unconscious,False,Image,False,4,2,3,4
1504,sub-04,lh-fusiform,0.6477272727272727,0.1685499656158105,0.6,0.6985946767231681,PCA + Linear-SVM,unconscious,unconscious,False,Image,False,5,6,5,3
1505,sub-04,lh-fusiform,0.85,0.35,0.6,0.6712970098881808,PCA + Linear-SVM,unconscious,unconscious,False,Image,False,6,3,2,2
1506,sub-04,lh-fusiform,0.41346153846153844,-0.2337367475021143,0.4347826086956522,0.7137528100695507,PCA + Linear-SVM,unconscious,unconscious,False,Image,False,3,5,8,5
1507,sub-04,lh-fusiform,0.7727272727272727,0.47193990372426947,0.761904761904762,0.6927463724562672,PCA + Linear-SVM,unconscious,unconscious,False,Image,False,6,8,3,2
1508,sub-04,lh-fusiform,0.5416666666666666,-0.125,0.42857142857142855,0.686294977246218,PCA + Linear-SVM,unconscious,unconscious,False,Image,False,3,3,3,5
1509,sub-04,lh-fusiform,0.375,-0.25,0.0,0.6691477161753364,PCA + Linear-SVM,unconscious,unconscious,False,Image,False,6,0,2,2
1510,sub-04,lh-fusiform,0.35416666666666663,-0.4166666666666667,0.28571428571428575,0.685862377283266,PCA + Linear-SVM,unconscious,unconscious,False,Image,False,2,2,4,6
1511,sub-04,lh-fusiform,0.59375,0.25,0.5,0.6790285103139655,PCA + Linear-SVM,unconscious,unconscious,False,Image,False,6,2,2,2
1512,sub-04,lh-fusiform,0.3557692307692308,-0.19230769230769232,0.380952380952381,0.7191762652009727,PCA + Linear-SVM,unconscious,unconscious,False,Image,False,4,4,9,4
1513,sub-04,lh-fusiform,0.4821428571428571,-0.07142857142857142,0.42857142857142855,0.6936147042611039,PCA + Linear-SVM,unconscious,unconscious,False,Image,False,4,3,4,4
1514,sub-04,lh-fusiform,0.375,-0.35,0.4000000000000001,0.7039396493068513,PCA + Linear-SVM,unconscious,unconscious,False,Image,False,2,4,6,6
1515,sub-04,lh-fusiform,0.8125,0.5594309277855158,0.7272727272727272,0.6722540542374166,PCA + Linear-SVM,unconscious,unconscious,False,Image,False,7,4,2,1
1516,sub-04,lh-fusiform,0.5681818181818182,0.1685499656158105,0.6,0.7003963223402161,PCA + Linear-SVM,unconscious,unconscious,False,Image,False,5,6,5,3
1517,sub-04,lh-fusiform,0.5625,0.25,0.5,0.6778008674424497,PCA + Linear-SVM,unconscious,unconscious,False,Image,False,6,2,2,2
1518,sub-04,lh-fusiform,0.45454545454545453,-0.1685499656158105,0.47619047619047616,0.7105588895319279,PCA + Linear-SVM,unconscious,unconscious,False,Image,False,3,5,6,5
1519,sub-04,lh-fusiform,0.5,0.1259881576697424,0.5333333333333333,0.6992129579155997,PCA + Linear-SVM,unconscious,unconscious,False,Image,False,5,4,4,3
1520,sub-04,lh-fusiform,0.20833333333333331,-0.22821773229381923,0.2,0.701786990600514,PCA + Linear-SVM,unconscious,unconscious,False,Image,False,5,1,5,3
1521,sub-04,lh-fusiform,0.763888888888889,0.4166666666666667,0.7058823529411765,0.6837616510511851,PCA + Linear-SVM,unconscious,unconscious,False,Image,False,6,6,3,2
1522,sub-04,lh-fusiform,0.525,0.15811388300841897,0.4444444444444445,0.6857763535817598,PCA + Linear-SVM,unconscious,unconscious,False,Image,False,6,2,3,2
1523,sub-04,lh-fusiform,0.30357142857142855,-0.3392857142857143,0.2857142857142857,0.7011144804451974,PCA + Linear-SVM,unconscious,unconscious,False,Image,False,3,2,5,5
1524,sub-04,lh-fusiform,0.41346153846153844,0.08492077756084468,0.5454545454545455,0.72200833296131,PCA + Linear-SVM,unconscious,unconscious,False,Image,False,5,6,7,3
1525,sub-04,lh-fusiform,0.7250000000000001,0.35,0.6,0.6774799828793283,PCA + Linear-SVM,unconscious,unconscious,False,Image,False,6,3,2,2
1526,sub-04,lh-fusiform,0.55,0.15811388300841897,0.4444444444444445,0.681958315124981,PCA + Linear-SVM,unconscious,unconscious,False,Image,False,6,2,3,2
1527,sub-04,lh-fusiform,0.4583333333333333,-0.14907119849998599,0.25,0.6723484405364867,PCA + Linear-SVM,unconscious,unconscious,False,Image,False,4,1,2,4
1528,sub-04,lh-fusiform,0.6875000000000001,0.4472135954999579,0.7368421052631577,0.6986732865596771,PCA + Linear-SVM,unconscious,unconscious,False,Image,False,6,7,3,2
1529,sub-04,lh-fusiform,0.3958333333333333,-0.04303314829119352,0.3636363636363636,0.7005556052300889,PCA + Linear-SVM,unconscious,unconscious,False,Image,False,5,2,4,3
1530,sub-04,lh-fusiform,0.5208333333333333,-0.125,0.42857142857142855,0.6835435243083301,PCA + Linear-SVM,unconscious,unconscious,False,Image,False,3,3,3,5
1531,sub-04,lh-fusiform,0.515625,0.0,0.42857142857142855,0.6947369390289257,PCA + Linear-SVM,unconscious,unconscious,False,Image,False,5,3,5,3
1532,sub-04,lh-fusiform,0.6944444444444444,0.3098898934004561,0.6250000000000001,0.6925683725833199,PCA + Linear-SVM,unconscious,unconscious,False,Image,False,6,5,4,2
1533,sub-04,lh-fusiform,0.4375,0.09128709291752768,0.4,0.6875277541974772,PCA + Linear-SVM,unconscious,unconscious,False,Image,False,6,2,4,2
1534,sub-04,lh-fusiform,0.703125,0.5163977794943222,0.7142857142857143,0.6852366211415432,PCA + Linear-SVM,unconscious,unconscious,False,Image,False,7,5,3,1
1535,sub-04,lh-fusiform,0.4821428571428571,-0.21821789023599236,0.30769230769230765,0.6921260005570751,PCA + Linear-SVM,unconscious,unconscious,False,Image,False,4,2,5,4
1536,sub-04,lh-fusiform,0.3125,-0.3273268353539886,0.0,0.6730772415588134,PCA + Linear-SVM,unconscious,unconscious,False,Image,False,5,0,2,3
1537,sub-04,lh-fusiform,0.33333333333333337,0.06666666666666667,0.5,0.7120945163585425,PCA + Linear-SVM,unconscious,unconscious,False,Image,False,2,2,3,1
1538,sub-04,lh-fusiform,0.375,0.03857583749052298,0.5,0.7320973182525369,PCA + Linear-SVM,unconscious,unconscious,False,Image,False,2,3,5,1
1539,sub-04,lh-fusiform,0.1388888888888889,-0.35355339059327373,0.35294117647058826,0.768839038294931,PCA + Linear-SVM,unconscious,unconscious,False,Image,False,1,3,9,2
1540,sub-04,lh-fusiform,0.4,0.06666666666666667,0.5,0.7139338246840787,PCA + Linear-SVM,unconscious,unconscious,False,Image,False,2,2,3,1
1541,sub-04,lh-fusiform,0.33333333333333337,0.0,0.47058823529411764,0.7464649205213231,PCA + Linear-SVM,unconscious,unconscious,False,Image,False,2,4,8,1
1542,sub-04,lh-fusiform,0.4,0.06666666666666667,0.5,0.7119075906414997,PCA + Linear-SVM,unconscious,unconscious,False,Image,False,2,2,3,1
1543,sub-04,lh-fusiform,0.2380952380952381,-0.2182178902359924,0.22222222222222224,0.7312509046619733,PCA + Linear-SVM,unconscious,unconscious,False,Image,False,2,1,6,1
1544,sub-04,lh-fusiform,0.4444444444444445,0.0,0.4,0.725058335225377,PCA + Linear-SVM,unconscious,unconscious,False,Image,False,2,1,2,1
1545,sub-04,lh-fusiform,0.28571428571428575,-0.2182178902359924,0.22222222222222224,0.7393372819625385,PCA + Linear-SVM,unconscious,unconscious,False,Image,False,2,1,6,1
1546,sub-04,lh-fusiform,0.4285714285714286,0.0890870806374748,0.5454545454545454,0.7208068127006482,PCA + Linear-SVM,unconscious,unconscious,False,Image,False,2,3,4,1
1547,sub-04,lh-fusiform,0.40740740740740744,0.09759000729485331,0.5714285714285714,0.732605453313791,PCA + Linear-SVM,unconscious,unconscious,False,Image,False,2,4,5,1
1548,sub-04,lh-fusiform,0.4444444444444445,0.1,0.608695652173913,0.7399318473267805,PCA + Linear-SVM,unconscious,unconscious,False,Image,False,2,7,8,1
1549,sub-04,lh-fusiform,0.2777777777777778,0.0,0.47058823529411764,0.7537127640030057,PCA + Linear-SVM,unconscious,unconscious,False,Image,False,2,4,8,1
1550,sub-04,lh-fusiform,0.41666666666666663,0.16666666666666666,0.5714285714285715,0.7118908264260454,PCA + Linear-SVM,unconscious,unconscious,False,Image,False,2,2,2,1
1551,sub-04,lh-fusiform,0.33333333333333337,-0.14907119849998599,0.28571428571428575,0.7277377029453329,PCA + Linear-SVM,unconscious,unconscious,False,Image,False,2,1,4,1
1552,sub-04,lh-fusiform,0.3939393939393939,0.10050378152592121,0.5882352941176471,0.7262164418598277,PCA + Linear-SVM,unconscious,unconscious,False,Image,False,2,5,6,1
1553,sub-04,lh-fusiform,0.7333333333333334,0.2581988897471611,0.6666666666666665,0.6934481916420352,PCA + Linear-SVM,unconscious,unconscious,False,Image,False,2,3,2,1
1554,sub-04,lh-fusiform,0.3076923076923077,0.041344911529736156,0.5263157894736842,0.7500098276995255,PCA + Linear-SVM,unconscious,unconscious,False,Image,False,2,5,8,1
1555,sub-04,lh-fusiform,0.5454545454545454,0.251259453814803,0.7368421052631579,0.722129303581469,PCA + Linear-SVM,unconscious,unconscious,False,Image,False,2,7,4,1
1556,sub-04,lh-fusiform,0.2777777777777778,0.0,0.4444444444444444,0.7250752987407423,PCA + Linear-SVM,unconscious,unconscious,False,Image,False,2,2,4,1
1557,sub-04,lh-fusiform,0.16666666666666669,-0.6666666666666666,0.0,0.704484348437785,PCA + Linear-SVM,unconscious,unconscious,False,Image,False,1,0,2,2
1558,sub-04,lh-fusiform,0.5,0.0,0.4444444444444444,0.713460681056088,PCA + Linear-SVM,unconscious,unconscious,False,Image,False,2,2,4,1
1559,sub-04,lh-fusiform,0.4166666666666667,-0.09128709291752768,0.3333333333333333,0.7128164774325692,PCA + Linear-SVM,unconscious,unconscious,False,Image,False,2,1,3,1
1560,sub-04,lh-fusiform,0.35897435897435903,0.10087125544480041,0.6,0.7506614105840635,PCA + Linear-SVM,unconscious,unconscious,False,Image,False,2,6,7,1
1561,sub-04,lh-fusiform,0.33333333333333337,-0.047619047619047616,0.4,0.7272851068466779,PCA + Linear-SVM,unconscious,unconscious,False,Image,False,2,2,5,1
1562,sub-04,lh-fusiform,0.2666666666666667,-0.13333333333333333,0.30769230769230765,0.7393539274850843,PCA + Linear-SVM,unconscious,unconscious,False,Image,False,2,2,8,1
1563,sub-04,lh-fusiform,0.6111111111111112,0.15811388300841897,0.6,0.6977035845590288,PCA + Linear-SVM,unconscious,unconscious,False,Image,False,2,3,3,1
1564,sub-04,lh-fusiform,0.3939393939393939,0.10050378152592121,0.5882352941176471,0.7291317278013844,PCA + Linear-SVM,unconscious,unconscious,False,Image,False,2,5,6,1
1565,sub-04,lh-fusiform,0.5,0.16666666666666666,0.5714285714285715,0.7144155167105016,PCA + Linear-SVM,unconscious,unconscious,False,Image,False,2,2,2,1
1566,sub-04,lh-fusiform,0.2727272727272727,0.025949964805384102,0.5000000000000001,0.7471387200209305,PCA + Linear-SVM,unconscious,unconscious,False,Image,False,2,4,7,1
1567,sub-04,lh-fusiform,0.41666666666666663,0.14907119849998599,0.6153846153846154,0.728325556587599,PCA + Linear-SVM,unconscious,unconscious,False,Image,False,2,4,4,1
1568,sub-04,lh-fusiform,0.16666666666666669,-0.5,0.2222222222222222,0.7403799138348299,PCA + Linear-SVM,unconscious,unconscious,False,Image,False,1,1,5,2
1569,sub-04,lh-fusiform,0.6296296296296297,0.29277002188455997,0.75,0.7090887066765644,PCA + Linear-SVM,unconscious,unconscious,False,Image,False,2,6,3,1
1570,sub-04,lh-fusiform,0.33333333333333337,0.06666666666666667,0.5,0.7211586445573149,PCA + Linear-SVM,unconscious,unconscious,False,Image,False,2,2,3,1
1571,sub-04,lh-fusiform,0.2380952380952381,-0.047619047619047616,0.4,0.7410246311253175,PCA + Linear-SVM,unconscious,unconscious,False,Image,False,2,2,5,1
1572,sub-04,lh-fusiform,0.33333333333333337,0.041344911529736156,0.5263157894736842,0.7594808993630178,PCA + Linear-SVM,unconscious,unconscious,False,Image,False,2,5,8,1
1573,sub-04,lh-fusiform,0.5333333333333333,0.06666666666666667,0.5,0.7071169270262554,PCA + Linear-SVM,unconscious,unconscious,False,Image,False,2,2,3,1
1574,sub-04,lh-fusiform,0.4666666666666667,0.06666666666666667,0.5,0.7138278030495219,PCA + Linear-SVM,unconscious,unconscious,False,Image,False,2,2,3,1
1575,sub-04,lh-fusiform,0.33333333333333337,0.0,0.4,0.7000983996009612,PCA + Linear-SVM,unconscious,unconscious,False,Image,False,2,1,2,1
1576,sub-04,lh-fusiform,0.43333333333333335,0.14085904245475275,0.625,0.7300120715360723,PCA + Linear-SVM,unconscious,unconscious,False,Image,False,2,5,5,1
1577,sub-04,lh-fusiform,0.2777777777777778,-0.1889822365046136,0.25,0.7345997623501415,PCA + Linear-SVM,unconscious,unconscious,False,Image,False,2,1,5,1
1578,sub-04,lh-fusiform,0.44444444444444453,0.15811388300841897,0.6,0.7132508140004136,PCA + Linear-SVM,unconscious,unconscious,False,Image,False,2,3,3,1
1579,sub-04,lh-fusiform,0.4583333333333333,0.14907119849998599,0.6153846153846154,0.7220395673506548,PCA + Linear-SVM,unconscious,unconscious,False,Image,False,2,4,4,1
1580,sub-04,lh-fusiform,0.5185185185185186,0.29277002188455997,0.75,0.7231091463124112,PCA + Linear-SVM,unconscious,unconscious,False,Image,False,2,6,3,1
1581,sub-04,lh-fusiform,0.3888888888888889,0.15811388300841897,0.6,0.7222470787896357,PCA + Linear-SVM,unconscious,unconscious,False,Image,False,2,3,3,1
1582,sub-04,lh-fusiform,0.5,0.2608745973749754,0.7142857142857143,0.7122725135118178,PCA + Linear-SVM,unconscious,unconscious,False,Image,False,2,5,3,1
1583,sub-04,lh-fusiform,0.380952380952381,-0.2182178902359924,0.22222222222222224,0.7274559985973192,PCA + Linear-SVM,unconscious,unconscious,False,Image,False,2,1,6,1
1584,sub-04,lh-fusiform,0.33333333333333337,-0.4082482904638631,0.0,0.6969140883287888,PCA + Linear-SVM,unconscious,unconscious,False,Image,False,2,0,2,1
1585,sub-04,lh-fusiform,0.39999999999999997,-0.26666666666666666,0.3636363636363636,0.6925265510334175,PCA + Linear-SVM,unconscious,unconscious,False,Image,False,2,2,3,4
1586,sub-04,lh-fusiform,0.47916666666666674,0.04303314829119352,0.4615384615384615,0.7063947011121833,PCA + Linear-SVM,unconscious,unconscious,False,Image,False,4,3,5,2
1587,sub-04,lh-fusiform,0.29166666666666663,-0.31622776601683794,0.4,0.7398541455949232,PCA + Linear-SVM,unconscious,unconscious,False,Image,False,2,4,8,4
1588,sub-04,lh-fusiform,0.4666666666666667,0.06900655593423542,0.4444444444444445,0.6950022783382779,PCA + Linear-SVM,unconscious,unconscious,False,Image,False,4,2,3,2
1589,sub-04,lh-fusiform,0.4305555555555556,-0.16116459280507606,0.4210526315789474,0.7194269997629655,PCA + Linear-SVM,unconscious,unconscious,False,Image,False,3,4,8,3
1590,sub-04,lh-fusiform,0.5,0.06900655593423542,0.4444444444444445,0.6924743034323858,PCA + Linear-SVM,unconscious,unconscious,False,Image,False,4,2,3,2
1591,sub-04,lh-fusiform,0.40476190476190477,-0.07142857142857142,0.4615384615384615,0.7040423025921713,PCA + Linear-SVM,unconscious,unconscious,False,Image,False,3,3,4,3
1592,sub-04,lh-fusiform,0.33333333333333337,-0.15811388300841897,0.28571428571428575,0.7031454502394789,PCA + Linear-SVM,unconscious,unconscious,False,Image,False,3,1,2,3
1593,sub-04,lh-fusiform,0.4285714285714286,0.09759000729485333,0.5,0.7120701771442133,PCA + Linear-SVM,unconscious,unconscious,False,Image,False,4,3,4,2
1594,sub-04,lh-fusiform,0.47619047619047616,-0.05143444998736397,0.36363636363636365,0.6967184774880809,PCA + Linear-SVM,unconscious,unconscious,False,Image,False,4,2,5,2
1595,sub-04,lh-fusiform,0.4629629629629629,0.1111111111111111,0.5333333333333333,0.7074669726359171,PCA + Linear-SVM,unconscious,unconscious,False,Image,False,4,4,5,2
1596,sub-04,lh-fusiform,0.5111111111111111,0.03015113445777636,0.6153846153846153,0.7215240909456414,PCA + Linear-SVM,unconscious,unconscious,False,Image,False,3,8,7,3
1597,sub-04,lh-fusiform,0.3194444444444444,-0.16116459280507606,0.4210526315789474,0.7293411047365416,PCA + Linear-SVM,unconscious,unconscious,False,Image,False,3,4,8,3
1598,sub-04,lh-fusiform,0.45833333333333337,0.16666666666666666,0.5,0.6881466770126732,PCA + Linear-SVM,unconscious,unconscious,False,Image,False,4,2,2,2
1599,sub-04,lh-fusiform,0.43333333333333335,0.06900655593423542,0.4444444444444445,0.7022832500720997,PCA + Linear-SVM,unconscious,unconscious,False,Image,False,4,2,3,2
1600,sub-04,lh-fusiform,0.5,0.11769797726729993,0.5555555555555556,0.7079835838921451,PCA + Linear-SVM,unconscious,unconscious,False,Image,False,4,5,6,2
1601,sub-04,lh-fusiform,0.8333333333333334,0.4485426135725303,0.6666666666666665,0.6753598012926161,PCA + Linear-SVM,unconscious,unconscious,False,Image,False,5,3,2,1
1602,sub-04,lh-fusiform,0.44871794871794873,-0.03580574370197164,0.5454545454545455,0.7226240709210795,PCA + Linear-SVM,unconscious,unconscious,False,Image,False,3,6,7,3
1603,sub-04,lh-fusiform,0.5606060606060607,0.2030905986149808,0.631578947368421,0.7043252017030021,PCA + Linear-SVM,unconscious,unconscious,False,Image,False,4,6,5,2
1604,sub-04,lh-fusiform,0.38888888888888884,-0.1690308509457033,0.3636363636363636,0.6988600470260242,PCA + Linear-SVM,unconscious,unconscious,False,Image,False,3,2,4,3
1605,sub-04,lh-fusiform,0.25,-0.4472135954999579,0.0,0.6828955882892582,PCA + Linear-SVM,unconscious,unconscious,False,Image,False,3,0,2,3
1606,sub-04,lh-fusiform,0.4722222222222222,-0.1690308509457033,0.3636363636363636,0.6942643200307401,PCA + Linear-SVM,unconscious,unconscious,False,Image,False,3,2,4,3
1607,sub-04,lh-fusiform,0.375,-0.25,0.25,0.6919658103726591,PCA + Linear-SVM,unconscious,unconscious,False,Image,False,3,1,3,3
1608,sub-04,lh-fusiform,0.34615384615384615,-0.1086310236566852,0.4761904761904762,0.7292125346061488,PCA + Linear-SVM,unconscious,unconscious,False,Image,False,3,5,8,3
1609,sub-04,lh-fusiform,0.40476190476190477,-0.07142857142857142,0.4615384615384615,0.7039253706513973,PCA + Linear-SVM,unconscious,unconscious,False,Image,False,3,3,4,3
1610,sub-04,lh-fusiform,0.2833333333333333,-0.2,0.37499999999999994,0.7172737534345335,PCA + Linear-SVM,unconscious,unconscious,False,Image,False,3,3,7,3
1611,sub-04,lh-fusiform,0.7777777777777778,0.1690308509457033,0.5454545454545454,0.6771728807703146,PCA + Linear-SVM,unconscious,unconscious,False,Image,False,4,3,3,2
1612,sub-04,lh-fusiform,0.5606060606060606,0.2030905986149808,0.631578947368421,0.707283638273726,PCA + Linear-SVM,unconscious,unconscious,False,Image,False,4,6,5,2
1613,sub-04,lh-fusiform,0.4166666666666667,-0.0890870806374748,0.28571428571428575,0.6881938250656481,PCA + Linear-SVM,unconscious,unconscious,False,Image,False,4,1,3,2
1614,sub-04,lh-fusiform,0.33333333333333337,0.030303030303030304,0.4705882352941177,0.7258829594536917,PCA + Linear-SVM,unconscious,unconscious,False,Image,False,4,4,7,2
1615,sub-04,lh-fusiform,0.5416666666666666,0.16666666666666666,0.5714285714285715,0.7049717216863963,PCA + Linear-SVM,unconscious,unconscious,False,Image,False,4,4,4,2
1616,sub-04,lh-fusiform,0.24999999999999997,-0.3535533905932738,0.2,0.7113510383201449,PCA + Linear-SVM,unconscious,unconscious,False,Image,False,3,1,5,3
1617,sub-04,lh-fusiform,0.6666666666666667,0.21821789023599236,0.6250000000000001,0.6908185978066909,PCA + Linear-SVM,unconscious,unconscious,False,Image,False,4,5,4,2
1618,sub-04,lh-fusiform,0.43333333333333335,-0.1,0.4000000000000001,0.6978646037551572,PCA + Linear-SVM,unconscious,unconscious,False,Image,False,3,2,3,3
1619,sub-04,lh-fusiform,0.2857142857142857,-0.38095238095238093,0.30769230769230765,0.7121528540386387,PCA + Linear-SVM,unconscious,unconscious,False,Image,False,2,2,5,4
1620,sub-04,lh-fusiform,0.358974358974359,0.049416621110740085,0.5,0.7344240210837978,PCA + Linear-SVM,unconscious,unconscious,False,Image,False,4,5,8,2
1621,sub-04,lh-fusiform,0.6000000000000001,0.06900655593423542,0.4444444444444445,0.6873401140780068,PCA + Linear-SVM,unconscious,unconscious,False,Image,False,4,2,3,2
1622,sub-04,lh-fusiform,0.4666666666666667,-0.1,0.4000000000000001,0.6918001383744664,PCA + Linear-SVM,unconscious,unconscious,False,Image,False,3,2,3,3
1623,sub-04,lh-fusiform,0.4444444444444444,-0.15811388300841897,0.28571428571428575,0.6821383703950722,PCA + Linear-SVM,unconscious,unconscious,False,Image,False,3,1,2,3
1624,sub-04,lh-fusiform,0.39999999999999997,-0.09759000729485331,0.47058823529411764,0.7115840854519575,PCA + Linear-SVM,unconscious,unconscious,False,Image,False,3,4,6,3
1625,sub-04,lh-fusiform,0.41666666666666663,0.1690308509457033,0.5454545454545454,0.7078968444912171,PCA + Linear-SVM,unconscious,unconscious,False,Image,False,4,3,3,2
1626,sub-04,lh-fusiform,0.44444444444444436,0.0,0.4,0.6965867639802407,PCA + Linear-SVM,unconscious,unconscious,False,Image,False,4,2,4,2
1627,sub-04,lh-fusiform,0.5208333333333334,0.04303314829119352,0.4615384615384615,0.703920994742151,PCA + Linear-SVM,unconscious,unconscious,False,Image,False,4,3,5,2
1628,sub-04,lh-fusiform,0.6111111111111112,0.21821789023599236,0.6250000000000001,0.7020706652324338,PCA + Linear-SVM,unconscious,unconscious,False,Image,False,4,5,4,2
1629,sub-04,lh-fusiform,0.3333333333333333,-0.1690308509457033,0.3636363636363636,0.7016011856913683,PCA + Linear-SVM,unconscious,unconscious,False,Image,False,3,2,4,3
1630,sub-04,lh-fusiform,0.625,0.28867513459481287,0.6666666666666666,0.6957281273386325,PCA + Linear-SVM,unconscious,unconscious,False,Image,False,4,5,3,2
1631,sub-04,lh-fusiform,0.38095238095238093,-0.21957751641341997,0.3333333333333333,0.7059498496476585,PCA + Linear-SVM,unconscious,unconscious,False,Image,False,3,2,5,3
1632,sub-04,lh-fusiform,0.33333333333333337,-0.3333333333333333,0.0,0.6796256275188042,PCA + Linear-SVM,unconscious,unconscious,False,Image,False,4,0,2,2
1633,sub-04,lh-fusiform,0.6571428571428571,0.11952286093343936,0.4444444444444445,0.6820233127299818,PCA + Linear-SVM,unconscious,unconscious,False,Image,False,5,2,3,2
1634,sub-04,lh-fusiform,0.5535714285714286,0.21821789023599236,0.5714285714285715,0.7005788645898732,PCA + Linear-SVM,unconscious,unconscious,False,Image,False,5,4,4,2
1635,sub-04,lh-fusiform,0.3928571428571429,-0.09523809523809523,0.4210526315789474,0.7361174293729075,PCA + Linear-SVM,unconscious,unconscious,False,Image,False,4,4,8,3
1636,sub-04,lh-fusiform,0.4857142857142857,0.11952286093343936,0.4444444444444445,0.6901677901308781,PCA + Linear-SVM,unconscious,unconscious,False,Image,False,5,2,3,2
1637,sub-04,lh-fusiform,0.4642857142857143,-0.011631052629980886,0.5,0.7168170524638949,PCA + Linear-SVM,unconscious,unconscious,False,Image,False,4,5,7,3
1638,sub-04,lh-fusiform,0.5714285714285714,0.3142857142857143,0.6,0.6861880874278027,PCA + Linear-SVM,unconscious,unconscious,False,Image,False,5,3,2,2
1639,sub-04,lh-fusiform,0.46938775510204084,0.0,0.4615384615384615,0.6979505125082933,PCA + Linear-SVM,unconscious,unconscious,False,Image,False,4,3,4,3
1640,sub-04,lh-fusiform,0.47619047619047616,0.047619047619047616,0.3333333333333333,0.6795076431417297,PCA + Linear-SVM,unconscious,unconscious,False,Image,False,5,1,2,2
1641,sub-04,lh-fusiform,0.5102040816326531,0.28867513459481287,0.6153846153846153,0.706359379444003,PCA + Linear-SVM,unconscious,unconscious,False,Image,False,5,4,3,2
1642,sub-04,lh-fusiform,0.6938775510204083,0.28867513459481287,0.6153846153846153,0.6896331200072285,PCA + Linear-SVM,unconscious,unconscious,False,Image,False,5,4,3,2
1643,sub-04,lh-fusiform,0.5396825396825398,0.2698412698412698,0.6250000000000001,0.7017175622961611,PCA + Linear-SVM,unconscious,unconscious,False,Image,False,5,5,4,2
1644,sub-04,lh-fusiform,0.5333333333333333,0.2255549841503195,0.7142857142857142,0.7192981517205322,PCA + Linear-SVM,unconscious,unconscious,False,Image,False,4,10,5,3
1645,sub-04,lh-fusiform,0.4761904761904763,0.20935894733965593,0.6,0.7244035572809381,PCA + Linear-SVM,unconscious,unconscious,False,Image,False,5,6,6,2
1646,sub-04,lh-fusiform,0.5714285714285714,0.06900655593423542,0.4444444444444445,0.6805075917047656,PCA + Linear-SVM,unconscious,unconscious,False,Image,False,4,2,2,3
1647,sub-04,lh-fusiform,0.4857142857142857,0.11952286093343936,0.4444444444444445,0.6899159329232539,PCA + Linear-SVM,unconscious,unconscious,False,Image,False,5,2,3,2
1648,sub-04,lh-fusiform,0.6363636363636364,0.2548235957188128,0.631578947368421,0.6988601407344786,PCA + Linear-SVM,unconscious,unconscious,False,Image,False,5,6,5,2
1649,sub-04,lh-fusiform,0.8571428571428572,0.47809144373375745,0.6666666666666665,0.6653243739822389,PCA + Linear-SVM,unconscious,unconscious,False,Image,False,6,3,2,1
1650,sub-04,lh-fusiform,0.5494505494505495,0.24232015747572203,0.6363636363636364,0.7166848919735012,PCA + Linear-SVM,unconscious,unconscious,False,Image,False,5,7,6,2
1651,sub-04,lh-fusiform,0.6753246753246753,0.34188172937891387,0.7000000000000001,0.6979078040521434,PCA + Linear-SVM,unconscious,unconscious,False,Image,False,5,7,4,2
1652,sub-04,lh-fusiform,0.5952380952380952,0.21957751641341997,0.5454545454545454,0.6881250071936438,PCA + Linear-SVM,unconscious,unconscious,False,Image,False,5,3,3,2
1653,sub-04,lh-fusiform,0.3571428571428572,-0.3779644730092272,0.0,0.6730818483816592,PCA + Linear-SVM,unconscious,unconscious,False,Image,False,4,0,2,3
1654,sub-04,lh-fusiform,0.5476190476190477,0.21957751641341997,0.5454545454545454,0.6874941213639955,PCA + Linear-SVM,unconscious,unconscious,False,Image,False,5,3,3,2
1655,sub-04,lh-fusiform,0.6071428571428571,-0.03857583749052298,0.28571428571428575,0.6828621200705153,PCA + Linear-SVM,unconscious,unconscious,False,Image,False,5,1,3,2
1656,sub-04,lh-fusiform,0.4725274725274725,0.17910620335162064,0.6666666666666667,0.719977238435068,PCA + Linear-SVM,unconscious,unconscious,False,Image,False,4,8,5,3
1657,sub-04,lh-fusiform,0.5714285714285715,0.28867513459481287,0.6153846153846153,0.6968787345826138,PCA + Linear-SVM,unconscious,unconscious,False,Image,False,5,4,3,2
1658,sub-04,lh-fusiform,0.5,0.1690308509457033,0.631578947368421,0.7110887717531018,PCA + Linear-SVM,unconscious,unconscious,False,Image,False,4,6,4,3
1659,sub-04,lh-fusiform,0.8095238095238095,0.38095238095238093,0.6666666666666666,0.6674415734944438,PCA + Linear-SVM,unconscious,unconscious,False,Image,False,5,4,2,2
1660,sub-04,lh-fusiform,0.5974025974025974,0.34188172937891387,0.7000000000000001,0.6983743511984986,PCA + Linear-SVM,unconscious,unconscious,False,Image,False,5,7,4,2
1661,sub-04,lh-fusiform,0.5357142857142857,0.21428571428571427,0.5,0.6809299034529221,PCA + Linear-SVM,unconscious,unconscious,False,Image,False,5,2,2,2
1662,sub-04,lh-fusiform,0.4675324675324675,0.025482359571881278,0.5263157894736842,0.7170406326665487,PCA + Linear-SVM,unconscious,unconscious,False,Image,False,4,5,6,3
1663,sub-04,lh-fusiform,0.5535714285714286,0.3392857142857143,0.6666666666666666,0.6961905016686509,PCA + Linear-SVM,unconscious,unconscious,False,Image,False,5,5,3,2
1664,sub-04,lh-fusiform,0.2857142857142857,-0.23809523809523808,0.3333333333333333,0.7040981500389093,PCA + Linear-SVM,unconscious,unconscious,False,Image,False,3,2,4,4
1665,sub-04,lh-fusiform,0.746031746031746,0.49206349206349204,0.7777777777777778,0.6818613272630718,PCA + Linear-SVM,unconscious,unconscious,False,Image,False,5,7,2,2
1666,sub-04,lh-fusiform,0.5142857142857143,0.11952286093343936,0.4444444444444445,0.6897351067236862,PCA + Linear-SVM,unconscious,unconscious,False,Image,False,5,2,3,2
1667,sub-04,lh-fusiform,0.46938775510204084,0.0,0.4615384615384615,0.7028271820092505,PCA + Linear-SVM,unconscious,unconscious,False,Image,False,4,3,4,3
1668,sub-04,lh-fusiform,0.4725274725274725,0.10482848367219183,0.608695652173913,0.728800853766226,PCA + Linear-SVM,unconscious,unconscious,False,Image,False,4,7,6,3
1669,sub-04,lh-fusiform,0.7142857142857142,0.3142857142857143,0.6,0.6748887316758138,PCA + Linear-SVM,unconscious,unconscious,False,Image,False,5,3,2,2
1670,sub-04,lh-fusiform,0.5714285714285714,0.3142857142857143,0.6,0.6836676109233283,PCA + Linear-SVM,unconscious,unconscious,False,Image,False,5,3,2,2
1671,sub-04,lh-fusiform,0.5238095238095238,0.047619047619047616,0.3333333333333333,0.6749167610997436,PCA + Linear-SVM,unconscious,unconscious,False,Image,False,5,1,2,2
1672,sub-04,lh-fusiform,0.5714285714285714,0.3825184261187248,0.761904761904762,0.7026723365421629,PCA + Linear-SVM,unconscious,unconscious,False,Image,False,4,8,2,3
1673,sub-04,lh-fusiform,0.42857142857142855,0.07142857142857142,0.5,0.6993151659159327,PCA + Linear-SVM,unconscious,unconscious,False,Image,False,4,3,3,3
1674,sub-04,lh-fusiform,0.6190476190476191,0.21957751641341997,0.5454545454545454,0.6817094182513679,PCA + Linear-SVM,unconscious,unconscious,False,Image,False,5,3,3,2
1675,sub-04,lh-fusiform,0.5892857142857143,0.3392857142857143,0.6666666666666666,0.6945943337332551,PCA + Linear-SVM,unconscious,unconscious,False,Image,False,5,5,3,2
1676,sub-04,lh-fusiform,0.6190476190476191,0.3779644730092272,0.7058823529411765,0.6950854581824315,PCA + Linear-SVM,unconscious,unconscious,False,Image,False,5,6,3,2
1677,sub-04,lh-fusiform,0.5238095238095238,-0.09759000729485333,0.3636363636363636,0.6924808824537462,PCA + Linear-SVM,unconscious,unconscious,False,Image,False,4,2,4,3
1678,sub-04,lh-fusiform,0.5892857142857143,0.3392857142857143,0.6666666666666666,0.6858840352086345,PCA + Linear-SVM,unconscious,unconscious,False,Image,False,5,5,3,2
1679,sub-04,lh-fusiform,0.6530612244897959,0.28867513459481287,0.6153846153846153,0.6947547941354817,PCA + Linear-SVM,unconscious,unconscious,False,Image,False,5,4,3,2
1680,sub-04,lh-fusiform,0.5714285714285714,0.05976143046671968,0.3333333333333333,0.6681247754376767,PCA + Linear-SVM,unconscious,unconscious,False,Image,False,4,1,1,3
1681,sub-04,lh-fusiform,0.48,0.0,0.4444444444444445,0.7002766982279639,PCA + Linear-SVM,unconscious,unconscious,False,Image,False,3,2,3,2
1682,sub-04,lh-fusiform,0.375,-0.025,0.4615384615384615,0.7187413241570932,PCA + Linear-SVM,unconscious,unconscious,False,Image,False,3,3,5,2
1683,sub-04,lh-fusiform,0.3166666666666667,-0.06356417261637282,0.4444444444444444,0.7484595661609089,PCA + Linear-SVM,unconscious,unconscious,False,Image,False,3,4,8,2
1684,sub-04,lh-fusiform,0.4,0.0,0.4444444444444445,0.7014574744026489,PCA + Linear-SVM,unconscious,unconscious,False,Image,False,3,2,3,2
1685,sub-04,lh-fusiform,0.36666666666666664,-0.06356417261637282,0.4444444444444444,0.7294414620542156,PCA + Linear-SVM,unconscious,unconscious,False,Image,False,3,4,8,2
1686,sub-04,lh-fusiform,0.44000000000000006,0.0,0.4444444444444445,0.698563420488971,PCA + Linear-SVM,unconscious,unconscious,False,Image,False,3,2,3,2
1687,sub-04,lh-fusiform,0.3428571428571428,-0.11952286093343936,0.36363636363636365,0.7133700598834504,PCA + Linear-SVM,unconscious,unconscious,False,Image,False,3,2,5,2
1688,sub-04,lh-fusiform,0.26666666666666666,-0.2581988897471611,0.28571428571428575,0.7148029011009067,PCA + Linear-SVM,unconscious,unconscious,False,Image,False,2,1,2,3
1689,sub-04,lh-fusiform,0.34285714285714286,-0.11952286093343936,0.36363636363636365,0.7212236846814242,PCA + Linear-SVM,unconscious,unconscious,False,Image,False,3,2,5,2
1690,sub-04,lh-fusiform,0.37142857142857144,-0.29277002188455997,0.2,0.7115951444375329,PCA + Linear-SVM,unconscious,unconscious,False,Image,False,3,1,6,2
1691,sub-04,lh-fusiform,0.39999999999999997,0.04303314829119352,0.5333333333333333,0.7202562408195466,PCA + Linear-SVM,unconscious,unconscious,False,Image,False,3,4,5,2
1692,sub-04,lh-fusiform,0.52,0.058025885318565944,0.5833333333333334,0.7263670529033921,PCA + Linear-SVM,unconscious,unconscious,False,Image,False,3,7,8,2
1693,sub-04,lh-fusiform,0.31666666666666665,-0.06356417261637282,0.4444444444444444,0.7425398728118134,PCA + Linear-SVM,unconscious,unconscious,False,Image,False,3,4,8,2
1694,sub-04,lh-fusiform,0.45,-0.15811388300841897,0.28571428571428575,0.6992062295172567,PCA + Linear-SVM,unconscious,unconscious,False,Image,False,3,1,3,2
1695,sub-04,lh-fusiform,0.36,0.0,0.4444444444444445,0.7109238661487478,PCA + Linear-SVM,unconscious,unconscious,False,Image,False,3,2,3,2
1696,sub-04,lh-fusiform,0.5454545454545454,0.13483997249264842,0.631578947368421,0.7124388202312169,PCA + Linear-SVM,unconscious,unconscious,False,Image,False,3,6,5,2
1697,sub-04,lh-fusiform,0.76,0.408248290463863,0.6666666666666665,0.6822376705830452,PCA + Linear-SVM,unconscious,unconscious,False,Image,False,4,3,2,1
1698,sub-04,lh-fusiform,0.35384615384615387,-0.08770580193070292,0.42105263157894735,0.7343957958533927,PCA + Linear-SVM,unconscious,unconscious,False,Image,False,3,4,9,2
1699,sub-04,lh-fusiform,0.5454545454545454,0.22084711628963774,0.7000000000000001,0.7124910719001893,PCA + Linear-SVM,unconscious,unconscious,False,Image,False,3,7,4,2
1700,sub-04,lh-fusiform,0.3333333333333333,-0.26666666666666666,0.3636363636363636,0.7098956246386714,PCA + Linear-SVM,unconscious,unconscious,False,Image,False,2,2,4,3
1701,sub-04,lh-fusiform,0.2,-0.5477225575051661,0.0,0.6886138865855227,PCA + Linear-SVM,unconscious,unconscious,False,Image,False,2,0,2,3
1702,sub-04,lh-fusiform,0.5333333333333333,0.1,0.5454545454545454,0.6990678079296179,PCA + Linear-SVM,unconscious,unconscious,False,Image,False,3,3,3,2
1703,sub-04,lh-fusiform,0.45,-0.15811388300841897,0.28571428571428575,0.6948527637921539,PCA + Linear-SVM,unconscious,unconscious,False,Image,False,3,1,3,2
1704,sub-04,lh-fusiform,0.3384615384615385,-0.01413506985480439,0.5,0.735123270625182,PCA + Linear-SVM,unconscious,unconscious,False,Image,False,3,5,8,2
1705,sub-04,lh-fusiform,0.42857142857142855,0.02857142857142857,0.5,0.7072928457415754,PCA + Linear-SVM,unconscious,unconscious,False,Image,False,3,3,4,2
1706,sub-04,lh-fusiform,0.4,0.0,0.5,0.7212767504514943,PCA + Linear-SVM,unconscious,unconscious,False,Image,False,3,4,6,2
1707,sub-04,lh-fusiform,0.7333333333333333,0.3105295017040594,0.6,0.6839430760145154,PCA + Linear-SVM,unconscious,unconscious,False,Image,False,4,3,3,1
1708,sub-04,lh-fusiform,0.4363636363636364,0.050964719143762556,0.5555555555555556,0.7171972355378952,PCA + Linear-SVM,unconscious,unconscious,False,Image,False,3,5,6,2
1709,sub-04,lh-fusiform,0.44999999999999996,0.1,0.5,0.6966432276834532,PCA + Linear-SVM,unconscious,unconscious,False,Image,False,3,2,2,2
1710,sub-04,lh-fusiform,0.3454545454545454,0.050964719143762556,0.5555555555555556,0.729895794417746,PCA + Linear-SVM,unconscious,unconscious,False,Image,False,3,5,6,2
1711,sub-04,lh-fusiform,0.375,-0.025,0.4615384615384615,0.7166113757263677,PCA + Linear-SVM,unconscious,unconscious,False,Image,False,3,3,5,2
1712,sub-04,lh-fusiform,0.3333333333333333,-0.06900655593423542,0.4,0.7144328876881288,PCA + Linear-SVM,unconscious,unconscious,False,Image,False,3,2,4,2
1713,sub-04,lh-fusiform,0.6444444444444444,0.37777777777777777,0.7777777777777778,0.6976415708212019,PCA + Linear-SVM,unconscious,unconscious,False,Image,False,3,7,2,2
1714,sub-04,lh-fusiform,0.43999999999999995,0.0,0.4444444444444445,0.7033421709042958,PCA + Linear-SVM,unconscious,unconscious,False,Image,False,3,2,3,2
1715,sub-04,lh-fusiform,0.2571428571428571,-0.3142857142857143,0.3333333333333333,0.7250158309935895,PCA + Linear-SVM,unconscious,unconscious,False,Image,False,2,2,5,3
1716,sub-04,lh-fusiform,0.3846153846153846,0.05547001962252291,0.5714285714285714,0.7370280733841623,PCA + Linear-SVM,unconscious,unconscious,False,Image,False,3,6,7,2
1717,sub-04,lh-fusiform,0.56,0.2,0.6,0.6922334196418489,PCA + Linear-SVM,unconscious,unconscious,False,Image,False,3,3,2,2
1718,sub-04,lh-fusiform,0.44000000000000006,0.0,0.4444444444444445,0.6994749711678174,PCA + Linear-SVM,unconscious,unconscious,False,Image,False,3,2,3,2
1719,sub-04,lh-fusiform,0.5333333333333333,-0.06666666666666667,0.3333333333333333,0.686781165713167,PCA + Linear-SVM,unconscious,unconscious,False,Image,False,3,1,2,2
1720,sub-04,lh-fusiform,0.5,0.28867513459481287,0.7368421052631577,0.7157405943040159,PCA + Linear-SVM,unconscious,unconscious,False,Image,False,3,7,3,2
1721,sub-04,lh-fusiform,0.3333333333333333,-0.06900655593423542,0.4,0.7164037572631595,PCA + Linear-SVM,unconscious,unconscious,False,Image,False,3,2,4,2
1722,sub-04,lh-fusiform,0.4666666666666666,-0.06900655593423542,0.4,0.7017083816065556,PCA + Linear-SVM,unconscious,unconscious,False,Image,False,3,2,4,2
1723,sub-04,lh-fusiform,0.45000000000000007,0.09759000729485333,0.5714285714285715,0.7103511492770029,PCA + Linear-SVM,unconscious,unconscious,False,Image,False,3,4,4,2
1724,sub-04,lh-fusiform,0.5111111111111111,0.14907119849998599,0.6250000000000001,0.7102844959146811,PCA + Linear-SVM,unconscious,unconscious,False,Image,False,3,5,4,2
1725,sub-04,lh-fusiform,0.3,-0.2608745973749754,0.2222222222222222,0.7096981102292301,PCA + Linear-SVM,unconscious,unconscious,False,Image,False,3,1,5,2
1726,sub-04,lh-fusiform,0.6,0.4147575310031266,0.7142857142857143,0.6982679578741084,PCA + Linear-SVM,unconscious,unconscious,False,Image,False,4,5,3,1
1727,sub-04,lh-fusiform,0.45714285714285713,-0.11952286093343936,0.36363636363636365,0.7101436387130521,PCA + Linear-SVM,unconscious,unconscious,False,Image,False,3,2,5,2
1728,sub-04,lh-fusiform,0.3,-0.4,0.0,0.6856199958908427,PCA + Linear-SVM,unconscious,unconscious,False,Image,False,3,0,2,2
1729,sub-04,lh-fusiform,0.5555555555555556,0.06666666666666667,0.4000000000000001,0.676647211954472,PCA + Linear-SVM,unconscious,unconscious,False,Image,False,6,2,3,3
1730,sub-04,lh-fusiform,0.4305555555555555,-0.18055555555555555,0.375,0.6961503044670162,PCA + Linear-SVM,unconscious,unconscious,False,Image,False,4,3,5,5
1731,sub-04,lh-fusiform,0.37962962962962965,-0.2222222222222222,0.380952380952381,0.7146476202818398,PCA + Linear-SVM,unconscious,unconscious,False,Image,False,4,4,8,5
1732,sub-04,lh-fusiform,0.5777777777777777,0.3373495424699933,0.5,0.6771520095819505,PCA + Linear-SVM,unconscious,unconscious,False,Image,False,8,2,3,1
1733,sub-04,lh-fusiform,0.5462962962962963,-0.027777777777777776,0.4761904761904762,0.7004402784588082,PCA + Linear-SVM,unconscious,unconscious,False,Image,False,5,5,7,4
1734,sub-04,lh-fusiform,0.5111111111111112,-0.04303314829119352,0.3636363636363636,0.677242587625553,PCA + Linear-SVM,unconscious,unconscious,False,Image,False,5,2,3,4
1735,sub-04,lh-fusiform,0.4285714285714286,-0.015873015873015872,0.42857142857142855,0.6899788623161687,PCA + Linear-SVM,unconscious,unconscious,False,Image,False,5,3,4,4
1736,sub-04,lh-fusiform,0.4814814814814815,-0.09759000729485331,0.25,0.6779375614921692,PCA + Linear-SVM,unconscious,unconscious,False,Image,False,5,1,2,4
1737,sub-04,lh-fusiform,0.5873015873015872,0.3578300267477955,0.6153846153846153,0.691309504265242,PCA + Linear-SVM,unconscious,unconscious,False,Image,False,7,4,3,2
1738,sub-04,lh-fusiform,0.6349206349206349,0.1259881576697424,0.5333333333333333,0.6851892996519267,PCA + Linear-SVM,unconscious,unconscious,False,Image,False,5,4,3,4
1739,sub-04,lh-fusiform,0.5802469135802469,0.1111111111111111,0.5555555555555556,0.6922810228888635,PCA + Linear-SVM,unconscious,unconscious,False,Image,False,5,5,4,4
1740,sub-04,lh-fusiform,0.6666666666666667,0.5477225575051662,0.8387096774193549,0.7079823253620193,PCA + Linear-SVM,unconscious,unconscious,False,Image,False,6,13,2,3
1741,sub-04,lh-fusiform,0.462962962962963,-0.027777777777777776,0.4761904761904762,0.7077887298206655,PCA + Linear-SVM,unconscious,unconscious,False,Image,False,5,5,7,4
1742,sub-04,lh-fusiform,0.5555555555555556,0.05143444998736397,0.4,0.6745416262800833,PCA + Linear-SVM,unconscious,unconscious,False,Image,False,5,2,2,4
1743,sub-04,lh-fusiform,0.48888888888888893,0.06666666666666667,0.4000000000000001,0.6844131199109574,PCA + Linear-SVM,unconscious,unconscious,False,Image,False,6,2,3,3
1744,sub-04,lh-fusiform,0.6565656565656566,0.0316069770620507,0.4444444444444444,0.6956618634937035,PCA + Linear-SVM,unconscious,unconscious,False,Image,False,6,4,7,3
1745,sub-04,lh-fusiform,0.7111111111111111,0.14907119849998599,0.5,0.6756660989974408,PCA + Linear-SVM,unconscious,unconscious,False,Image,False,5,3,2,4
1746,sub-04,lh-fusiform,0.5128205128205129,0.1282051282051282,0.5454545454545455,0.706565363782242,PCA + Linear-SVM,unconscious,unconscious,False,Image,False,6,6,7,3
1747,sub-04,lh-fusiform,0.7070707070707071,0.21212121212121213,0.6,0.6908726017194529,PCA + Linear-SVM,unconscious,unconscious,False,Image,False,6,6,5,3
1748,sub-04,lh-fusiform,0.5,0.16666666666666666,0.5,0.6840065358148001,PCA + Linear-SVM,unconscious,unconscious,False,Image,False,6,3,3,3
1749,sub-04,lh-fusiform,0.5,-0.14907119849998599,0.0,0.662652492521451,PCA + Linear-SVM,unconscious,unconscious,False,Image,False,8,0,2,1
1750,sub-04,lh-fusiform,0.5185185185185185,-0.1111111111111111,0.3333333333333333,0.6825096038903173,PCA + Linear-SVM,unconscious,unconscious,False,Image,False,5,2,4,4
1751,sub-04,lh-fusiform,0.5277777777777778,-0.05143444998736397,0.36363636363636365,0.6764094592603423,PCA + Linear-SVM,unconscious,unconscious,False,Image,False,4,2,2,5
1752,sub-04,lh-fusiform,0.4700854700854701,0.016878989451394443,0.5217391304347826,0.7081907525089679,PCA + Linear-SVM,unconscious,unconscious,False,Image,False,5,6,7,4
1753,sub-04,lh-fusiform,0.6984126984126984,0.23809523809523808,0.5714285714285714,0.6821100194909778,PCA + Linear-SVM,unconscious,unconscious,False,Image,False,6,4,3,3
1754,sub-04,lh-fusiform,0.43333333333333335,-0.044946657497549475,0.4444444444444445,0.699050705341275,PCA + Linear-SVM,unconscious,unconscious,False,Image,False,5,4,6,4
1755,sub-04,lh-fusiform,0.8333333333333334,0.4444444444444444,0.6666666666666666,0.6740934309809425,PCA + Linear-SVM,unconscious,unconscious,False,Image,False,7,4,2,2
1756,sub-04,lh-fusiform,0.7676767676767677,0.6161616161616161,0.7999999999999999,0.6920550353114645,PCA + Linear-SVM,unconscious,unconscious,False,Image,False,8,8,3,1
1757,sub-04,lh-fusiform,0.4722222222222222,-0.18446619684315546,0.22222222222222224,0.6751091931069559,PCA + Linear-SVM,unconscious,unconscious,False,Image,False,5,1,3,4
1758,sub-04,lh-fusiform,0.4949494949494949,0.010101010101010102,0.5,0.7031323349141932,PCA + Linear-SVM,unconscious,unconscious,False,Image,False,5,5,6,4
1759,sub-04,lh-fusiform,0.5555555555555556,0.05555555555555555,0.5,0.690470877498387,PCA + Linear-SVM,unconscious,unconscious,False,Image,False,5,4,4,4
1760,sub-04,lh-fusiform,0.3703703703703704,-0.21821789023599236,0.30769230769230765,0.6861076972422518,PCA + Linear-SVM,unconscious,unconscious,False,Image,False,4,2,4,5
1761,sub-04,lh-fusiform,0.8148148148148147,0.6708203932499369,0.823529411764706,0.6844682899291753,PCA + Linear-SVM,unconscious,unconscious,False,Image,False,8,7,2,1
1762,sub-04,lh-fusiform,0.5111111111111111,0.06666666666666667,0.4000000000000001,0.680317573453994,PCA + Linear-SVM,unconscious,unconscious,False,Image,False,6,2,3,3
1763,sub-04,lh-fusiform,0.4126984126984127,-0.23809523809523808,0.375,0.6919545802132042,PCA + Linear-SVM,unconscious,unconscious,False,Image,False,3,3,4,6
1764,sub-04,lh-fusiform,0.4871794871794872,0.016878989451394443,0.5217391304347826,0.7110576627668546,PCA + Linear-SVM,unconscious,unconscious,False,Image,False,5,6,7,4
1765,sub-04,lh-fusiform,0.8,0.5185449728701348,0.6666666666666665,0.6737779155381318,PCA + Linear-SVM,unconscious,unconscious,False,Image,False,8,3,2,1
1766,sub-04,lh-fusiform,0.6000000000000001,0.3373495424699933,0.5,0.6761647413377199,PCA + Linear-SVM,unconscious,unconscious,False,Image,False,8,2,3,1
1767,sub-04,lh-fusiform,0.6666666666666666,0.0,0.28571428571428575,0.6669582795642855,PCA + Linear-SVM,unconscious,unconscious,False,Image,False,6,1,2,3
1768,sub-04,lh-fusiform,0.49999999999999994,-0.044946657497549475,0.4444444444444445,0.6973126887798425,PCA + Linear-SVM,unconscious,unconscious,False,Image,False,5,4,6,4
1769,sub-04,lh-fusiform,0.611111111111111,0.43082021842766455,0.6,0.6862079505469957,PCA + Linear-SVM,unconscious,unconscious,False,Image,False,8,3,3,1
1770,sub-04,lh-fusiform,0.5370370370370371,-0.16666666666666666,0.4,0.680623122171003,PCA + Linear-SVM,unconscious,unconscious,False,Image,False,3,3,3,6
1771,sub-04,lh-fusiform,0.6527777777777779,0.408491223118783,0.6666666666666666,0.687841056418867,PCA + Linear-SVM,unconscious,unconscious,False,Image,False,7,5,3,2
1772,sub-04,lh-fusiform,0.5432098765432098,-0.11396057645963795,0.375,0.6918824890483593,PCA + Linear-SVM,unconscious,unconscious,False,Image,False,5,3,6,4
1773,sub-04,lh-fusiform,0.42592592592592593,-0.21821789023599236,0.30769230769230765,0.6845359316743542,PCA + Linear-SVM,unconscious,unconscious,False,Image,False,4,2,4,5
1774,sub-04,lh-fusiform,0.7083333333333334,0.5367394391967351,0.7142857142857143,0.6826448755551797,PCA + Linear-SVM,unconscious,unconscious,False,Image,False,8,5,3,1
1775,sub-04,lh-fusiform,0.6666666666666666,0.3779644730092272,0.6666666666666666,0.6837991517438149,PCA + Linear-SVM,unconscious,unconscious,False,Image,False,6,5,2,3
1776,sub-04,lh-fusiform,0.4444444444444445,-0.2222222222222222,0.0,0.664475340147815,PCA + Linear-SVM,unconscious,unconscious,False,Image,False,7,0,2,2
1777,sub-04,lh-fusiform,0.49090909090909085,-0.13483997249264842,0.3076923076923077,0.676465056163416,PCA + Linear-SVM,unconscious,unconscious,False,Image,False,5,2,3,6
1778,sub-04,lh-fusiform,0.4659090909090909,-0.1685499656158105,0.35294117647058826,0.6905356721950405,PCA + Linear-SVM,unconscious,unconscious,False,Image,False,5,3,5,6
1779,sub-04,lh-fusiform,0.3939393939393939,-0.21374668579336073,0.3636363636363636,0.7142416315061011,PCA + Linear-SVM,unconscious,unconscious,False,Image,False,5,4,8,6
1780,sub-04,lh-fusiform,0.509090909090909,-0.050964719143762556,0.3333333333333333,0.6811672680056422,PCA + Linear-SVM,unconscious,unconscious,False,Image,False,6,2,3,5
1781,sub-04,lh-fusiform,0.4696969696969697,-0.12878787878787878,0.43478260869565216,0.7006773753835224,PCA + Linear-SVM,unconscious,unconscious,False,Image,False,5,5,7,6
1782,sub-04,lh-fusiform,0.49090909090909085,-0.13483997249264842,0.3076923076923077,0.6793174927199633,PCA + Linear-SVM,unconscious,unconscious,False,Image,False,5,2,3,6
1783,sub-04,lh-fusiform,0.41558441558441556,-0.2548235957188128,0.26666666666666666,0.6894391038779636,PCA + Linear-SVM,unconscious,unconscious,False,Image,False,5,2,5,6
1784,sub-04,lh-fusiform,0.45454545454545453,-0.10050378152592121,0.2222222222222222,0.6749730582672718,PCA + Linear-SVM,unconscious,unconscious,False,Image,False,6,1,2,5
1785,sub-04,lh-fusiform,0.4025974025974026,-0.025482359571881278,0.39999999999999997,0.6916503382618211,PCA + Linear-SVM,unconscious,unconscious,False,Image,False,6,3,4,5
1786,sub-04,lh-fusiform,0.44155844155844154,-0.11396057645963795,0.375,0.6847430800853065,PCA + Linear-SVM,unconscious,unconscious,False,Image,False,5,3,4,6
1787,sub-04,lh-fusiform,0.5050505050505051,-0.010101010101010102,0.4444444444444444,0.6904612116578284,PCA + Linear-SVM,unconscious,unconscious,False,Image,False,6,4,5,5
1788,sub-04,lh-fusiform,0.4666666666666667,-0.14414999403128945,0.4444444444444445,0.7031327477512984,PCA + Linear-SVM,unconscious,unconscious,False,Image,False,5,6,9,6
1789,sub-04,lh-fusiform,0.45454545454545453,-0.0381690510345287,0.45454545454545453,0.7061697481054751,PCA + Linear-SVM,unconscious,unconscious,False,Image,False,6,5,7,5
1790,sub-04,lh-fusiform,0.5454545454545454,-0.1846372364689991,0.2,0.6746508717693503,PCA + Linear-SVM,unconscious,unconscious,False,Image,False,6,1,3,5
1791,sub-04,lh-fusiform,0.38181818181818183,-0.13483997249264842,0.3076923076923077,0.6851150238276438,PCA + Linear-SVM,unconscious,unconscious,False,Image,False,5,2,3,6
1792,sub-04,lh-fusiform,0.5041322314049587,-0.09245003270420485,0.39999999999999997,0.6907167021385897,PCA + Linear-SVM,unconscious,unconscious,False,Image,False,6,4,7,5
1793,sub-04,lh-fusiform,0.8,0.5449492609130661,0.6666666666666665,0.6663378045697231,PCA + Linear-SVM,unconscious,unconscious,False,Image,False,10,3,2,1
1794,sub-04,lh-fusiform,0.4405594405594405,-0.07067534927402196,0.4347826086956522,0.7072816969706043,PCA + Linear-SVM,unconscious,unconscious,False,Image,False,6,5,8,5
1795,sub-04,lh-fusiform,0.578512396694215,0.0,0.47619047619047616,0.6882976972740139,PCA + Linear-SVM,unconscious,unconscious,False,Image,False,6,5,6,5
1796,sub-04,lh-fusiform,0.3939393939393939,-0.2030905986149808,0.28571428571428575,0.6842947845599768,PCA + Linear-SVM,unconscious,unconscious,False,Image,False,5,2,4,6
1797,sub-04,lh-fusiform,0.36363636363636365,-0.337099931231621,0.0,0.6715185325353693,PCA + Linear-SVM,unconscious,unconscious,False,Image,False,6,0,2,5
1798,sub-04,lh-fusiform,0.48484848484848486,-0.2030905986149808,0.28571428571428575,0.6819420614873427,PCA + Linear-SVM,unconscious,unconscious,False,Image,False,5,2,4,6
1799,sub-04,lh-fusiform,0.40909090909090906,-0.2618924633082486,0.18181818181818182,0.678626767109805,PCA + Linear-SVM,unconscious,unconscious,False,Image,False,5,1,3,6
1800,sub-04,lh-fusiform,0.3986013986013986,-0.16083916083916083,0.41666666666666663,0.7063752589944752,PCA + Linear-SVM,unconscious,unconscious,False,Image,False,5,5,8,6
1801,sub-04,lh-fusiform,0.4675324675324675,-0.11396057645963795,0.375,0.6856853860590432,PCA + Linear-SVM,unconscious,unconscious,False,Image,False,5,3,4,6
1802,sub-04,lh-fusiform,0.41818181818181815,-0.14545454545454545,0.4000000000000001,0.6967349540210042,PCA + Linear-SVM,unconscious,unconscious,False,Image,False,5,4,6,6
1803,sub-04,lh-fusiform,0.6818181818181819,0.13241022442571243,0.4615384615384615,0.6688327215512287,PCA + Linear-SVM,unconscious,unconscious,False,Image,False,7,3,3,4
1804,sub-04,lh-fusiform,0.6033057851239669,0.2773500981126146,0.6,0.6882999213969526,PCA + Linear-SVM,unconscious,unconscious,False,Image,False,8,6,5,3
1805,sub-04,lh-fusiform,0.45454545454545453,-0.10660035817780521,0.22222222222222224,0.6774587797184597,PCA + Linear-SVM,unconscious,unconscious,False,Image,False,7,1,3,4
1806,sub-04,lh-fusiform,0.47107438016528924,-0.09245003270420485,0.39999999999999997,0.6995676752203632,PCA + Linear-SVM,unconscious,unconscious,False,Image,False,6,4,7,5
1807,sub-04,lh-fusiform,0.5,0.011631052629980886,0.39999999999999997,0.690443593307817,PCA + Linear-SVM,unconscious,unconscious,False,Image,False,7,3,5,4
1808,sub-04,lh-fusiform,0.43939393939393934,-0.2030905986149808,0.28571428571428575,0.687026966596556,PCA + Linear-SVM,unconscious,unconscious,False,Image,False,5,2,4,6
1809,sub-04,lh-fusiform,0.6969696969696969,0.30151134457776363,0.631578947368421,0.6789518736906643,PCA + Linear-SVM,unconscious,unconscious,False,Image,False,7,6,3,4
1810,sub-04,lh-fusiform,0.49090909090909096,-0.050964719143762556,0.3333333333333333,0.6789969182829096,PCA + Linear-SVM,unconscious,unconscious,False,Image,False,6,2,3,5
1811,sub-04,lh-fusiform,0.4025974025974025,-0.34188172937891387,0.25,0.6973066054328555,PCA + Linear-SVM,unconscious,unconscious,False,Image,False,4,2,5,7
1812,sub-04,lh-fusiform,0.4405594405594406,-0.07067534927402196,0.4347826086956522,0.7109810921390197,PCA + Linear-SVM,unconscious,unconscious,False,Image,False,6,5,8,5
1813,sub-04,lh-fusiform,0.6363636363636364,0.034815531191139566,0.3636363636363636,0.6745519373639663,PCA + Linear-SVM,unconscious,unconscious,False,Image,False,7,2,3,4
1814,sub-04,lh-fusiform,0.5454545454545454,-0.050964719143762556,0.3333333333333333,0.6782502136033021,PCA + Linear-SVM,unconscious,unconscious,False,Image,False,6,2,3,5
1815,sub-04,lh-fusiform,0.5151515151515151,-0.17407765595569785,0.2,0.6733544261948735,PCA + Linear-SVM,unconscious,unconscious,False,Image,False,5,1,2,6
1816,sub-04,lh-fusiform,0.4545454545454546,-0.045454545454545456,0.47619047619047616,0.6928592665690394,PCA + Linear-SVM,unconscious,unconscious,False,Image,False,5,5,5,6
1817,sub-04,lh-fusiform,0.4696969696969697,0.04351941398892446,0.42857142857142855,0.686700464269331,PCA + Linear-SVM,unconscious,unconscious,False,Image,False,6,3,3,5
1818,sub-04,lh-fusiform,0.5454545454545454,-0.04351941398892446,0.4,0.6780544000279087,PCA + Linear-SVM,unconscious,unconscious,False,Image,False,5,3,3,6
1819,sub-04,lh-fusiform,0.5454545454545454,0.13636363636363635,0.5,0.6865344233416115,PCA + Linear-SVM,unconscious,unconscious,False,Image,False,7,4,4,4
1820,sub-04,lh-fusiform,0.5757575757575758,0.1919191919191919,0.5555555555555556,0.6895839038414512,PCA + Linear-SVM,unconscious,unconscious,False,Image,False,7,5,4,4
1821,sub-04,lh-fusiform,0.3636363636363636,-0.29012942659282975,0.26666666666666666,0.688709991642337,PCA + Linear-SVM,unconscious,unconscious,False,Image,False,4,2,4,7
1822,sub-04,lh-fusiform,0.6931818181818183,0.45361105256925455,0.6666666666666666,0.6790281839842509,PCA + Linear-SVM,unconscious,unconscious,False,Image,False,9,5,3,2
1823,sub-04,lh-fusiform,0.35064935064935066,-0.4025974025974026,0.14285714285714285,0.6898615383139433,PCA + Linear-SVM,unconscious,unconscious,False,Image,False,5,1,6,6
1824,sub-04,lh-fusiform,0.40909090909090906,-0.2842676218074806,0.0,0.6714274201581983,PCA + Linear-SVM,unconscious,unconscious,False,Image,False,7,0,2,4
1825,sub-04,lh-fusiform,0.7000000000000001,0.4666666666666667,0.7272727272727272,0.6756015522224911,PCA + Linear-SVM,unconscious,unconscious,False,Image,False,4,4,1,2
1826,sub-04,lh-fusiform,0.625,0.28867513459481287,0.6666666666666666,0.6961489698370124,PCA + Linear-SVM,unconscious,unconscious,False,Image,False,4,5,3,2
1827,sub-04,lh-fusiform,0.5416666666666666,0.2357022603955158,0.6666666666666666,0.7316104405483156,PCA + Linear-SVM,unconscious,unconscious,False,Image,False,4,7,5,2
1828,sub-04,lh-fusiform,0.6000000000000001,0.06900655593423542,0.4444444444444445,0.6814791986760395,PCA + Linear-SVM,unconscious,unconscious,False,Image,False,4,2,3,2
1829,sub-04,lh-fusiform,0.625,0.31622776601683794,0.7272727272727272,0.7137101687554449,PCA + Linear-SVM,unconscious,unconscious,False,Image,False,4,8,4,2
1830,sub-04,lh-fusiform,0.6,0.26666666666666666,0.6,0.6806628394827395,PCA + Linear-SVM,unconscious,unconscious,False,Image,False,4,3,2,2
1831,sub-04,lh-fusiform,0.6428571428571429,0.38095238095238093,0.7142857142857143,0.6948203401616079,PCA + Linear-SVM,unconscious,unconscious,False,Image,False,4,5,2,2
1832,sub-04,lh-fusiform,0.6666666666666667,0.1889822365046136,0.4,0.6569422312019454,PCA + Linear-SVM,unconscious,unconscious,False,Image,False,5,1,2,1
1833,sub-04,lh-fusiform,0.5476190476190476,0.23809523809523808,0.6153846153846153,0.7003546230038279,PCA + Linear-SVM,unconscious,unconscious,False,Image,False,4,4,3,2
1834,sub-04,lh-fusiform,0.6904761904761906,0.5367450401216932,0.7999999999999999,0.6886685628285341,PCA + Linear-SVM,unconscious,unconscious,False,Image,False,4,6,1,2
1835,sub-04,lh-fusiform,0.6296296296296297,0.32732683535398854,0.7058823529411765,0.6950687807949915,PCA + Linear-SVM,unconscious,unconscious,False,Image,False,4,6,3,2
1836,sub-04,lh-fusiform,0.6777777777777778,0.5333333333333333,0.8666666666666667,0.7187607727016556,PCA + Linear-SVM,unconscious,unconscious,False,Image,False,4,13,2,2
1837,sub-04,lh-fusiform,0.5833333333333333,0.15811388300841897,0.6,0.7212348254969481,PCA + Linear-SVM,unconscious,unconscious,False,Image,False,4,6,6,2
1838,sub-04,lh-fusiform,0.6666666666666667,0.408248290463863,0.6666666666666665,0.6791945728237406,PCA + Linear-SVM,unconscious,unconscious,False,Image,False,4,3,1,2
1839,sub-04,lh-fusiform,0.49999999999999994,0.06900655593423542,0.4444444444444445,0.6875137348453166,PCA + Linear-SVM,unconscious,unconscious,False,Image,False,4,2,3,2
1840,sub-04,lh-fusiform,0.696969696969697,0.6038596398555418,0.8695652173913043,0.7013735139631526,PCA + Linear-SVM,unconscious,unconscious,False,Image,False,4,10,1,2
1841,sub-04,lh-fusiform,0.8,0.4485426135725303,0.6666666666666665,0.6619551584050852,PCA + Linear-SVM,unconscious,unconscious,False,Image,False,5,3,2,1
1842,sub-04,lh-fusiform,0.6410256410256411,0.3379631847096873,0.7500000000000001,0.71812732950982,PCA + Linear-SVM,unconscious,unconscious,False,Image,False,4,9,4,2
1843,sub-04,lh-fusiform,0.7272727272727273,0.48484848484848486,0.8181818181818182,0.6948317915018887,PCA + Linear-SVM,unconscious,unconscious,False,Image,False,4,9,2,2
1844,sub-04,lh-fusiform,0.6388888888888888,0.3333333333333333,0.6666666666666666,0.6859514705932624,PCA + Linear-SVM,unconscious,unconscious,False,Image,False,4,4,2,2
1845,sub-04,lh-fusiform,0.6666666666666667,0.14907119849998599,0.4,0.6628469052988858,PCA + Linear-SVM,unconscious,unconscious,False,Image,False,4,1,1,2
1846,sub-04,lh-fusiform,0.7222222222222223,0.50709255283711,0.7692307692307692,0.6832445567765975,PCA + Linear-SVM,unconscious,unconscious,False,Image,False,4,5,1,2
1847,sub-04,lh-fusiform,0.6666666666666667,0.408248290463863,0.6666666666666665,0.6763092462687011,PCA + Linear-SVM,unconscious,unconscious,False,Image,False,4,3,1,2
1848,sub-04,lh-fusiform,0.5769230769230769,0.3379631847096873,0.7500000000000001,0.7233279572714075,PCA + Linear-SVM,unconscious,unconscious,False,Image,False,4,9,4,2
1849,sub-04,lh-fusiform,0.6666666666666667,0.38095238095238093,0.7142857142857143,0.6952323008882177,PCA + Linear-SVM,unconscious,unconscious,False,Image,False,4,5,2,2
1850,sub-04,lh-fusiform,0.6666666666666667,0.4666666666666667,0.8000000000000002,0.7044783364795936,PCA + Linear-SVM,unconscious,unconscious,False,Image,False,4,8,2,2
1851,sub-04,lh-fusiform,0.8333333333333334,0.50709255283711,0.7272727272727272,0.6614784355079465,PCA + Linear-SVM,unconscious,unconscious,False,Image,False,5,4,2,1
1852,sub-04,lh-fusiform,0.7121212121212122,0.2878787878787879,0.5882352941176471,0.698270151133594,PCA + Linear-SVM,unconscious,unconscious,False,Image,False,5,5,6,1
1853,sub-04,lh-fusiform,0.5833333333333333,0.16666666666666666,0.5,0.6738820934983605,PCA + Linear-SVM,unconscious,unconscious,False,Image,False,4,2,2,2
1854,sub-04,lh-fusiform,0.6212121212121212,0.3825184261187248,0.761904761904762,0.7099202665330805,PCA + Linear-SVM,unconscious,unconscious,False,Image,False,4,8,3,2
1855,sub-04,lh-fusiform,0.6041666666666666,0.28867513459481287,0.6666666666666666,0.6945576051079289,PCA + Linear-SVM,unconscious,unconscious,False,Image,False,4,5,3,2
1856,sub-04,lh-fusiform,0.6388888888888888,0.1690308509457033,0.5454545454545454,0.6936498224313095,PCA + Linear-SVM,unconscious,unconscious,False,Image,False,4,3,3,2
1857,sub-04,lh-fusiform,0.7962962962962964,0.49099025303098287,0.75,0.6764993797706917,PCA + Linear-SVM,unconscious,unconscious,False,Image,False,5,6,3,1
1858,sub-04,lh-fusiform,0.6000000000000001,0.26666666666666666,0.6,0.6833225400923237,PCA + Linear-SVM,unconscious,unconscious,False,Image,False,4,3,2,2
1859,sub-04,lh-fusiform,0.5714285714285714,0.23809523809523808,0.6153846153846153,0.7094687047662299,PCA + Linear-SVM,unconscious,unconscious,False,Image,False,4,4,3,2
1860,sub-04,lh-fusiform,0.5256410256410257,0.19096396641051544,0.6363636363636364,0.733358198602066,PCA + Linear-SVM,unconscious,unconscious,False,Image,False,4,7,6,2
1861,sub-04,lh-fusiform,0.7333333333333334,0.2608745973749754,0.5,0.6717225884189616,PCA + Linear-SVM,unconscious,unconscious,False,Image,False,5,2,3,1
1862,sub-04,lh-fusiform,0.6,0.26666666666666666,0.6,0.6786329326900445,PCA + Linear-SVM,unconscious,unconscious,False,Image,False,4,3,2,2
1863,sub-04,lh-fusiform,0.6666666666666667,0.0,0.3333333333333333,0.668862909876109,PCA + Linear-SVM,unconscious,unconscious,False,Image,False,4,1,2,2
1864,sub-04,lh-fusiform,0.6666666666666667,0.4666666666666667,0.8000000000000002,0.7014357238849209,PCA + Linear-SVM,unconscious,unconscious,False,Image,False,4,8,2,2
1865,sub-04,lh-fusiform,0.5555555555555556,0.1690308509457033,0.5454545454545454,0.6933952168362234,PCA + Linear-SVM,unconscious,unconscious,False,Image,False,4,3,3,2
1866,sub-04,lh-fusiform,0.7500000000000001,0.3535533905932738,0.6,0.6780021376239485,PCA + Linear-SVM,unconscious,unconscious,False,Image,False,5,3,3,1
1867,sub-04,lh-fusiform,0.625,0.28867513459481287,0.6666666666666666,0.6936726899706815,PCA + Linear-SVM,unconscious,unconscious,False,Image,False,4,5,3,2
1868,sub-04,lh-fusiform,0.6666666666666667,0.32732683535398854,0.7058823529411765,0.6975879900623518,PCA + Linear-SVM,unconscious,unconscious,False,Image,False,4,6,3,2
1869,sub-04,lh-fusiform,0.6666666666666667,0.3333333333333333,0.6666666666666666,0.689475934849495,PCA + Linear-SVM,unconscious,unconscious,False,Image,False,4,4,2,2
1870,sub-04,lh-fusiform,0.7291666666666666,0.4583333333333333,0.7142857142857143,0.6798194857285164,PCA + Linear-SVM,unconscious,unconscious,False,Image,False,5,5,3,1
1871,sub-04,lh-fusiform,0.6666666666666667,0.5367450401216932,0.7999999999999999,0.6988229652700065,PCA + Linear-SVM,unconscious,unconscious,False,Image,False,4,6,1,2
1872,sub-04,lh-fusiform,0.6666666666666667,0.14907119849998599,0.4,0.6605131127462585,PCA + Linear-SVM,unconscious,unconscious,False,Image,False,4,1,1,2
1873,sub-04,lh-fusiform,0.6000000000000001,0.06900655593423542,0.4444444444444445,0.6835956744422466,PCA + Linear-SVM,unconscious,unconscious,False,Image,False,4,2,3,2
1874,sub-04,lh-fusiform,0.5208333333333334,-0.125,0.42857142857142855,0.7035398242659607,PCA + Linear-SVM,unconscious,unconscious,False,Image,False,3,3,5,3
1875,sub-04,lh-fusiform,0.41666666666666663,0.07905694150420949,0.6363636363636365,0.7344362868997112,PCA + Linear-SVM,unconscious,unconscious,False,Image,False,3,7,5,3
1876,sub-04,lh-fusiform,0.5333333333333333,0.2608745973749754,0.5,0.6881818800880154,PCA + Linear-SVM,unconscious,unconscious,False,Image,False,5,2,3,1
1877,sub-04,lh-fusiform,0.5,0.0,0.5714285714285715,0.717532065475883,PCA + Linear-SVM,unconscious,unconscious,False,Image,False,3,6,6,3
1878,sub-04,lh-fusiform,0.4666666666666667,-0.1,0.4000000000000001,0.6898782791527435,PCA + Linear-SVM,unconscious,unconscious,False,Image,False,3,2,3,3
1879,sub-04,lh-fusiform,0.5238095238095238,0.09759000729485333,0.5,0.7001340663064858,PCA + Linear-SVM,unconscious,unconscious,False,Image,False,4,3,4,2
1880,sub-04,lh-fusiform,0.3888888888888889,-0.15811388300841897,0.28571428571428575,0.6839864062325287,PCA + Linear-SVM,unconscious,unconscious,False,Image,False,3,1,2,3
1881,sub-04,lh-fusiform,0.35714285714285715,0.07142857142857142,0.5714285714285714,0.7066185239284366,PCA + Linear-SVM,unconscious,unconscious,False,Image,False,3,4,3,3
1882,sub-04,lh-fusiform,0.6190476190476191,0.23809523809523808,0.6153846153846153,0.6950593574871685,PCA + Linear-SVM,unconscious,unconscious,False,Image,False,4,4,3,2
1883,sub-04,lh-fusiform,0.5925925925925926,0.21821789023599236,0.6250000000000001,0.7032044325691699,PCA + Linear-SVM,unconscious,unconscious,False,Image,False,4,5,4,2
1884,sub-04,lh-fusiform,0.6333333333333333,0.2412090756622109,0.6923076923076923,0.7199949325076126,PCA + Linear-SVM,unconscious,unconscious,False,Image,False,4,9,6,2
1885,sub-04,lh-fusiform,0.4305555555555556,0.0,0.5714285714285715,0.7252739361484577,PCA + Linear-SVM,unconscious,unconscious,False,Image,False,3,6,6,3
1886,sub-04,lh-fusiform,0.625,0.16666666666666666,0.5,0.6821806779214461,PCA + Linear-SVM,unconscious,unconscious,False,Image,False,4,2,2,2
1887,sub-04,lh-fusiform,0.4666666666666667,0.06900655593423542,0.4444444444444445,0.6918583065074887,PCA + Linear-SVM,unconscious,unconscious,False,Image,False,4,2,3,2
1888,sub-04,lh-fusiform,0.6060606060606061,0.04351941398892446,0.6,0.7063310325353166,PCA + Linear-SVM,unconscious,unconscious,False,Image,False,3,6,5,3
1889,sub-04,lh-fusiform,0.8666666666666667,0.4485426135725303,0.6666666666666665,0.6778177687679009,PCA + Linear-SVM,unconscious,unconscious,False,Image,False,5,3,2,1
1890,sub-04,lh-fusiform,0.5,-0.03580574370197164,0.5454545454545455,0.7217019326861025,PCA + Linear-SVM,unconscious,unconscious,False,Image,False,3,6,7,3
1891,sub-04,lh-fusiform,0.7575757575757576,0.4497006112188861,0.7368421052631579,0.7004651449893822,PCA + Linear-SVM,unconscious,unconscious,False,Image,False,5,7,4,1
1892,sub-04,lh-fusiform,0.5,-0.1690308509457033,0.3636363636363636,0.6939244353780536,PCA + Linear-SVM,unconscious,unconscious,False,Image,False,3,2,4,3
1893,sub-04,lh-fusiform,0.33333333333333337,-0.3333333333333333,0.0,0.6713808560971786,PCA + Linear-SVM,unconscious,unconscious,False,Image,False,4,0,2,2
1894,sub-04,lh-fusiform,0.5,-0.1690308509457033,0.3636363636363636,0.6928579726138175,PCA + Linear-SVM,unconscious,unconscious,False,Image,False,3,2,4,3
1895,sub-04,lh-fusiform,0.5,-0.0890870806374748,0.28571428571428575,0.6846814998055022,PCA + Linear-SVM,unconscious,unconscious,False,Image,False,4,1,3,2
1896,sub-04,lh-fusiform,0.41025641025641024,0.03580574370197164,0.608695652173913,0.7258357273627433,PCA + Linear-SVM,unconscious,unconscious,False,Image,False,3,7,6,3
1897,sub-04,lh-fusiform,0.5952380952380952,0.23809523809523808,0.6153846153846153,0.6947272032520344,PCA + Linear-SVM,unconscious,unconscious,False,Image,False,4,4,3,2
1898,sub-04,lh-fusiform,0.45,-0.09759000729485331,0.47058823529411764,0.7128283177107193,PCA + Linear-SVM,unconscious,unconscious,False,Image,False,3,4,6,3
1899,sub-04,lh-fusiform,0.8611111111111112,0.50709255283711,0.7272727272727272,0.6764925489352683,PCA + Linear-SVM,unconscious,unconscious,False,Image,False,5,4,2,1
1900,sub-04,lh-fusiform,0.6212121212121212,0.2030905986149808,0.631578947368421,0.7060398586609428,PCA + Linear-SVM,unconscious,unconscious,False,Image,False,4,6,5,2
1901,sub-04,lh-fusiform,0.625,0.3563483225498992,0.5714285714285715,0.6842138148368633,PCA + Linear-SVM,unconscious,unconscious,False,Image,False,5,2,2,1
1902,sub-04,lh-fusiform,0.5,-0.04351941398892446,0.5263157894736842,0.7156546024418288,PCA + Linear-SVM,unconscious,unconscious,False,Image,False,3,5,6,3
1903,sub-04,lh-fusiform,0.5625,0.16666666666666666,0.5714285714285715,0.7029573453506713,PCA + Linear-SVM,unconscious,unconscious,False,Image,False,4,4,4,2
1904,sub-04,lh-fusiform,0.4444444444444444,-0.1690308509457033,0.3636363636363636,0.6989378576467228,PCA + Linear-SVM,unconscious,unconscious,False,Image,False,3,2,4,3
1905,sub-04,lh-fusiform,0.7777777777777778,0.49099025303098287,0.75,0.6911528703083429,PCA + Linear-SVM,unconscious,unconscious,False,Image,False,5,6,3,1
1906,sub-04,lh-fusiform,0.5,0.06900655593423542,0.4444444444444445,0.6916873846787678,PCA + Linear-SVM,unconscious,unconscious,False,Image,False,4,2,3,2
1907,sub-04,lh-fusiform,0.380952380952381,-0.21957751641341997,0.3333333333333333,0.7065871751131947,PCA + Linear-SVM,unconscious,unconscious,False,Image,False,3,2,5,3
1908,sub-04,lh-fusiform,0.4871794871794872,0.1207011373963169,0.5714285714285714,0.7273012470597796,PCA + Linear-SVM,unconscious,unconscious,False,Image,False,4,6,7,2
1909,sub-04,lh-fusiform,0.7666666666666667,0.4485426135725303,0.6666666666666665,0.680662777056653,PCA + Linear-SVM,unconscious,unconscious,False,Image,False,5,3,2,1
1910,sub-04,lh-fusiform,0.5666666666666667,0.06900655593423542,0.4444444444444445,0.6887407484723047,PCA + Linear-SVM,unconscious,unconscious,False,Image,False,4,2,3,2
1911,sub-04,lh-fusiform,0.5,-0.15811388300841897,0.28571428571428575,0.6766952436521385,PCA + Linear-SVM,unconscious,unconscious,False,Image,False,3,1,2,3
1912,sub-04,lh-fusiform,0.55,0.16265001215808886,0.588235294117647,0.7085653858253345,PCA + Linear-SVM,unconscious,unconscious,False,Image,False,4,5,5,2
1913,sub-04,lh-fusiform,0.5,0.1690308509457033,0.5454545454545454,0.6992683794878638,PCA + Linear-SVM,unconscious,unconscious,False,Image,False,4,3,3,2
1914,sub-04,lh-fusiform,0.6666666666666667,0.1690308509457033,0.5454545454545454,0.6886180044446611,PCA + Linear-SVM,unconscious,unconscious,False,Image,False,4,3,3,2
1915,sub-04,lh-fusiform,0.6041666666666666,0.28867513459481287,0.6666666666666666,0.6991306756616994,PCA + Linear-SVM,unconscious,unconscious,False,Image,False,4,5,3,2
1916,sub-04,lh-fusiform,0.6851851851851852,0.32732683535398854,0.7058823529411765,0.7019496978458729,PCA + Linear-SVM,unconscious,unconscious,False,Image,False,4,6,3,2
1917,sub-04,lh-fusiform,0.5,0.0,0.5,0.6956640305839312,PCA + Linear-SVM,unconscious,unconscious,False,Image,False,3,3,3,3
1918,sub-04,lh-fusiform,0.6875,0.4583333333333333,0.7142857142857143,0.6893702701704137,PCA + Linear-SVM,unconscious,unconscious,False,Image,False,5,5,3,1
1919,sub-04,lh-fusiform,0.5952380952380952,0.09759000729485333,0.5,0.697255668562118,PCA + Linear-SVM,unconscious,unconscious,False,Image,False,4,3,4,2
1920,sub-04,lh-fusiform,0.41666666666666663,-0.3333333333333333,0.0,0.6687495275861727,PCA + Linear-SVM,unconscious,unconscious,False,Image,False,4,0,2,2
1921,sub-04,lh-fusiform,0.36,-0.408248290463863,0.22222222222222224,0.7036573452717582,PCA + Linear-SVM,unconscious,unconscious,False,Image,False,2,1,4,3
1922,sub-04,lh-fusiform,0.3,-0.35,0.3076923076923077,0.7319067634180415,PCA + Linear-SVM,unconscious,unconscious,False,Image,False,2,2,6,3
1923,sub-04,lh-fusiform,0.2333333333333333,-0.3337119062359573,0.3333333333333333,0.7553346372287671,PCA + Linear-SVM,unconscious,unconscious,False,Image,False,2,3,9,3
1924,sub-04,lh-fusiform,0.32,-0.2,0.4000000000000001,0.711405576134418,PCA + Linear-SVM,unconscious,unconscious,False,Image,False,2,2,3,3
1925,sub-04,lh-fusiform,0.35,-0.24688535993934707,0.4210526315789474,0.7321273477166277,PCA + Linear-SVM,unconscious,unconscious,False,Image,False,2,4,8,3
1926,sub-04,lh-fusiform,0.4,-0.2182178902359924,0.25,0.7069363359962936,PCA + Linear-SVM,unconscious,unconscious,False,Image,False,3,1,4,2
1927,sub-04,lh-fusiform,0.2857142857142857,-0.3142857142857143,0.3333333333333333,0.7233161020399145,PCA + Linear-SVM,unconscious,unconscious,False,Image,False,2,2,5,3
1928,sub-04,lh-fusiform,0.1333333333333333,-0.6,0.0,0.731861289874981,PCA + Linear-SVM,unconscious,unconscious,False,Image,False,2,0,3,3
1929,sub-04,lh-fusiform,0.28571428571428575,-0.02857142857142857,0.5714285714285714,0.7314598822999822,PCA + Linear-SVM,unconscious,unconscious,False,Image,False,2,4,3,3
1930,sub-04,lh-fusiform,0.37142857142857144,-0.1690308509457033,0.4615384615384615,0.7100174635148097,PCA + Linear-SVM,unconscious,unconscious,False,Image,False,2,3,4,3
1931,sub-04,lh-fusiform,0.37777777777777777,-0.06666666666666667,0.42857142857142855,0.7185734883014975,PCA + Linear-SVM,unconscious,unconscious,False,Image,False,3,3,6,2
1932,sub-04,lh-fusiform,0.3466666666666667,-0.30261376633440124,0.36363636363636365,0.7278143974825255,PCA + Linear-SVM,unconscious,unconscious,False,Image,False,2,4,11,3
1933,sub-04,lh-fusiform,0.3,-0.24688535993934707,0.4210526315789474,0.7426976351913037,PCA + Linear-SVM,unconscious,unconscious,False,Image,False,2,4,8,3
1934,sub-04,lh-fusiform,0.3,-0.35,0.25,0.704045402683509,PCA + Linear-SVM,unconscious,unconscious,False,Image,False,2,1,3,3
1935,sub-04,lh-fusiform,0.28,-0.408248290463863,0.22222222222222224,0.7264678450665912,PCA + Linear-SVM,unconscious,unconscious,False,Image,False,2,1,4,3
1936,sub-04,lh-fusiform,0.5272727272727272,0.050964719143762556,0.5555555555555556,0.7103768423669935,PCA + Linear-SVM,unconscious,unconscious,False,Image,False,3,5,6,2
1937,sub-04,lh-fusiform,0.8,0.408248290463863,0.6666666666666665,0.6770780932704806,PCA + Linear-SVM,unconscious,unconscious,False,Image,False,4,3,2,1
1938,sub-04,lh-fusiform,0.3076923076923077,-0.26856632724128343,0.4,0.7416023624028484,PCA + Linear-SVM,unconscious,unconscious,False,Image,False,2,4,9,3
1939,sub-04,lh-fusiform,0.34545454545454546,-0.22084711628963774,0.4444444444444444,0.7178117490390186,PCA + Linear-SVM,unconscious,unconscious,False,Image,False,2,4,7,3
1940,sub-04,lh-fusiform,0.3333333333333333,-0.4485426135725303,0.2,0.7089347880288345,PCA + Linear-SVM,unconscious,unconscious,False,Image,False,2,1,5,3
1941,sub-04,lh-fusiform,0.09999999999999998,-0.5477225575051661,0.0,0.7053643818424842,PCA + Linear-SVM,unconscious,unconscious,False,Image,False,2,0,2,3
1942,sub-04,lh-fusiform,0.36666666666666664,-0.26666666666666666,0.3636363636363636,0.7050851865918147,PCA + Linear-SVM,unconscious,unconscious,False,Image,False,2,2,4,3
1943,sub-04,lh-fusiform,0.24999999999999997,-0.35,0.25,0.7118566435069932,PCA + Linear-SVM,unconscious,unconscious,False,Image,False,2,1,3,3
1944,sub-04,lh-fusiform,0.30769230769230765,-0.12403473458920847,0.5454545454545455,0.7399921544577869,PCA + Linear-SVM,unconscious,unconscious,False,Image,False,2,6,7,3
1945,sub-04,lh-fusiform,0.3142857142857143,-0.3142857142857143,0.3333333333333333,0.7171895150493762,PCA + Linear-SVM,unconscious,unconscious,False,Image,False,2,2,5,3
1946,sub-04,lh-fusiform,0.31999999999999995,-0.28867513459481287,0.37499999999999994,0.7250107924102217,PCA + Linear-SVM,unconscious,unconscious,False,Image,False,2,3,7,3
1947,sub-04,lh-fusiform,0.6333333333333333,0.1,0.5454545454545454,0.6791651343029246,PCA + Linear-SVM,unconscious,unconscious,False,Image,False,3,3,3,2
1948,sub-04,lh-fusiform,0.4,-0.034815531191139566,0.4705882352941177,0.7179898781350293,PCA + Linear-SVM,unconscious,unconscious,False,Image,False,3,4,7,2
1949,sub-04,lh-fusiform,0.3,-0.35,0.25,0.7037777380918075,PCA + Linear-SVM,unconscious,unconscious,False,Image,False,2,1,3,3
1950,sub-04,lh-fusiform,0.2727272727272727,-0.22084711628963774,0.4444444444444444,0.7416383432433815,PCA + Linear-SVM,unconscious,unconscious,False,Image,False,2,4,7,3
1951,sub-04,lh-fusiform,0.425,-0.025,0.4615384615384615,0.7166378966318141,PCA + Linear-SVM,unconscious,unconscious,False,Image,False,3,3,5,2
1952,sub-04,lh-fusiform,0.2666666666666666,-0.26666666666666666,0.3636363636363636,0.7255553879551212,PCA + Linear-SVM,unconscious,unconscious,False,Image,False,2,2,4,3
1953,sub-04,lh-fusiform,0.5333333333333333,0.04303314829119352,0.5333333333333333,0.6944513212914212,PCA + Linear-SVM,unconscious,unconscious,False,Image,False,3,4,5,2
1954,sub-04,lh-fusiform,0.36,-0.2182178902359924,0.25,0.7134950158303107,PCA + Linear-SVM,unconscious,unconscious,False,Image,False,3,1,4,2
1955,sub-04,lh-fusiform,0.2857142857142857,-0.3142857142857143,0.3333333333333333,0.7324847953860371,PCA + Linear-SVM,unconscious,unconscious,False,Image,False,2,2,5,3
1956,sub-04,lh-fusiform,0.36923076923076925,-0.01413506985480439,0.5,0.7474861983502735,PCA + Linear-SVM,unconscious,unconscious,False,Image,False,3,5,8,2
1957,sub-04,lh-fusiform,0.52,0.0,0.4444444444444445,0.6934486536696624,PCA + Linear-SVM,unconscious,unconscious,False,Image,False,3,2,3,2
1958,sub-04,lh-fusiform,0.36000000000000004,-0.2,0.4000000000000001,0.705028517235508,PCA + Linear-SVM,unconscious,unconscious,False,Image,False,2,2,3,3
1959,sub-04,lh-fusiform,0.39999999999999997,-0.2581988897471611,0.28571428571428575,0.6942906224504629,PCA + Linear-SVM,unconscious,unconscious,False,Image,False,2,1,2,3
1960,sub-04,lh-fusiform,0.38,-0.28867513459481287,0.37499999999999994,0.7153702425615577,PCA + Linear-SVM,unconscious,unconscious,False,Image,False,2,3,7,3
1961,sub-04,lh-fusiform,0.26666666666666666,-0.1,0.5,0.7304535601871822,PCA + Linear-SVM,unconscious,unconscious,False,Image,False,2,3,3,3
1962,sub-04,lh-fusiform,0.4666666666666666,-0.06900655593423542,0.4,0.7046325342512353,PCA + Linear-SVM,unconscious,unconscious,False,Image,False,3,2,4,2
1963,sub-04,lh-fusiform,0.4,-0.025,0.4615384615384615,0.7159571523026129,PCA + Linear-SVM,unconscious,unconscious,False,Image,False,3,3,5,2
1964,sub-04,lh-fusiform,0.5111111111111111,0.04303314829119352,0.5333333333333333,0.7077739944100866,PCA + Linear-SVM,unconscious,unconscious,False,Image,False,3,4,5,2
1965,sub-04,lh-fusiform,0.2333333333333333,-0.4485426135725303,0.2,0.7165067697904047,PCA + Linear-SVM,unconscious,unconscious,False,Image,False,2,1,5,3
1966,sub-04,lh-fusiform,0.6250000000000001,0.4147575310031266,0.7142857142857143,0.7018225423605615,PCA + Linear-SVM,unconscious,unconscious,False,Image,False,4,5,3,1
1967,sub-04,lh-fusiform,0.2571428571428571,-0.3142857142857143,0.3333333333333333,0.7205215229604757,PCA + Linear-SVM,unconscious,unconscious,False,Image,False,2,2,5,3
1968,sub-04,lh-fusiform,0.19999999999999996,-0.5477225575051661,0.0,0.6999187674973736,PCA + Linear-SVM,unconscious,unconscious,False,Image,False,2,0,2,3
1969,sub-04,lh-fusiform,0.30000000000000004,-0.3,0.28571428571428575,0.7150546384159282,PCA + Linear-SVM,unconscious,unconscious,False,Image,False,1,1,4,1
1970,sub-04,lh-fusiform,0.3125,-0.10206207261596577,0.5,0.7400076957281565,PCA + Linear-SVM,unconscious,unconscious,False,Image,False,1,3,5,1
1971,sub-04,lh-fusiform,0.375,-0.12171612389003691,0.47058823529411764,0.7668116508058704,PCA + Linear-SVM,unconscious,unconscious,False,Image,False,1,4,8,1
1972,sub-04,lh-fusiform,0.4,-0.09128709291752768,0.5,0.7211198674861489,PCA + Linear-SVM,unconscious,unconscious,False,Image,False,1,2,3,1
1973,sub-04,lh-fusiform,0.45833333333333337,0.0,0.631578947368421,0.747641096319141,PCA + Linear-SVM,unconscious,unconscious,False,Image,False,1,6,6,1
1974,sub-04,lh-fusiform,0.4,-0.09128709291752768,0.5,0.7221472078957264,PCA + Linear-SVM,unconscious,unconscious,False,Image,False,1,2,3,1
1975,sub-04,lh-fusiform,0.3571428571428571,-0.05976143046671968,0.5454545454545454,0.7362349981711334,PCA + Linear-SVM,unconscious,unconscious,False,Image,False,1,3,4,1
1976,sub-04,lh-fusiform,0.16666666666666666,-0.6123724356957946,0.0,0.7307436435688034,PCA + Linear-SVM,unconscious,unconscious,False,Image,False,1,0,3,1
1977,sub-04,lh-fusiform,0.35714285714285715,0.05976143046671968,0.6666666666666666,0.744779506051961,PCA + Linear-SVM,unconscious,unconscious,False,Image,False,1,4,3,1
1978,sub-04,lh-fusiform,0.4285714285714286,0.05976143046671968,0.6666666666666666,0.7250589228352484,PCA + Linear-SVM,unconscious,unconscious,False,Image,False,1,4,3,1
1979,sub-04,lh-fusiform,0.5,0.04303314829119352,0.6666666666666667,0.7335903951416392,PCA + Linear-SVM,unconscious,unconscious,False,Image,False,1,5,4,1
1980,sub-04,lh-fusiform,0.3333333333333333,0.02151657414559676,0.6666666666666667,0.7455938019691262,PCA + Linear-SVM,unconscious,unconscious,False,Image,False,1,8,7,1
1981,sub-04,lh-fusiform,0.33333333333333337,-0.12171612389003691,0.47058823529411764,0.7609492341672358,PCA + Linear-SVM,unconscious,unconscious,False,Image,False,1,4,8,1
1982,sub-04,lh-fusiform,0.375,0.0,0.5714285714285715,0.7161426777270753,PCA + Linear-SVM,unconscious,unconscious,False,Image,False,1,2,2,1
1983,sub-04,lh-fusiform,0.4,-0.09128709291752768,0.5,0.7338642340249929,PCA + Linear-SVM,unconscious,unconscious,False,Image,False,1,2,3,1
1984,sub-04,lh-fusiform,0.5909090909090909,0.337099931231621,0.625,0.7304822176510334,PCA + Linear-SVM,unconscious,unconscious,False,Image,False,2,5,6,0
1985,sub-04,lh-fusiform,0.8,0.5477225575051661,0.7499999999999999,0.6997284636486016,PCA + Linear-SVM,unconscious,unconscious,False,Image,False,2,3,2,0
1986,sub-04,lh-fusiform,0.3076923076923077,-0.08006407690254358,0.5263157894736842,0.7574063547448309,PCA + Linear-SVM,unconscious,unconscious,False,Image,False,1,5,8,1
1987,sub-04,lh-fusiform,0.5909090909090909,0.2842676218074806,0.5333333333333333,0.7266579413364641,PCA + Linear-SVM,unconscious,unconscious,False,Image,False,2,4,7,0
1988,sub-04,lh-fusiform,0.5,0.2182178902359924,0.2857142857142857,0.7245709570595398,PCA + Linear-SVM,unconscious,unconscious,False,Image,False,2,1,5,0
1989,sub-04,lh-fusiform,0.25,-0.5773502691896258,0.0,0.7018580142388108,PCA + Linear-SVM,unconscious,unconscious,False,Image,False,1,0,2,1
1990,sub-04,lh-fusiform,0.5,0.0,0.6,0.721860684975994,PCA + Linear-SVM,unconscious,unconscious,False,Image,False,1,3,3,1
1991,sub-04,lh-fusiform,0.125,-0.6324555320336759,0.0,0.7190787105417408,PCA + Linear-SVM,unconscious,unconscious,False,Image,False,1,0,4,1
1992,sub-04,lh-fusiform,0.34615384615384615,-0.026207120918047958,0.6,0.7543084386224339,PCA + Linear-SVM,unconscious,unconscious,False,Image,False,1,6,7,1
1993,sub-04,lh-fusiform,0.3571428571428571,-0.05976143046671968,0.5454545454545454,0.7301963212319911,PCA + Linear-SVM,unconscious,unconscious,False,Image,False,1,3,4,1
1994,sub-04,lh-fusiform,0.25,-0.15811388300841897,0.4285714285714285,0.744605410406399,PCA + Linear-SVM,unconscious,unconscious,False,Image,False,1,3,7,1
1995,sub-04,lh-fusiform,0.6666666666666667,0.4472135954999579,0.6666666666666666,0.6996178062881326,PCA + Linear-SVM,unconscious,unconscious,False,Image,False,2,3,3,0
1996,sub-04,lh-fusiform,0.5454545454545454,0.337099931231621,0.625,0.7325939158641204,PCA + Linear-SVM,unconscious,unconscious,False,Image,False,2,5,6,0
1997,sub-04,lh-fusiform,0.5,0.31622776601683794,0.4,0.7180599878815498,PCA + Linear-SVM,unconscious,unconscious,False,Image,False,2,1,3,0
1998,sub-04,lh-fusiform,0.45454545454545453,-0.03289758474798845,0.5882352941176471,0.7488492695279891,PCA + Linear-SVM,unconscious,unconscious,False,Image,False,1,5,6,1
1999,sub-04,lh-fusiform,0.5625,0.3273268353539886,0.5454545454545454,0.7328080637490723,PCA + Linear-SVM,unconscious,unconscious,False,Image,False,2,3,5,0
2000,sub-04,lh-fusiform,0.16666666666666666,-0.3333333333333333,0.25,0.7404575482089413,PCA + Linear-SVM,unconscious,unconscious,False,Image,False,1,1,5,1
2001,sub-04,lh-fusiform,0.6666666666666666,0.3563483225498992,0.6153846153846153,0.7121174157291728,PCA + Linear-SVM,unconscious,unconscious,False,Image,False,2,4,5,0
2002,sub-04,lh-fusiform,0.5,0.4,0.5714285714285715,0.7252743614071376,PCA + Linear-SVM,unconscious,unconscious,False,Image,False,2,2,3,0
2003,sub-04,lh-fusiform,0.21428571428571427,-0.35714285714285715,0.22222222222222224,0.7481810612925152,PCA + Linear-SVM,unconscious,unconscious,False,Image,False,1,1,6,1
2004,sub-04,lh-fusiform,0.38461538461538464,-0.08006407690254358,0.5263157894736842,0.7618943437609133,PCA + Linear-SVM,unconscious,unconscious,False,Image,False,1,5,8,1
2005,sub-04,lh-fusiform,0.6000000000000001,0.4,0.5714285714285715,0.7111016477475393,PCA + Linear-SVM,unconscious,unconscious,False,Image,False,2,2,3,0
2006,sub-04,lh-fusiform,0.4,-0.09128709291752768,0.5,0.7193537838340178,PCA + Linear-SVM,unconscious,unconscious,False,Image,False,1,2,3,1
2007,sub-04,lh-fusiform,0.3333333333333333,-0.16666666666666666,0.4,0.7078014739147933,PCA + Linear-SVM,unconscious,unconscious,False,Image,False,1,1,2,1
2008,sub-04,lh-fusiform,0.5,0.2,0.33333333333333337,0.7357333478291062,PCA + Linear-SVM,unconscious,unconscious,False,Image,False,2,2,8,0
2009,sub-04,lh-fusiform,0.3333333333333333,0.0,0.6,0.7436848240617813,PCA + Linear-SVM,unconscious,unconscious,False,Image,False,1,3,3,1
2010,sub-04,lh-fusiform,0.5833333333333333,0.4472135954999579,0.6666666666666666,0.7168542969418819,PCA + Linear-SVM,unconscious,unconscious,False,Image,False,2,3,3,0
2011,sub-04,lh-fusiform,0.375,-0.10206207261596577,0.5,0.7329324076717598,PCA + Linear-SVM,unconscious,unconscious,False,Image,False,1,3,5,1
2012,sub-04,lh-fusiform,0.5555555555555556,0.28867513459481287,0.5,0.7309986833413613,PCA + Linear-SVM,unconscious,unconscious,False,Image,False,2,3,6,0
2013,sub-04,lh-fusiform,0.3333333333333333,-0.14907119849998599,0.4444444444444444,0.7304715654163793,PCA + Linear-SVM,unconscious,unconscious,False,Image,False,1,2,4,1
2014,sub-04,lh-fusiform,0.6875,0.5,0.7692307692307693,0.7158515615411445,PCA + Linear-SVM,unconscious,unconscious,False,Image,False,2,5,3,0
2015,sub-04,lh-fusiform,0.35714285714285715,0.05976143046671968,0.6666666666666666,0.7332896866262977,PCA + Linear-SVM,unconscious,unconscious,False,Image,False,1,4,3,1
2016,sub-04,lh-fusiform,0.25,-0.5773502691896258,0.0,0.7060937542735137,PCA + Linear-SVM,unconscious,unconscious,False,Image,False,1,0,2,1
2017,sub-04,lh-fusiform,0.6166666666666667,-0.09128709291752769,0.3076923076923077,0.6686176855344877,PCA + Linear-SVM,unconscious,unconscious,False,Image,False,6,2,3,6
2018,sub-04,lh-fusiform,0.5104166666666667,-0.12309149097933272,0.35294117647058826,0.684172337409725,PCA + Linear-SVM,unconscious,unconscious,False,Image,False,6,3,5,6
2019,sub-04,lh-fusiform,0.47916666666666663,-0.08362420100070908,0.43478260869565216,0.699530891258822,PCA + Linear-SVM,unconscious,unconscious,False,Image,False,6,5,7,6
2020,sub-04,lh-fusiform,0.5166666666666666,0.15,0.4000000000000001,0.6738291869198412,PCA + Linear-SVM,unconscious,unconscious,False,Image,False,9,2,3,3
2021,sub-04,lh-fusiform,0.5625,0.08362420100070908,0.5217391304347826,0.691589683555648,PCA + Linear-SVM,unconscious,unconscious,False,Image,False,7,6,6,5
2022,sub-04,lh-fusiform,0.55,-0.015430334996209192,0.3333333333333333,0.6707888849295309,PCA + Linear-SVM,unconscious,unconscious,False,Image,False,7,2,3,5
2023,sub-04,lh-fusiform,0.44047619047619047,-0.06900655593423542,0.375,0.6809018954726801,PCA + Linear-SVM,unconscious,unconscious,False,Image,False,6,3,4,6
2024,sub-04,lh-fusiform,0.3888888888888889,-0.1336306209562122,0.2,0.6670299098278188,PCA + Linear-SVM,unconscious,unconscious,False,Image,False,6,1,2,6
2025,sub-04,lh-fusiform,0.5119047619047619,0.09523809523809523,0.42857142857142855,0.6826962566027329,PCA + Linear-SVM,unconscious,unconscious,False,Image,False,8,3,4,4
2026,sub-04,lh-fusiform,0.5952380952380953,0.011631052629980886,0.39999999999999997,0.6765582257217493,PCA + Linear-SVM,unconscious,unconscious,False,Image,False,7,3,4,5
2027,sub-04,lh-fusiform,0.5648148148148148,0.13762047064079508,0.5263157894736842,0.6825873020599095,PCA + Linear-SVM,unconscious,unconscious,False,Image,False,7,5,4,5
2028,sub-04,lh-fusiform,0.7666666666666666,0.26519741765271837,0.6428571428571429,0.6933339449680994,PCA + Linear-SVM,unconscious,unconscious,False,Image,False,8,9,6,4
2029,sub-04,lh-fusiform,0.4444444444444444,-0.08362420100070908,0.43478260869565216,0.6992951758409368,PCA + Linear-SVM,unconscious,unconscious,False,Image,False,6,5,7,6
2030,sub-04,lh-fusiform,0.6666666666666667,0.14907119849998599,0.4,0.6663746554882868,PCA + Linear-SVM,unconscious,unconscious,False,Image,False,8,2,2,4
2031,sub-04,lh-fusiform,0.41666666666666663,-0.09128709291752769,0.3076923076923077,0.6756212177247441,PCA + Linear-SVM,unconscious,unconscious,False,Image,False,6,2,3,6
2032,sub-04,lh-fusiform,0.75,0.30303030303030304,0.6363636363636364,0.6833104134402742,PCA + Linear-SVM,unconscious,unconscious,False,Image,False,8,7,4,4
2033,sub-04,lh-fusiform,0.8833333333333333,0.5549890273805606,0.6666666666666665,0.6635095879458067,PCA + Linear-SVM,unconscious,unconscious,False,Image,False,11,3,2,1
2034,sub-04,lh-fusiform,0.4871794871794872,0.045162230233094555,0.4999999999999999,0.6976061082225411,PCA + Linear-SVM,unconscious,unconscious,False,Image,False,7,6,7,5
2035,sub-04,lh-fusiform,0.75,0.30303030303030304,0.6363636363636364,0.6817271474165073,PCA + Linear-SVM,unconscious,unconscious,False,Image,False,8,7,4,4
2036,sub-04,lh-fusiform,0.5138888888888888,-0.08058229640253803,0.30769230769230765,0.6742120243526141,PCA + Linear-SVM,unconscious,unconscious,False,Image,False,7,2,4,5
2037,sub-04,lh-fusiform,0.375,-0.2581988897471611,0.0,0.6604017130883973,PCA + Linear-SVM,unconscious,unconscious,False,Image,False,8,0,2,4
2038,sub-04,lh-fusiform,0.5555555555555556,-0.15811388300841897,0.28571428571428575,0.6738773390287947,PCA + Linear-SVM,unconscious,unconscious,False,Image,False,6,2,4,6
2039,sub-04,lh-fusiform,0.5625,0.07273929674533079,0.36363636363636365,0.6679125911437747,PCA + Linear-SVM,unconscious,unconscious,False,Image,False,7,2,2,5
2040,sub-04,lh-fusiform,0.4487179487179487,-0.038461538461538464,0.48000000000000004,0.6990471215121384,PCA + Linear-SVM,unconscious,unconscious,False,Image,False,6,6,7,6
2041,sub-04,lh-fusiform,0.6190476190476191,0.2326210525996177,0.5333333333333333,0.6759911356826904,PCA + Linear-SVM,unconscious,unconscious,False,Image,False,8,4,3,4
2042,sub-04,lh-fusiform,0.44166666666666665,-0.18257418583505536,0.380952380952381,0.6901620916982868,PCA + Linear-SVM,unconscious,unconscious,False,Image,False,5,4,6,7
2043,sub-04,lh-fusiform,0.8472222222222223,0.4029114820126901,0.6153846153846153,0.6638251169654251,PCA + Linear-SVM,unconscious,unconscious,False,Image,False,9,4,2,3
2044,sub-04,lh-fusiform,0.6212121212121213,0.39727607885233013,0.631578947368421,0.686691632761842,PCA + Linear-SVM,unconscious,unconscious,False,Image,False,10,6,5,2
2045,sub-04,lh-fusiform,0.6041666666666666,0.14907119849998599,0.4,0.6670779468823174,PCA + Linear-SVM,unconscious,unconscious,False,Image,False,8,2,2,4
2046,sub-04,lh-fusiform,0.553030303030303,-0.045454545454545456,0.45454545454545453,0.6909128496300048,PCA + Linear-SVM,unconscious,unconscious,False,Image,False,6,5,6,6
2047,sub-04,lh-fusiform,0.6041666666666667,0.08206099398622181,0.47058823529411764,0.6802147811949237,PCA + Linear-SVM,unconscious,unconscious,False,Image,False,7,4,4,5
2048,sub-04,lh-fusiform,0.41666666666666663,-0.31622776601683794,0.25,0.6780831394529984,PCA + Linear-SVM,unconscious,unconscious,False,Image,False,4,2,4,8
2049,sub-04,lh-fusiform,0.8055555555555556,0.5095246653650681,0.7058823529411765,0.6757711397650275,PCA + Linear-SVM,unconscious,unconscious,False,Image,False,10,6,3,2
2050,sub-04,lh-fusiform,0.6000000000000001,0.15,0.4000000000000001,0.6725145016624241,PCA + Linear-SVM,unconscious,unconscious,False,Image,False,9,2,3,3
2051,sub-04,lh-fusiform,0.41666666666666663,-0.2875273163926476,0.25,0.6845993338450923,PCA + Linear-SVM,unconscious,unconscious,False,Image,False,5,2,5,7
2052,sub-04,lh-fusiform,0.48076923076923084,-0.038461538461538464,0.48000000000000004,0.703831492135901,PCA + Linear-SVM,unconscious,unconscious,False,Image,False,6,6,7,6
2053,sub-04,lh-fusiform,0.7666666666666667,0.3337119062359573,0.5454545454545454,0.6670975591218953,PCA + Linear-SVM,unconscious,unconscious,False,Image,False,9,3,2,3
2054,sub-04,lh-fusiform,0.6499999999999999,0.09128709291752769,0.42857142857142855,0.6680470567981591,PCA + Linear-SVM,unconscious,unconscious,False,Image,False,6,3,2,6
2055,sub-04,lh-fusiform,0.5555555555555556,-0.1336306209562122,0.2,0.6628146104723669,PCA + Linear-SVM,unconscious,unconscious,False,Image,False,6,1,2,6
2056,sub-04,lh-fusiform,0.65,0.3544587784792833,0.631578947368421,0.6850507681009865,PCA + Linear-SVM,unconscious,unconscious,False,Image,False,9,6,4,3
2057,sub-04,lh-fusiform,0.5694444444444444,0.25,0.5,0.67849153290824,PCA + Linear-SVM,unconscious,unconscious,False,Image,False,9,3,3,3
2058,sub-04,lh-fusiform,0.6944444444444444,0.16116459280507606,0.4615384615384615,0.6688436912460447,PCA + Linear-SVM,unconscious,unconscious,False,Image,False,8,3,3,4
2059,sub-04,lh-fusiform,0.5833333333333333,0.08206099398622181,0.47058823529411764,0.6772603545308951,PCA + Linear-SVM,unconscious,unconscious,False,Image,False,7,4,4,5
2060,sub-04,lh-fusiform,0.7037037037037036,0.4166666666666667,0.6666666666666666,0.6816884092447021,PCA + Linear-SVM,unconscious,unconscious,False,Image,False,9,6,3,3
2061,sub-04,lh-fusiform,0.4444444444444444,-0.08058229640253803,0.30769230769230765,0.6772470562668477,PCA + Linear-SVM,unconscious,unconscious,False,Image,False,7,2,4,5
2062,sub-04,lh-fusiform,0.7291666666666667,0.5790660241435861,0.7142857142857143,0.6735761762123801,PCA + Linear-SVM,unconscious,unconscious,False,Image,False,11,5,3,1
2063,sub-04,lh-fusiform,0.5833333333333333,0.011631052629980886,0.39999999999999997,0.6774647809758109,PCA + Linear-SVM,unconscious,unconscious,False,Image,False,7,3,4,5
2064,sub-04,lh-fusiform,0.41666666666666663,-0.2581988897471611,0.0,0.6605495460795557,PCA + Linear-SVM,unconscious,unconscious,False,Image,False,8,0,2,4
2065,sub-04,lh-fusiform,0.6363636363636364,0.034815531191139566,0.3636363636363636,0.6732150932368142,PCA + Linear-SVM,unconscious,unconscious,False,Image,False,7,2,3,4
2066,sub-04,lh-fusiform,0.5,0.044946657497549475,0.47058823529411764,0.6885248983244581,PCA + Linear-SVM,unconscious,unconscious,False,Image,False,6,4,4,5
2067,sub-04,lh-fusiform,0.40909090909090906,0.045454545454545456,0.5217391304347826,0.7086193406353926,PCA + Linear-SVM,unconscious,unconscious,False,Image,False,6,6,6,5
2068,sub-04,lh-fusiform,0.4727272727272728,0.034815531191139566,0.3636363636363636,0.6773993706998596,PCA + Linear-SVM,unconscious,unconscious,False,Image,False,7,2,3,4
2069,sub-04,lh-fusiform,0.5151515151515151,0.12878787878787878,0.5833333333333334,0.6979273426691704,PCA + Linear-SVM,unconscious,unconscious,False,Image,False,6,7,5,5
2070,sub-04,lh-fusiform,0.5454545454545455,-0.050964719143762556,0.3333333333333333,0.6751266980550469,PCA + Linear-SVM,unconscious,unconscious,False,Image,False,6,2,3,5
2071,sub-04,lh-fusiform,0.3896103896103895,-0.025482359571881278,0.39999999999999997,0.6882420279951803,PCA + Linear-SVM,unconscious,unconscious,False,Image,False,6,3,4,5
2072,sub-04,lh-fusiform,0.3636363636363636,-0.10050378152592121,0.2222222222222222,0.6791099425630426,PCA + Linear-SVM,unconscious,unconscious,False,Image,False,6,1,2,5
2073,sub-04,lh-fusiform,0.4155844155844156,-0.025482359571881278,0.39999999999999997,0.6875657970470495,PCA + Linear-SVM,unconscious,unconscious,False,Image,False,6,3,4,5
2074,sub-04,lh-fusiform,0.5324675324675325,-0.16883116883116883,0.2857142857142857,0.6825106575179568,PCA + Linear-SVM,unconscious,unconscious,False,Image,False,6,2,5,5
2075,sub-04,lh-fusiform,0.5555555555555556,0.10050378152592121,0.5263157894736842,0.6879188234442418,PCA + Linear-SVM,unconscious,unconscious,False,Image,False,6,5,4,5
2076,sub-04,lh-fusiform,0.6060606060606062,0.0778498944161523,0.5714285714285715,0.7025467572597413,PCA + Linear-SVM,unconscious,unconscious,False,Image,False,6,8,7,5
2077,sub-04,lh-fusiform,0.48484848484848486,-0.12878787878787878,0.43478260869565216,0.7033593103823074,PCA + Linear-SVM,unconscious,unconscious,False,Image,False,5,5,7,6
2078,sub-04,lh-fusiform,0.5681818181818181,0.12309149097933272,0.4,0.6731228372275225,PCA + Linear-SVM,unconscious,unconscious,False,Image,False,7,2,2,4
2079,sub-04,lh-fusiform,0.45454545454545453,0.034815531191139566,0.3636363636363636,0.6800454375539304,PCA + Linear-SVM,unconscious,unconscious,False,Image,False,7,2,3,4
2080,sub-04,lh-fusiform,0.6611570247933884,0.2773500981126146,0.6,0.6898031892611916,PCA + Linear-SVM,unconscious,unconscious,False,Image,False,8,6,5,3
2081,sub-04,lh-fusiform,0.8727272727272727,0.3133397807202561,0.5454545454545454,0.6706037619620854,PCA + Linear-SVM,unconscious,unconscious,False,Image,False,8,3,2,3
2082,sub-04,lh-fusiform,0.5034965034965035,0.09894548898363074,0.5217391304347826,0.7023929642171755,PCA + Linear-SVM,unconscious,unconscious,False,Image,False,7,6,7,4
2083,sub-04,lh-fusiform,0.6776859504132231,0.2773500981126146,0.6,0.6889026135402004,PCA + Linear-SVM,unconscious,unconscious,False,Image,False,8,6,5,3
2084,sub-04,lh-fusiform,0.5909090909090909,0.13241022442571243,0.4615384615384615,0.6762675321139452,PCA + Linear-SVM,unconscious,unconscious,False,Image,False,7,3,3,4
2085,sub-04,lh-fusiform,0.40909090909090906,-0.2842676218074806,0.0,0.6655306862449244,PCA + Linear-SVM,unconscious,unconscious,False,Image,False,7,0,2,4
2086,sub-04,lh-fusiform,0.5151515151515151,-0.2030905986149808,0.28571428571428575,0.6800090329611408,PCA + Linear-SVM,unconscious,unconscious,False,Image,False,5,2,4,6
2087,sub-04,lh-fusiform,0.5909090909090909,0.12309149097933272,0.4,0.6710769193848843,PCA + Linear-SVM,unconscious,unconscious,False,Image,False,7,2,2,4
2088,sub-04,lh-fusiform,0.5034965034965035,0.17482517482517482,0.5833333333333334,0.7018132714047912,PCA + Linear-SVM,unconscious,unconscious,False,Image,False,7,7,6,4
2089,sub-04,lh-fusiform,0.45454545454545453,-0.025482359571881278,0.39999999999999997,0.6840367531500527,PCA + Linear-SVM,unconscious,unconscious,False,Image,False,6,3,4,5
2090,sub-04,lh-fusiform,0.42727272727272725,0.045454545454545456,0.5,0.6964346862000814,PCA + Linear-SVM,unconscious,unconscious,False,Image,False,6,5,5,5
2091,sub-04,lh-fusiform,0.7575757575757576,0.22727272727272727,0.5,0.672898677169635,PCA + Linear-SVM,unconscious,unconscious,False,Image,False,8,3,3,3
2092,sub-04,lh-fusiform,0.5867768595041323,0.18257418583505536,0.5714285714285713,0.6912609750017009,PCA + Linear-SVM,unconscious,unconscious,False,Image,False,7,6,5,4
2093,sub-04,lh-fusiform,0.45454545454545453,-0.040291148201269014,0.3333333333333333,0.6745115818280865,PCA + Linear-SVM,unconscious,unconscious,False,Image,False,5,2,2,6
2094,sub-04,lh-fusiform,0.47107438016528935,0.0,0.47619047619047616,0.6970628461400511,PCA + Linear-SVM,unconscious,unconscious,False,Image,False,6,5,6,5
2095,sub-04,lh-fusiform,0.5909090909090909,0.2584432806109095,0.5882352941176471,0.6848878192222219,PCA + Linear-SVM,unconscious,unconscious,False,Image,False,7,5,3,4
2096,sub-04,lh-fusiform,0.4393939393939394,-0.2030905986149808,0.28571428571428575,0.6832692781619123,PCA + Linear-SVM,unconscious,unconscious,False,Image,False,5,2,4,6
2097,sub-04,lh-fusiform,0.7474747474747475,0.3939393939393939,0.6666666666666666,0.6783258609936672,PCA + Linear-SVM,unconscious,unconscious,False,Image,False,8,6,3,3
2098,sub-04,lh-fusiform,0.5454545454545455,0.12727272727272726,0.4000000000000001,0.6759251914809149,PCA + Linear-SVM,unconscious,unconscious,False,Image,False,8,2,3,3
2099,sub-04,lh-fusiform,0.36363636363636365,-0.2548235957188128,0.26666666666666666,0.6891227428704993,PCA + Linear-SVM,unconscious,unconscious,False,Image,False,5,2,5,6
2100,sub-04,lh-fusiform,0.46153846153846156,0.08362420100070908,0.5599999999999999,0.7058704030636513,PCA + Linear-SVM,unconscious,unconscious,False,Image,False,6,7,6,5
2101,sub-04,lh-fusiform,0.7454545454545455,0.3133397807202561,0.5454545454545454,0.6718047844445516,PCA + Linear-SVM,unconscious,unconscious,False,Image,False,8,3,2,3
2102,sub-04,lh-fusiform,0.6,0.22084711628963774,0.5,0.673617883715972,PCA + Linear-SVM,unconscious,unconscious,False,Image,False,7,3,2,4
2103,sub-04,lh-fusiform,0.5454545454545454,-0.10050378152592121,0.2222222222222222,0.6670271172474933,PCA + Linear-SVM,unconscious,unconscious,False,Image,False,6,1,2,5
2104,sub-04,lh-fusiform,0.5727272727272728,0.23636363636363636,0.6,0.6913121118083007,PCA + Linear-SVM,unconscious,unconscious,False,Image,False,7,6,4,4
2105,sub-04,lh-fusiform,0.4696969696969696,0.13241022442571243,0.4615384615384615,0.6826050640119622,PCA + Linear-SVM,unconscious,unconscious,False,Image,False,7,3,3,4
2106,sub-04,lh-fusiform,0.5909090909090909,0.04351941398892446,0.42857142857142855,0.677106639029283,PCA + Linear-SVM,unconscious,unconscious,False,Image,False,6,3,3,5
2107,sub-04,lh-fusiform,0.5795454545454546,0.13636363636363635,0.5,0.6831484852457571,PCA + Linear-SVM,unconscious,unconscious,False,Image,False,7,4,4,4
2108,sub-04,lh-fusiform,0.5555555555555556,0.08206099398622181,0.47058823529411764,0.6884097246247393,PCA + Linear-SVM,unconscious,unconscious,False,Image,False,7,4,5,4
2109,sub-04,lh-fusiform,0.4696969696969697,-0.030303030303030304,0.3333333333333333,0.6811290692340053,PCA + Linear-SVM,unconscious,unconscious,False,Image,False,7,2,4,4
2110,sub-04,lh-fusiform,0.6704545454545454,0.45361105256925455,0.6666666666666666,0.6793801466293639,PCA + Linear-SVM,unconscious,unconscious,False,Image,False,9,5,3,2
2111,sub-04,lh-fusiform,0.5324675324675325,-0.16883116883116883,0.2857142857142857,0.6840352600458939,PCA + Linear-SVM,unconscious,unconscious,False,Image,False,6,2,5,5
2112,sub-04,lh-fusiform,0.45454545454545453,-0.23354968324845687,0.0,0.6649415773234053,PCA + Linear-SVM,unconscious,unconscious,False,Image,False,8,0,2,3
2113,sub-04,lh-fusiform,0.4285714285714286,-0.37142857142857144,0.20000000000000004,0.6920082521849779,PCA + Linear-SVM,unconscious,unconscious,False,Image,False,3,1,4,4
2114,sub-04,lh-fusiform,0.35714285714285715,-0.32732683535398854,0.28571428571428575,0.7150521724392386,PCA + Linear-SVM,unconscious,unconscious,False,Image,False,3,2,6,4
2115,sub-04,lh-fusiform,0.30952380952380953,-0.5346815442312336,0.11764705882352941,0.7452544889866227,PCA + Linear-SVM,unconscious,unconscious,False,Image,False,3,1,11,4
2116,sub-04,lh-fusiform,0.34285714285714286,-0.37142857142857144,0.20000000000000004,0.6973107371438498,PCA + Linear-SVM,unconscious,unconscious,False,Image,False,3,1,4,4
2117,sub-04,lh-fusiform,0.3571428571428571,-0.2326210525996177,0.4,0.7189843398824928,PCA + Linear-SVM,unconscious,unconscious,False,Image,False,3,4,8,4
2118,sub-04,lh-fusiform,0.45714285714285713,-0.37142857142857144,0.20000000000000004,0.6893466853411195,PCA + Linear-SVM,unconscious,unconscious,False,Image,False,3,1,4,4
2119,sub-04,lh-fusiform,0.3469387755102041,-0.4472135954999579,0.16666666666666666,0.7056828851448576,PCA + Linear-SVM,unconscious,unconscious,False,Image,False,3,1,6,4
2120,sub-04,lh-fusiform,0.23809523809523808,-0.5345224838248488,0.0,0.7000725004438324,PCA + Linear-SVM,unconscious,unconscious,False,Image,False,3,0,3,4
2121,sub-04,lh-fusiform,0.26530612244897955,-0.6324555320336759,0.0,0.7147998550855922,PCA + Linear-SVM,unconscious,unconscious,False,Image,False,3,0,7,4
2122,sub-04,lh-fusiform,0.42857142857142855,-0.28867513459481287,0.30769230769230765,0.6939026994141775,PCA + Linear-SVM,unconscious,unconscious,False,Image,False,3,2,5,4
2123,sub-04,lh-fusiform,0.4285714285714286,-0.23809523809523808,0.375,0.7068341469488417,PCA + Linear-SVM,unconscious,unconscious,False,Image,False,3,3,6,4
2124,sub-04,lh-fusiform,0.4095238095238095,-0.295084445425327,0.3478260869565218,0.7148159656128202,PCA + Linear-SVM,unconscious,unconscious,False,Image,False,3,4,11,4
2125,sub-04,lh-fusiform,0.3333333333333333,-0.2326210525996177,0.4,0.7260333944101172,PCA + Linear-SVM,unconscious,unconscious,False,Image,False,3,4,8,4
2126,sub-04,lh-fusiform,0.3214285714285714,-0.3105295017040594,0.22222222222222224,0.6865141352726594,PCA + Linear-SVM,unconscious,unconscious,False,Image,False,3,1,3,4
2127,sub-04,lh-fusiform,0.34285714285714286,-0.37142857142857144,0.20000000000000004,0.7055777430051161,PCA + Linear-SVM,unconscious,unconscious,False,Image,False,3,1,4,4
2128,sub-04,lh-fusiform,0.4025974025974026,-0.2987012987012987,0.33333333333333326,0.7036468635229158,PCA + Linear-SVM,unconscious,unconscious,False,Image,False,3,3,8,4
2129,sub-04,lh-fusiform,0.7714285714285715,0.3142857142857143,0.6,0.6692341234636273,PCA + Linear-SVM,unconscious,unconscious,False,Image,False,5,3,2,2
2130,sub-04,lh-fusiform,0.38461538461538464,-0.25677629550654774,0.380952380952381,0.7302776949396521,PCA + Linear-SVM,unconscious,unconscious,False,Image,False,3,4,9,4
2131,sub-04,lh-fusiform,0.4025974025974026,-0.2987012987012987,0.33333333333333326,0.7061914329359665,PCA + Linear-SVM,unconscious,unconscious,False,Image,False,3,3,8,4
2132,sub-04,lh-fusiform,0.40476190476190477,-0.23809523809523808,0.3333333333333333,0.6951397181093854,PCA + Linear-SVM,unconscious,unconscious,False,Image,False,3,2,4,4
2133,sub-04,lh-fusiform,0.2857142857142857,-0.47809144373375745,0.0,0.6855686712480942,PCA + Linear-SVM,unconscious,unconscious,False,Image,False,3,0,2,4
2134,sub-04,lh-fusiform,0.5,-0.23809523809523808,0.3333333333333333,0.6892840775257402,PCA + Linear-SVM,unconscious,unconscious,False,Image,False,3,2,4,4
2135,sub-04,lh-fusiform,0.35714285714285715,-0.3105295017040594,0.22222222222222224,0.6859173314446713,PCA + Linear-SVM,unconscious,unconscious,False,Image,False,3,1,3,4
2136,sub-04,lh-fusiform,0.38461538461538464,-0.34065934065934067,0.3,0.7284287860810139,PCA + Linear-SVM,unconscious,unconscious,False,Image,False,3,3,10,4
2137,sub-04,lh-fusiform,0.32653061224489793,-0.4472135954999579,0.16666666666666666,0.7090752278438864,PCA + Linear-SVM,unconscious,unconscious,False,Image,False,3,1,6,4
2138,sub-04,lh-fusiform,0.37142857142857144,-0.3825184261187248,0.25,0.7127950929324515,PCA + Linear-SVM,unconscious,unconscious,False,Image,False,3,2,8,4
2139,sub-04,lh-fusiform,0.6666666666666667,0.07142857142857142,0.5,0.6697126816259344,PCA + Linear-SVM,unconscious,unconscious,False,Image,False,4,3,3,3
2140,sub-04,lh-fusiform,0.4675324675324675,-0.16116459280507606,0.3529411764705882,0.7064975000200969,PCA + Linear-SVM,unconscious,unconscious,False,Image,False,4,3,8,3
2141,sub-04,lh-fusiform,0.3214285714285714,-0.3105295017040594,0.22222222222222224,0.6904485706978292,PCA + Linear-SVM,unconscious,unconscious,False,Image,False,3,1,3,4
2142,sub-04,lh-fusiform,0.36363636363636365,-0.2987012987012987,0.33333333333333326,0.7212496072541776,PCA + Linear-SVM,unconscious,unconscious,False,Image,False,3,3,8,4
2143,sub-04,lh-fusiform,0.35714285714285715,-0.32732683535398854,0.28571428571428575,0.7031014545886136,PCA + Linear-SVM,unconscious,unconscious,False,Image,False,3,2,6,4
2144,sub-04,lh-fusiform,0.3333333333333333,-0.4147575310031266,0.1818181818181818,0.7065918504027139,PCA + Linear-SVM,unconscious,unconscious,False,Image,False,3,1,5,4
2145,sub-04,lh-fusiform,0.5238095238095238,-0.09759000729485331,0.4,0.6838918544941412,PCA + Linear-SVM,unconscious,unconscious,False,Image,False,4,3,6,3
2146,sub-04,lh-fusiform,0.3142857142857143,-0.37142857142857144,0.20000000000000004,0.7058063033892906,PCA + Linear-SVM,unconscious,unconscious,False,Image,False,3,1,4,4
2147,sub-04,lh-fusiform,0.3469387755102041,-0.28867513459481287,0.30769230769230765,0.7193464354839633,PCA + Linear-SVM,unconscious,unconscious,False,Image,False,3,2,5,4
2148,sub-04,lh-fusiform,0.3186813186813187,-0.25677629550654774,0.380952380952381,0.7318749280806607,PCA + Linear-SVM,unconscious,unconscious,False,Image,False,3,4,9,4
2149,sub-04,lh-fusiform,0.37142857142857144,-0.1690308509457033,0.3636363636363636,0.6818859966258741,PCA + Linear-SVM,unconscious,unconscious,False,Image,False,3,2,3,4
2150,sub-04,lh-fusiform,0.37142857142857144,-0.37142857142857144,0.20000000000000004,0.6937611128862747,PCA + Linear-SVM,unconscious,unconscious,False,Image,False,3,1,4,4
2151,sub-04,lh-fusiform,0.47619047619047616,-0.2182178902359924,0.25,0.6804469698171014,PCA + Linear-SVM,unconscious,unconscious,False,Image,False,3,1,2,4
2152,sub-04,lh-fusiform,0.4285714285714286,-0.2714285714285714,0.3529411764705882,0.7027972013078859,PCA + Linear-SVM,unconscious,unconscious,False,Image,False,3,3,7,4
2153,sub-04,lh-fusiform,0.28571428571428575,-0.4147575310031266,0.1818181818181818,0.7105507860844605,PCA + Linear-SVM,unconscious,unconscious,False,Image,False,3,1,5,4
2154,sub-04,lh-fusiform,0.4523809523809524,-0.23809523809523808,0.3333333333333333,0.6915128502146799,PCA + Linear-SVM,unconscious,unconscious,False,Image,False,3,2,4,4
2155,sub-04,lh-fusiform,0.4107142857142857,-0.32732683535398854,0.28571428571428575,0.7008001261595994,PCA + Linear-SVM,unconscious,unconscious,False,Image,False,3,2,6,4
2156,sub-04,lh-fusiform,0.38095238095238093,-0.23809523809523808,0.375,0.6997630231908357,PCA + Linear-SVM,unconscious,unconscious,False,Image,False,3,3,6,4
2157,sub-04,lh-fusiform,0.38095238095238093,-0.4147575310031266,0.1818181818181818,0.7033171661609899,PCA + Linear-SVM,unconscious,unconscious,False,Image,False,3,1,5,4
2158,sub-04,lh-fusiform,0.5535714285714286,-0.05455447255899809,0.42857142857142855,0.6891819139811651,PCA + Linear-SVM,unconscious,unconscious,False,Image,False,4,3,5,3
2159,sub-04,lh-fusiform,0.30612244897959184,-0.4472135954999579,0.16666666666666666,0.705024706003892,PCA + Linear-SVM,unconscious,unconscious,False,Image,False,3,1,6,4
2160,sub-04,lh-fusiform,0.2857142857142857,-0.47809144373375745,0.0,0.6814694237891472,PCA + Linear-SVM,unconscious,unconscious,False,Image,False,3,0,2,4
2161,sub-04,lh-fusiform,0.42500000000000004,-0.3,0.20000000000000004,0.690049876287692,PCA + Linear-SVM,unconscious,unconscious,False,Image,False,4,1,4,4
2162,sub-04,lh-fusiform,0.40625,-0.25,0.375,0.7078763267762318,PCA + Linear-SVM,unconscious,unconscious,False,Image,False,3,3,5,5
2163,sub-04,lh-fusiform,0.28125,-0.375,0.3,0.7397783034203433,PCA + Linear-SVM,unconscious,unconscious,False,Image,False,3,3,9,5
2164,sub-04,lh-fusiform,0.4,0.025,0.4000000000000001,0.699105593437574,PCA + Linear-SVM,unconscious,unconscious,False,Image,False,5,2,3,3
2165,sub-04,lh-fusiform,0.34375,-0.16666666666666666,0.4,0.7190321949199454,PCA + Linear-SVM,unconscious,unconscious,False,Image,False,4,4,8,4
2166,sub-04,lh-fusiform,0.37500000000000006,-0.21957751641341997,0.3333333333333333,0.6986638917595313,PCA + Linear-SVM,unconscious,unconscious,False,Image,False,3,2,3,5
2167,sub-04,lh-fusiform,0.33928571428571425,-0.3392857142857143,0.2857142857142857,0.7043414493457144,PCA + Linear-SVM,unconscious,unconscious,False,Image,False,3,2,5,5
2168,sub-04,lh-fusiform,0.25,-0.2608745973749754,0.2222222222222222,0.7053490371493377,PCA + Linear-SVM,unconscious,unconscious,False,Image,False,3,1,2,5
2169,sub-04,lh-fusiform,0.21428571428571427,-0.49099025303098287,0.15384615384615383,0.7135424604144521,PCA + Linear-SVM,unconscious,unconscious,False,Image,False,3,1,6,5
2170,sub-04,lh-fusiform,0.39285714285714285,-0.3392857142857143,0.2857142857142857,0.6961337651459589,PCA + Linear-SVM,unconscious,unconscious,False,Image,False,3,2,5,5
2171,sub-04,lh-fusiform,0.4166666666666667,-0.1690308509457033,0.375,0.703432437686797,PCA + Linear-SVM,unconscious,unconscious,False,Image,False,4,3,6,4
2172,sub-04,lh-fusiform,0.3333333333333333,-0.349697526139891,0.33333333333333337,0.7194890886676601,PCA + Linear-SVM,unconscious,unconscious,False,Image,False,3,4,11,5
2173,sub-04,lh-fusiform,0.35416666666666663,-0.28721347895177635,0.380952380952381,0.7243454296593405,PCA + Linear-SVM,unconscious,unconscious,False,Image,False,3,4,8,5
2174,sub-04,lh-fusiform,0.28125,-0.3535533905932738,0.2,0.6907367223370203,PCA + Linear-SVM,unconscious,unconscious,False,Image,False,3,1,3,5
2175,sub-04,lh-fusiform,0.35,-0.4147575310031266,0.1818181818181818,0.7055677709422574,PCA + Linear-SVM,unconscious,unconscious,False,Image,False,3,1,4,5
2176,sub-04,lh-fusiform,0.5227272727272727,0.07954545454545454,0.5263157894736842,0.7002682129072431,PCA + Linear-SVM,unconscious,unconscious,False,Image,False,5,5,6,3
2177,sub-04,lh-fusiform,0.775,0.35,0.6,0.6708028416258036,PCA + Linear-SVM,unconscious,unconscious,False,Image,False,6,3,2,2
2178,sub-04,lh-fusiform,0.3557692307692308,-0.19230769230769232,0.380952380952381,0.726795071804386,PCA + Linear-SVM,unconscious,unconscious,False,Image,False,4,4,9,4
2179,sub-04,lh-fusiform,0.5113636363636364,-0.011631052629980886,0.4444444444444444,0.6958791124002102,PCA + Linear-SVM,unconscious,unconscious,False,Image,False,5,4,7,3
2180,sub-04,lh-fusiform,0.375,-0.28867513459481287,0.30769230769230765,0.6988776318309584,PCA + Linear-SVM,unconscious,unconscious,False,Image,False,3,2,4,5
2181,sub-04,lh-fusiform,0.1875,-0.5,0.0,0.6888274318787497,PCA + Linear-SVM,unconscious,unconscious,False,Image,False,3,0,2,5
2182,sub-04,lh-fusiform,0.4791666666666667,-0.16666666666666666,0.3333333333333333,0.6918977583730956,PCA + Linear-SVM,unconscious,unconscious,False,Image,False,4,2,4,4
2183,sub-04,lh-fusiform,0.3125,-0.3535533905932738,0.2,0.6919961623781967,PCA + Linear-SVM,unconscious,unconscious,False,Image,False,3,1,3,5
2184,sub-04,lh-fusiform,0.27884615384615385,-0.31137618438976383,0.3636363636363637,0.7287019293075302,PCA + Linear-SVM,unconscious,unconscious,False,Image,False,3,4,9,5
2185,sub-04,lh-fusiform,0.3035714285714286,-0.3392857142857143,0.2857142857142857,0.7083932081062703,PCA + Linear-SVM,unconscious,unconscious,False,Image,False,3,2,5,5
2186,sub-04,lh-fusiform,0.28750000000000003,-0.5533985905294664,0.125,0.7147999891488632,PCA + Linear-SVM,unconscious,unconscious,False,Image,False,3,1,9,5
2187,sub-04,lh-fusiform,0.6875,0.125,0.5,0.6734656861999995,PCA + Linear-SVM,unconscious,unconscious,False,Image,False,5,3,3,3
2188,sub-04,lh-fusiform,0.4772727272727273,-0.044946657497549475,0.5,0.7077007204653514,PCA + Linear-SVM,unconscious,unconscious,False,Image,False,4,5,6,4
2189,sub-04,lh-fusiform,0.40625,-0.23904572186687872,0.22222222222222224,0.6894973909135151,PCA + Linear-SVM,unconscious,unconscious,False,Image,False,4,1,3,4
2190,sub-04,lh-fusiform,0.36363636363636365,-0.2584432806109095,0.39999999999999997,0.7193475951101157,PCA + Linear-SVM,unconscious,unconscious,False,Image,False,3,4,7,5
2191,sub-04,lh-fusiform,0.421875,-0.1259881576697424,0.39999999999999997,0.7022933693024169,PCA + Linear-SVM,unconscious,unconscious,False,Image,False,4,3,5,4
2192,sub-04,lh-fusiform,0.35416666666666663,-0.28867513459481287,0.30769230769230765,0.7073169909863617,PCA + Linear-SVM,unconscious,unconscious,False,Image,False,3,2,4,5
2193,sub-04,lh-fusiform,0.5694444444444444,0.07042952122737638,0.5,0.6846137457921311,PCA + Linear-SVM,unconscious,unconscious,False,Image,False,5,4,5,3
2194,sub-04,lh-fusiform,0.4,-0.09759000729485333,0.3636363636363636,0.6984150146746789,PCA + Linear-SVM,unconscious,unconscious,False,Image,False,4,2,3,4
2195,sub-04,lh-fusiform,0.3214285714285714,-0.3392857142857143,0.2857142857142857,0.715912570581276,PCA + Linear-SVM,unconscious,unconscious,False,Image,False,3,2,5,5
2196,sub-04,lh-fusiform,0.3653846153846154,-0.19230769230769232,0.380952380952381,0.7312216810485977,PCA + Linear-SVM,unconscious,unconscious,False,Image,False,4,4,9,4
2197,sub-04,lh-fusiform,0.45,0.025,0.4000000000000001,0.6897022827040666,PCA + Linear-SVM,unconscious,unconscious,False,Image,False,5,2,3,3
2198,sub-04,lh-fusiform,0.42500000000000004,0.025,0.4000000000000001,0.6949580321493065,PCA + Linear-SVM,unconscious,unconscious,False,Image,False,5,2,3,3
2199,sub-04,lh-fusiform,0.41666666666666663,-0.2608745973749754,0.2222222222222222,0.6850966059748688,PCA + Linear-SVM,unconscious,unconscious,False,Image,False,3,1,2,5
2200,sub-04,lh-fusiform,0.44999999999999996,-0.1,0.4444444444444445,0.7012633202093775,PCA + Linear-SVM,unconscious,unconscious,False,Image,False,4,4,6,4
2201,sub-04,lh-fusiform,0.3333333333333333,-0.16666666666666666,0.3333333333333333,0.7051230543784582,PCA + Linear-SVM,unconscious,unconscious,False,Image,False,4,2,4,4
2202,sub-04,lh-fusiform,0.5,-0.04303314829119352,0.3636363636363636,0.6885294092036968,PCA + Linear-SVM,unconscious,unconscious,False,Image,False,5,2,4,3
2203,sub-04,lh-fusiform,0.421875,-0.1259881576697424,0.39999999999999997,0.7014267616427916,PCA + Linear-SVM,unconscious,unconscious,False,Image,False,4,3,5,4
2204,sub-04,lh-fusiform,0.5,-0.04351941398892446,0.4,0.6957641350361343,PCA + Linear-SVM,unconscious,unconscious,False,Image,False,5,3,6,3
2205,sub-04,lh-fusiform,0.375,-0.28867513459481287,0.30769230769230765,0.6969555816441889,PCA + Linear-SVM,unconscious,unconscious,False,Image,False,3,2,4,5
2206,sub-04,lh-fusiform,0.546875,0.1259881576697424,0.5333333333333333,0.6941798759215132,PCA + Linear-SVM,unconscious,unconscious,False,Image,False,5,4,4,3
2207,sub-04,lh-fusiform,0.2857142857142857,-0.3392857142857143,0.2857142857142857,0.703546640997695,PCA + Linear-SVM,unconscious,unconscious,False,Image,False,3,2,5,5
2208,sub-04,lh-fusiform,0.1875,-0.5,0.0,0.6905911705977599,PCA + Linear-SVM,unconscious,unconscious,False,Image,False,3,0,2,5
2209,sub-04,lh-fusiform,0.55,-0.1,0.4444444444444445,0.6985059876896982,PCA + Linear-SVM,unconscious,unconscious,False,Image,False,2,2,3,2
2210,sub-04,lh-fusiform,0.4375,-0.11952286093343936,0.4615384615384615,0.7163088802538491,PCA + Linear-SVM,unconscious,unconscious,False,Image,False,2,3,5,2
2211,sub-04,lh-fusiform,0.25,-0.14907119849998599,0.4444444444444444,0.7476413950333929,PCA + Linear-SVM,unconscious,unconscious,False,Image,False,2,4,8,2
2212,sub-04,lh-fusiform,0.30000000000000004,-0.31622776601683794,0.25,0.703038652537503,PCA + Linear-SVM,unconscious,unconscious,False,Image,False,2,1,4,2
2213,sub-04,lh-fusiform,0.3125,-0.14907119849998599,0.4444444444444444,0.7343745151688443,PCA + Linear-SVM,unconscious,unconscious,False,Image,False,2,4,8,2
2214,sub-04,lh-fusiform,0.4,-0.35,0.4000000000000001,0.7040118565289437,PCA + Linear-SVM,unconscious,unconscious,False,Image,False,1,2,3,3
2215,sub-04,lh-fusiform,0.3214285714285714,-0.06900655593423542,0.5,0.71483537428005,PCA + Linear-SVM,unconscious,unconscious,False,Image,False,2,3,4,2
2216,sub-04,lh-fusiform,0.25,-0.16666666666666666,0.3333333333333333,0.704995654591214,PCA + Linear-SVM,unconscious,unconscious,False,Image,False,2,1,2,2
2217,sub-04,lh-fusiform,0.17857142857142858,-0.6236095644623235,0.0,0.7221829315957534,PCA + Linear-SVM,unconscious,unconscious,False,Image,False,2,0,7,2
2218,sub-04,lh-fusiform,0.5357142857142857,-0.06900655593423542,0.5,0.7090189357804895,PCA + Linear-SVM,unconscious,unconscious,False,Image,False,2,3,4,2
2219,sub-04,lh-fusiform,0.5,0.05143444998736397,0.6250000000000001,0.7181190220267619,PCA + Linear-SVM,unconscious,unconscious,False,Image,False,2,5,4,2
2220,sub-04,lh-fusiform,0.7166666666666667,0.2857738033247041,0.7200000000000001,0.7315479638788429,PCA + Linear-SVM,unconscious,unconscious,False,Image,False,3,9,6,1
2221,sub-04,lh-fusiform,0.22916666666666669,-0.14907119849998599,0.4444444444444444,0.7412809243826662,PCA + Linear-SVM,unconscious,unconscious,False,Image,False,2,4,8,2
2222,sub-04,lh-fusiform,0.375,0.0,0.5,0.6969888695453804,PCA + Linear-SVM,unconscious,unconscious,False,Image,False,2,2,2,2
2223,sub-04,lh-fusiform,0.30000000000000004,-0.31622776601683794,0.25,0.7062083856227388,PCA + Linear-SVM,unconscious,unconscious,False,Image,False,2,1,4,2
2224,sub-04,lh-fusiform,0.6136363636363636,0.2618924633082486,0.6666666666666665,0.7205684765687586,PCA + Linear-SVM,unconscious,unconscious,False,Image,False,3,6,5,1
2225,sub-04,lh-fusiform,0.5499999999999999,0.15811388300841897,0.5,0.6963607684000608,PCA + Linear-SVM,unconscious,unconscious,False,Image,False,3,2,3,1
2226,sub-04,lh-fusiform,0.3269230769230769,-0.09944903161976938,0.5,0.7371939930392795,PCA + Linear-SVM,unconscious,unconscious,False,Image,False,2,5,8,2
2227,sub-04,lh-fusiform,0.6363636363636364,0.1846372364689991,0.5882352941176471,0.7170735375550024,PCA + Linear-SVM,unconscious,unconscious,False,Image,False,3,5,6,1
2228,sub-04,lh-fusiform,0.5833333333333334,0.0,0.5454545454545454,0.7046611312680385,PCA + Linear-SVM,unconscious,unconscious,False,Image,False,2,3,3,2
2229,sub-04,lh-fusiform,0.125,-0.5,0.0,0.684140621181124,PCA + Linear-SVM,unconscious,unconscious,False,Image,False,2,0,2,2
2230,sub-04,lh-fusiform,0.375,-0.16666666666666666,0.4,0.7072940295420649,PCA + Linear-SVM,unconscious,unconscious,False,Image,False,2,2,4,2
2231,sub-04,lh-fusiform,0.125,-0.5773502691896258,0.0,0.6990229273138039,PCA + Linear-SVM,unconscious,unconscious,False,Image,False,2,0,4,2
2232,sub-04,lh-fusiform,0.1923076923076923,-0.46088240084927024,0.3157894736842105,0.7387934232460838,PCA + Linear-SVM,unconscious,unconscious,False,Image,False,1,3,10,3
2233,sub-04,lh-fusiform,0.5357142857142857,-0.06900655593423542,0.5,0.7094994947201446,PCA + Linear-SVM,unconscious,unconscious,False,Image,False,2,3,4,2
2234,sub-04,lh-fusiform,0.375,-0.09128709291752768,0.5,0.7261629853148659,PCA + Linear-SVM,unconscious,unconscious,False,Image,False,2,4,6,2
2235,sub-04,lh-fusiform,0.6666666666666666,0.25,0.6,0.6960580311385979,PCA + Linear-SVM,unconscious,unconscious,False,Image,False,3,3,3,1
2236,sub-04,lh-fusiform,0.5,0.10660035817780521,0.5000000000000001,0.7218830728482468,PCA + Linear-SVM,unconscious,unconscious,False,Image,False,3,4,7,1
2237,sub-04,lh-fusiform,0.25,-0.2581988897471611,0.28571428571428575,0.7012252022001957,PCA + Linear-SVM,unconscious,unconscious,False,Image,False,2,1,3,2
2238,sub-04,lh-fusiform,0.4318181818181818,-0.040291148201269014,0.5555555555555556,0.7288882394407605,PCA + Linear-SVM,unconscious,unconscious,False,Image,False,2,5,6,2
2239,sub-04,lh-fusiform,0.40625,-0.11952286093343936,0.4615384615384615,0.7167245445655933,PCA + Linear-SVM,unconscious,unconscious,False,Image,False,2,3,5,2
2240,sub-04,lh-fusiform,0.125,-0.5833333333333334,0.2,0.7198460418415754,PCA + Linear-SVM,unconscious,unconscious,False,Image,False,1,1,5,3
2241,sub-04,lh-fusiform,0.6666666666666667,0.2828894749305018,0.6666666666666667,0.7109732136710202,PCA + Linear-SVM,unconscious,unconscious,False,Image,False,3,5,4,1
2242,sub-04,lh-fusiform,0.45000000000000007,-0.1,0.4444444444444445,0.7035280855467939,PCA + Linear-SVM,unconscious,unconscious,False,Image,False,2,2,3,2
2243,sub-04,lh-fusiform,0.2857142857142857,-0.4485426135725303,0.3333333333333333,0.722472549162775,PCA + Linear-SVM,unconscious,unconscious,False,Image,False,1,2,5,3
2244,sub-04,lh-fusiform,0.38461538461538464,-0.09944903161976938,0.5,0.7403745163968081,PCA + Linear-SVM,unconscious,unconscious,False,Image,False,2,5,8,2
2245,sub-04,lh-fusiform,0.45000000000000007,-0.1,0.4444444444444445,0.7011216726520126,PCA + Linear-SVM,unconscious,unconscious,False,Image,False,2,2,3,2
2246,sub-04,lh-fusiform,0.4,-0.1,0.4444444444444445,0.7048157479300827,PCA + Linear-SVM,unconscious,unconscious,False,Image,False,2,2,3,2
2247,sub-04,lh-fusiform,0.3333333333333333,-0.4166666666666667,0.28571428571428575,0.6922963854337564,PCA + Linear-SVM,unconscious,unconscious,False,Image,False,1,1,2,3
2248,sub-04,lh-fusiform,0.375,0.09128709291752768,0.6666666666666665,0.7235698622279491,PCA + Linear-SVM,unconscious,unconscious,False,Image,False,2,6,4,2
2249,sub-04,lh-fusiform,0.3333333333333333,0.0,0.5454545454545454,0.7182565703757541,PCA + Linear-SVM,unconscious,unconscious,False,Image,False,2,3,3,2
2250,sub-04,lh-fusiform,0.41666666666666663,-0.16666666666666666,0.4,0.7058934500823291,PCA + Linear-SVM,unconscious,unconscious,False,Image,False,2,2,4,2
2251,sub-04,lh-fusiform,0.53125,0.125,0.5,0.7148326235695291,PCA + Linear-SVM,unconscious,unconscious,False,Image,False,3,3,5,1
2252,sub-04,lh-fusiform,0.5277777777777778,-0.15811388300841897,0.42857142857142855,0.7178030604020319,PCA + Linear-SVM,unconscious,unconscious,False,Image,False,2,3,6,2
2253,sub-04,lh-fusiform,0.20833333333333331,-0.16666666666666666,0.4,0.7116882345779841,PCA + Linear-SVM,unconscious,unconscious,False,Image,False,2,2,4,2
2254,sub-04,lh-fusiform,0.75,0.5976143046671968,0.7692307692307693,0.7070023596216357,PCA + Linear-SVM,unconscious,unconscious,False,Image,False,4,5,3,0
2255,sub-04,lh-fusiform,0.3214285714285714,-0.21428571428571427,0.36363636363636365,0.7124821867392281,PCA + Linear-SVM,unconscious,unconscious,False,Image,False,2,2,5,2
2256,sub-04,lh-fusiform,0.25,-0.5,0.0,0.6839740777977671,PCA + Linear-SVM,unconscious,unconscious,False,Image,False,2,0,2,2
2257,sub-04,lh-fusiform,0.6363636363636365,0.034815531191139566,0.3636363636363636,0.6723302390374717,PCA + Linear-SVM,unconscious,unconscious,False,Image,False,7,2,3,4
2258,sub-04,lh-fusiform,0.5,-0.07954545454545454,0.375,0.6880352126115277,PCA + Linear-SVM,unconscious,unconscious,False,Image,False,6,3,5,5
2259,sub-04,lh-fusiform,0.4166666666666667,-0.12406456138646277,0.380952380952381,0.7131287216023295,PCA + Linear-SVM,unconscious,unconscious,False,Image,False,6,4,8,5
2260,sub-04,lh-fusiform,0.4909090909090909,-0.050964719143762556,0.3333333333333333,0.6784542083917526,PCA + Linear-SVM,unconscious,unconscious,False,Image,False,6,2,3,5
2261,sub-04,lh-fusiform,0.5303030303030303,0.045454545454545456,0.5217391304347826,0.6982245505748862,PCA + Linear-SVM,unconscious,unconscious,False,Image,False,6,6,6,5
2262,sub-04,lh-fusiform,0.5636363636363637,0.034815531191139566,0.3636363636363636,0.6748668024517961,PCA + Linear-SVM,unconscious,unconscious,False,Image,False,7,2,3,4
2263,sub-04,lh-fusiform,0.45454545454545453,-0.16883116883116883,0.2857142857142857,0.6881966859874713,PCA + Linear-SVM,unconscious,unconscious,False,Image,False,6,2,5,5
2264,sub-04,lh-fusiform,0.45454545454545453,-0.025949964805384102,0.25,0.6725621301598546,PCA + Linear-SVM,unconscious,unconscious,False,Image,False,7,1,2,4
2265,sub-04,lh-fusiform,0.4285714285714286,-0.025482359571881278,0.39999999999999997,0.691409196407577,PCA + Linear-SVM,unconscious,unconscious,False,Image,False,6,3,4,5
2266,sub-04,lh-fusiform,0.6233766233766234,0.06493506493506493,0.42857142857142855,0.6793638243997271,PCA + Linear-SVM,unconscious,unconscious,False,Image,False,7,3,4,4
2267,sub-04,lh-fusiform,0.5656565656565656,0.08206099398622181,0.47058823529411764,0.6859642511264863,PCA + Linear-SVM,unconscious,unconscious,False,Image,False,7,4,5,4
2268,sub-04,lh-fusiform,0.6666666666666666,0.522384647500808,0.8125,0.6988552070624223,PCA + Linear-SVM,unconscious,unconscious,False,Image,False,7,13,2,4
2269,sub-04,lh-fusiform,0.4318181818181818,-0.0381690510345287,0.45454545454545453,0.7071249513990184,PCA + Linear-SVM,unconscious,unconscious,False,Image,False,6,5,7,5
2270,sub-04,lh-fusiform,0.5454545454545454,0.040291148201269014,0.36363636363636365,0.6722200712826376,PCA + Linear-SVM,unconscious,unconscious,False,Image,False,6,2,2,5
2271,sub-04,lh-fusiform,0.43636363636363634,-0.050964719143762556,0.3333333333333333,0.6852648100299935,PCA + Linear-SVM,unconscious,unconscious,False,Image,False,6,2,3,5
2272,sub-04,lh-fusiform,0.6694214876033058,0.18257418583505536,0.5714285714285713,0.6861767914340444,PCA + Linear-SVM,unconscious,unconscious,False,Image,False,7,6,5,4
2273,sub-04,lh-fusiform,0.8181818181818182,0.41818181818181815,0.6,0.665813102344022,PCA + Linear-SVM,unconscious,unconscious,False,Image,False,9,3,2,2
2274,sub-04,lh-fusiform,0.43356643356643365,-0.15114173098063566,0.3636363636363637,0.7062428552953562,PCA + Linear-SVM,unconscious,unconscious,False,Image,False,6,4,9,5
2275,sub-04,lh-fusiform,0.6363636363636364,0.18257418583505536,0.5714285714285713,0.6863059422679989,PCA + Linear-SVM,unconscious,unconscious,False,Image,False,7,6,5,4
2276,sub-04,lh-fusiform,0.5454545454545454,0.04351941398892446,0.42857142857142855,0.6782870769113727,PCA + Linear-SVM,unconscious,unconscious,False,Image,False,6,3,3,5
2277,sub-04,lh-fusiform,0.5454545454545454,0.03289758474798845,0.25,0.664671020294096,PCA + Linear-SVM,unconscious,unconscious,False,Image,False,6,1,1,5
2278,sub-04,lh-fusiform,0.6515151515151515,0.22727272727272727,0.5,0.6745714324994037,PCA + Linear-SVM,unconscious,unconscious,False,Image,False,8,3,3,3
2279,sub-04,lh-fusiform,0.5681818181818181,0.12309149097933272,0.4,0.6719317960464356,PCA + Linear-SVM,unconscious,unconscious,False,Image,False,7,2,2,4
2280,sub-04,lh-fusiform,0.48251748251748255,0.08362420100070908,0.5599999999999999,0.7022766141965686,PCA + Linear-SVM,unconscious,unconscious,False,Image,False,6,7,6,5
2281,sub-04,lh-fusiform,0.4025974025974026,-0.025482359571881278,0.39999999999999997,0.6905608856642317,PCA + Linear-SVM,unconscious,unconscious,False,Image,False,6,3,4,5
2282,sub-04,lh-fusiform,0.5818181818181818,0.13762047064079508,0.5263157894736842,0.6893402939436323,PCA + Linear-SVM,unconscious,unconscious,False,Image,False,7,5,5,4
2283,sub-04,lh-fusiform,0.7727272727272727,0.22727272727272727,0.5,0.6659681979382074,PCA + Linear-SVM,unconscious,unconscious,False,Image,False,8,3,3,3
2284,sub-04,lh-fusiform,0.5950413223140496,0.18257418583505536,0.5714285714285713,0.6871263931416277,PCA + Linear-SVM,unconscious,unconscious,False,Image,False,7,6,5,4
2285,sub-04,lh-fusiform,0.4545454545454545,0.12309149097933272,0.4,0.6717247062638498,PCA + Linear-SVM,unconscious,unconscious,False,Image,False,7,2,2,4
2286,sub-04,lh-fusiform,0.42148760330578516,-0.09245003270420485,0.39999999999999997,0.7021338080141847,PCA + Linear-SVM,unconscious,unconscious,False,Image,False,6,4,7,5
2287,sub-04,lh-fusiform,0.4545454545454545,0.011631052629980886,0.39999999999999997,0.6880734174927622,PCA + Linear-SVM,unconscious,unconscious,False,Image,False,7,3,5,4
2288,sub-04,lh-fusiform,0.3939393939393939,-0.2030905986149808,0.28571428571428575,0.685558949020434,PCA + Linear-SVM,unconscious,unconscious,False,Image,False,5,2,4,6
2289,sub-04,lh-fusiform,0.696969696969697,0.3939393939393939,0.6666666666666666,0.6769858006900435,PCA + Linear-SVM,unconscious,unconscious,False,Image,False,8,6,3,3
2290,sub-04,lh-fusiform,0.4545454545454546,-0.050964719143762556,0.3333333333333333,0.6790643475557493,PCA + Linear-SVM,unconscious,unconscious,False,Image,False,6,2,3,5
2291,sub-04,lh-fusiform,0.41558441558441556,-0.16883116883116883,0.2857142857142857,0.6926138970929516,PCA + Linear-SVM,unconscious,unconscious,False,Image,False,6,2,5,5
2292,sub-04,lh-fusiform,0.36363636363636365,-0.006993006993006993,0.5384615384615384,0.7175160911381869,PCA + Linear-SVM,unconscious,unconscious,False,Image,False,5,7,6,6
2293,sub-04,lh-fusiform,0.6545454545454545,0.22084711628963774,0.5,0.6697529021976862,PCA + Linear-SVM,unconscious,unconscious,False,Image,False,7,3,2,4
2294,sub-04,lh-fusiform,0.49090909090909096,-0.050964719143762556,0.3333333333333333,0.6769274978558323,PCA + Linear-SVM,unconscious,unconscious,False,Image,False,6,2,3,5
2295,sub-04,lh-fusiform,0.5151515151515151,-0.10050378152592121,0.2222222222222222,0.6675215584034323,PCA + Linear-SVM,unconscious,unconscious,False,Image,False,6,1,2,5
2296,sub-04,lh-fusiform,0.5818181818181818,0.03739787960033829,0.4444444444444445,0.6899897083971007,PCA + Linear-SVM,unconscious,unconscious,False,Image,False,7,4,6,4
2297,sub-04,lh-fusiform,0.42424242424242425,0.04351941398892446,0.42857142857142855,0.6836302654379242,PCA + Linear-SVM,unconscious,unconscious,False,Image,False,6,3,3,5
2298,sub-04,lh-fusiform,0.6212121212121212,0.13241022442571243,0.4615384615384615,0.6750653504537167,PCA + Linear-SVM,unconscious,unconscious,False,Image,False,7,3,3,4
2299,sub-04,lh-fusiform,0.4772727272727273,0.13636363636363635,0.5,0.6872568603628381,PCA + Linear-SVM,unconscious,unconscious,False,Image,False,7,4,4,4
2300,sub-04,lh-fusiform,0.5555555555555556,0.30151134457776363,0.631578947368421,0.6863748311906591,PCA + Linear-SVM,unconscious,unconscious,False,Image,False,7,6,3,4
2301,sub-04,lh-fusiform,0.5,-0.11769797726729993,0.30769230769230765,0.6816529475925677,PCA + Linear-SVM,unconscious,unconscious,False,Image,False,6,2,4,5
2302,sub-04,lh-fusiform,0.625,0.3522727272727273,0.625,0.6780194504778956,PCA + Linear-SVM,unconscious,unconscious,False,Image,False,8,5,3,3
2303,sub-04,lh-fusiform,0.49350649350649356,-0.16883116883116883,0.2857142857142857,0.687245631830307,PCA + Linear-SVM,unconscious,unconscious,False,Image,False,6,2,5,5
2304,sub-04,lh-fusiform,0.45454545454545453,-0.2842676218074806,0.0,0.666537272700526,PCA + Linear-SVM,unconscious,unconscious,False,Image,False,7,0,2,4
