fold,sub,roi,roc_auc,mattews_correcoef,f1_score,log_loss,model,condition_target,condition_source,flip,language,transfer,tn,tp,fn,fp
1,sub-04,rh-fusiform,0.6000000000000001,0.0,0.4444444444444445,0.6869889310217043,None + Linear-SVM,unconscious,unconscious,False,Image,False,3,2,3,2
2,sub-04,rh-fusiform,0.85,0.4147575310031266,0.7142857142857143,0.6946738796470248,None + Linear-SVM,unconscious,unconscious,False,Image,False,4,5,3,1
3,sub-04,rh-fusiform,0.6166666666666667,0.16735967034880075,0.6666666666666666,0.7177318420199457,None + Linear-SVM,unconscious,unconscious,False,Image,False,3,7,5,2
4,sub-04,rh-fusiform,0.72,0.2,0.6,0.6850177919686825,None + Linear-SVM,unconscious,unconscious,False,Image,False,3,3,2,2
5,sub-04,rh-fusiform,0.6333333333333333,0.16735967034880075,0.6666666666666666,0.7121336950543586,None + Linear-SVM,unconscious,unconscious,False,Image,False,3,7,5,2
6,sub-04,rh-fusiform,0.48,0.0,0.4444444444444445,0.6910114410352283,None + Linear-SVM,unconscious,unconscious,False,Image,False,3,2,3,2
7,sub-04,rh-fusiform,0.5142857142857143,0.02857142857142857,0.5,0.7104910067332915,None + Linear-SVM,unconscious,unconscious,False,Image,False,3,3,4,2
8,sub-04,rh-fusiform,0.3333333333333333,-0.4666666666666667,0.25,0.6926636703038862,None + Linear-SVM,unconscious,unconscious,False,Image,False,1,1,2,4
9,sub-04,rh-fusiform,0.6857142857142857,0.02857142857142857,0.5,0.697745904149316,None + Linear-SVM,unconscious,unconscious,False,Image,False,3,3,4,2
10,sub-04,rh-fusiform,0.45714285714285713,-0.11952286093343936,0.36363636363636365,0.7033748012598805,None + Linear-SVM,unconscious,unconscious,False,Image,False,3,2,5,2
11,sub-04,rh-fusiform,0.711111111111111,0.25819888974716115,0.7058823529411765,0.6980703830866274,None + Linear-SVM,unconscious,unconscious,False,Image,False,3,6,3,2
12,sub-04,rh-fusiform,0.6933333333333334,0.23570226039551584,0.608695652173913,0.720524640492167,None + Linear-SVM,unconscious,unconscious,False,Image,False,4,7,8,1
13,sub-04,rh-fusiform,0.3333333333333333,-0.15,0.35294117647058826,0.746730017828912,None + Linear-SVM,unconscious,unconscious,False,Image,False,3,3,9,2
14,sub-04,rh-fusiform,0.8,0.5976143046671968,0.6666666666666666,0.6771077203799934,None + Linear-SVM,unconscious,unconscious,False,Image,False,5,2,2,0
15,sub-04,rh-fusiform,0.36,-0.2,0.4000000000000001,0.7036113022134979,None + Linear-SVM,unconscious,unconscious,False,Image,False,2,2,3,3
16,sub-04,rh-fusiform,0.5636363636363636,0.050964719143762556,0.5555555555555556,0.7142681813815919,None + Linear-SVM,unconscious,unconscious,False,Image,False,3,5,6,2
17,sub-04,rh-fusiform,0.56,0.0,0.4444444444444445,0.6927020298897604,None + Linear-SVM,unconscious,unconscious,False,Image,False,3,2,3,2
18,sub-04,rh-fusiform,0.676923076923077,0.1076923076923077,0.4444444444444444,0.7188358995761849,None + Linear-SVM,unconscious,unconscious,False,Image,False,4,4,9,1
19,sub-04,rh-fusiform,0.4363636363636363,0.050964719143762556,0.5555555555555556,0.7294349693308918,None + Linear-SVM,unconscious,unconscious,False,Image,False,3,5,6,2
20,sub-04,rh-fusiform,0.4,-0.06900655593423542,0.4,0.7072969534868823,None + Linear-SVM,unconscious,unconscious,False,Image,False,3,2,4,2
21,sub-04,rh-fusiform,0.8,0.3,0.5,0.664325229131216,None + Linear-SVM,unconscious,unconscious,False,Image,False,4,1,1,1
22,sub-04,rh-fusiform,0.7333333333333334,0.3105295017040594,0.6,0.6893237394038495,None + Linear-SVM,unconscious,unconscious,False,Image,False,4,3,3,1
23,sub-04,rh-fusiform,0.5,0.3952847075210474,0.4,0.6833026716413388,None + Linear-SVM,unconscious,unconscious,False,Image,False,5,1,3,0
24,sub-04,rh-fusiform,0.6923076923076923,0.24029618753167464,0.6,0.7194448621736073,None + Linear-SVM,unconscious,unconscious,False,Image,False,4,6,7,1
25,sub-04,rh-fusiform,0.7142857142857143,0.37142857142857144,0.6666666666666666,0.6910238956089768,None + Linear-SVM,unconscious,unconscious,False,Image,False,4,4,3,1
26,sub-04,rh-fusiform,0.74,0.37796447300922725,0.7058823529411764,0.7058179791235208,None + Linear-SVM,unconscious,unconscious,False,Image,False,4,6,4,1
27,sub-04,rh-fusiform,0.9,0.6900655593423543,0.8,0.6828160848248997,None + Linear-SVM,unconscious,unconscious,False,Image,False,5,4,2,0
28,sub-04,rh-fusiform,0.6727272727272727,0.3133397807202561,0.761904761904762,0.7130130498702119,None + Linear-SVM,unconscious,unconscious,False,Image,False,3,8,3,2
29,sub-04,rh-fusiform,0.3,-0.35,0.25,0.6995612452070463,None + Linear-SVM,unconscious,unconscious,False,Image,False,2,1,3,3
30,sub-04,rh-fusiform,0.6727272727272726,0.13483997249264842,0.631578947368421,0.7136840592130518,None + Linear-SVM,unconscious,unconscious,False,Image,False,3,6,5,2
31,sub-04,rh-fusiform,0.35,-0.21957751641341997,0.42857142857142855,0.7276736356313026,None + Linear-SVM,unconscious,unconscious,False,Image,False,2,3,5,3
32,sub-04,rh-fusiform,0.9,0.6900655593423543,0.8,0.681359592455002,None + Linear-SVM,unconscious,unconscious,False,Image,False,5,4,2,0
33,sub-04,rh-fusiform,0.4666666666666667,-0.06666666666666667,0.42857142857142855,0.7172529114017296,None + Linear-SVM,unconscious,unconscious,False,Image,False,3,3,6,2
34,sub-04,rh-fusiform,0.8,0.6546536707079772,0.7499999999999999,0.6904146636410159,None + Linear-SVM,unconscious,unconscious,False,Image,False,5,3,2,0
35,sub-04,rh-fusiform,0.5428571428571428,0.1690308509457033,0.6153846153846153,0.7004627337497106,None + Linear-SVM,unconscious,unconscious,False,Image,False,3,4,3,2
36,sub-04,rh-fusiform,0.5846153846153846,0.12403473458920847,0.6363636363636364,0.7241148518940189,None + Linear-SVM,unconscious,unconscious,False,Image,False,3,7,6,2
37,sub-04,rh-fusiform,0.6799999999999999,0.2,0.6,0.6886014470124037,None + Linear-SVM,unconscious,unconscious,False,Image,False,3,3,2,2
38,sub-04,rh-fusiform,0.84,0.408248290463863,0.6666666666666665,0.6799588059553658,None + Linear-SVM,unconscious,unconscious,False,Image,False,4,3,2,1
39,sub-04,rh-fusiform,0.6,-0.06666666666666667,0.3333333333333333,0.6796421897551453,None + Linear-SVM,unconscious,unconscious,False,Image,False,3,1,2,2
40,sub-04,rh-fusiform,0.54,0.2,0.5333333333333333,0.7180231600698506,None + Linear-SVM,unconscious,unconscious,False,Image,False,4,4,6,1
41,sub-04,rh-fusiform,0.7,0.4666666666666667,0.7272727272727272,0.6988853294917525,None + Linear-SVM,unconscious,unconscious,False,Image,False,4,4,2,1
42,sub-04,rh-fusiform,0.4666666666666666,-0.06900655593423542,0.4,0.7057972214689595,None + Linear-SVM,unconscious,unconscious,False,Image,False,3,2,4,2
43,sub-04,rh-fusiform,0.675,0.3,0.6153846153846154,0.704977108381659,None + Linear-SVM,unconscious,unconscious,False,Image,False,4,4,4,1
44,sub-04,rh-fusiform,0.7333333333333334,0.34426518632954817,0.6666666666666667,0.7043253692693169,None + Linear-SVM,unconscious,unconscious,False,Image,False,4,5,4,1
45,sub-04,rh-fusiform,0.6,0.1,0.5454545454545454,0.6967263635797017,None + Linear-SVM,unconscious,unconscious,False,Image,False,3,3,3,2
46,sub-04,rh-fusiform,0.375,-0.15811388300841897,0.3333333333333333,0.715380216728346,None + Linear-SVM,unconscious,unconscious,False,Image,False,3,2,6,2
47,sub-04,rh-fusiform,0.6,0.02857142857142857,0.5,0.7023182356549222,None + Linear-SVM,unconscious,unconscious,False,Image,False,3,3,4,2
48,sub-04,rh-fusiform,0.4,-0.2581988897471611,0.0,0.6729432737827485,None + Linear-SVM,unconscious,unconscious,False,Image,False,4,0,2,1
49,sub-04,rh-fusiform,0.48,0.0,0.3636363636363636,0.6776909833561645,None + Linear-SVM,unconscious,unconscious,False,Image,False,6,2,3,4
50,sub-04,rh-fusiform,0.7125,0.4332001127219817,0.6666666666666666,0.6782462676148646,None + Linear-SVM,unconscious,unconscious,False,Image,False,8,5,3,2
51,sub-04,rh-fusiform,0.5166666666666666,0.1,0.5454545454545454,0.7008319488847965,None + Linear-SVM,unconscious,unconscious,False,Image,False,6,6,6,4
52,sub-04,rh-fusiform,0.5599999999999999,0.0,0.3636363636363636,0.6758743800303155,None + Linear-SVM,unconscious,unconscious,False,Image,False,6,2,3,4
53,sub-04,rh-fusiform,0.5916666666666667,0.18257418583505536,0.6086956521739131,0.6914246107611318,None + Linear-SVM,unconscious,unconscious,False,Image,False,6,7,5,4
54,sub-04,rh-fusiform,0.44,-0.28867513459481287,0.2857142857142857,0.6831276835110132,None + Linear-SVM,unconscious,unconscious,False,Image,False,3,2,3,7
55,sub-04,rh-fusiform,0.5,0.24688535993934707,0.5,0.6936135695389729,None + Linear-SVM,unconscious,unconscious,False,Image,False,8,3,4,2
56,sub-04,rh-fusiform,0.29999999999999993,-0.42600643361512924,0.16666666666666666,0.6903013612239307,None + Linear-SVM,unconscious,unconscious,False,Image,False,2,1,2,8
57,sub-04,rh-fusiform,0.6428571428571428,0.1690308509457033,0.5333333333333333,0.6797493972844898,None + Linear-SVM,unconscious,unconscious,False,Image,False,6,4,3,4
58,sub-04,rh-fusiform,0.29999999999999993,-0.408491223118783,0.25,0.6917645515456202,None + Linear-SVM,unconscious,unconscious,False,Image,False,3,2,5,7
59,sub-04,rh-fusiform,0.611111111111111,0.3680349649825889,0.6250000000000001,0.6833203557265931,None + Linear-SVM,unconscious,unconscious,False,Image,False,8,5,4,2
60,sub-04,rh-fusiform,0.5866666666666667,0.13074409009212268,0.5925925925925926,0.6989222947710274,None + Linear-SVM,unconscious,unconscious,False,Image,False,6,8,7,4
61,sub-04,rh-fusiform,0.32499999999999996,-0.26666666666666666,0.3636363636363636,0.7224146468254694,None + Linear-SVM,unconscious,unconscious,False,Image,False,4,4,8,6
62,sub-04,rh-fusiform,0.575,0.18856180831641267,0.4444444444444445,0.6747235392528145,None + Linear-SVM,unconscious,unconscious,False,Image,False,7,2,2,3
63,sub-04,rh-fusiform,0.33999999999999997,-0.28867513459481287,0.1818181818181818,0.6927089528625956,None + Linear-SVM,unconscious,unconscious,False,Image,False,5,1,4,5
64,sub-04,rh-fusiform,0.49090909090909085,-0.045454545454545456,0.47619047619047616,0.6962170823963563,None + Linear-SVM,unconscious,unconscious,False,Image,False,5,5,6,5
65,sub-04,rh-fusiform,0.56,-0.09449111825230681,0.3333333333333333,0.6810206330038527,None + Linear-SVM,unconscious,unconscious,False,Image,False,5,2,3,5
66,sub-04,rh-fusiform,0.5461538461538462,-0.0381690510345287,0.4999999999999999,0.6983034580995573,None + Linear-SVM,unconscious,unconscious,False,Image,False,5,6,7,5
67,sub-04,rh-fusiform,0.37272727272727274,-0.13762047064079508,0.39999999999999997,0.7158503665523954,None + Linear-SVM,unconscious,unconscious,False,Image,False,5,4,7,5
68,sub-04,rh-fusiform,0.36666666666666664,-0.2581988897471611,0.28571428571428575,0.6925641257733455,None + Linear-SVM,unconscious,unconscious,False,Image,False,4,2,4,6
69,sub-04,rh-fusiform,0.44999999999999996,-0.25819888974716115,0.0,0.6722991059816797,None + Linear-SVM,unconscious,unconscious,False,Image,False,7,0,2,3
70,sub-04,rh-fusiform,0.6666666666666666,0.3133397807202561,0.5454545454545454,0.6756884405341966,None + Linear-SVM,unconscious,unconscious,False,Image,False,8,3,3,2
71,sub-04,rh-fusiform,0.4,-0.22821773229381923,0.2,0.6815885044566078,None + Linear-SVM,unconscious,unconscious,False,Image,False,5,1,3,5
72,sub-04,rh-fusiform,0.4846153846153846,0.06153846153846154,0.5217391304347826,0.7013221166281707,None + Linear-SVM,unconscious,unconscious,False,Image,False,6,6,7,4
73,sub-04,rh-fusiform,0.6571428571428571,0.1690308509457033,0.5333333333333333,0.6774707772415781,None + Linear-SVM,unconscious,unconscious,False,Image,False,6,4,3,4
74,sub-04,rh-fusiform,0.5,-0.10050378152592121,0.4210526315789474,0.6899884036236525,None + Linear-SVM,unconscious,unconscious,False,Image,False,5,4,6,5
75,sub-04,rh-fusiform,0.7166666666666668,0.4666666666666667,0.6666666666666666,0.6730727018352565,None + Linear-SVM,unconscious,unconscious,False,Image,False,8,4,2,2
76,sub-04,rh-fusiform,0.5181818181818181,0.05504818825631803,0.5,0.6960642858684541,None + Linear-SVM,unconscious,unconscious,False,Image,False,6,5,6,4
77,sub-04,rh-fusiform,0.175,-0.5477225575051661,0.0,0.7000652701802916,None + Linear-SVM,unconscious,unconscious,False,Image,False,4,0,4,6
78,sub-04,rh-fusiform,0.49999999999999994,-0.045454545454545456,0.47619047619047616,0.6977340536691873,None + Linear-SVM,unconscious,unconscious,False,Image,False,5,5,6,5
79,sub-04,rh-fusiform,0.3,-0.35,0.25,0.7181616006645987,None + Linear-SVM,unconscious,unconscious,False,Image,False,4,2,6,6
80,sub-04,rh-fusiform,0.7166666666666667,0.4666666666666667,0.6666666666666666,0.6722723124467243,None + Linear-SVM,unconscious,unconscious,False,Image,False,8,4,2,2
81,sub-04,rh-fusiform,0.3111111111111111,-0.2875273163926476,0.25,0.7060444677927427,None + Linear-SVM,unconscious,unconscious,False,Image,False,5,2,7,5
82,sub-04,rh-fusiform,0.5800000000000001,0.1,0.4000000000000001,0.6795945202402034,None + Linear-SVM,unconscious,unconscious,False,Image,False,7,2,3,3
83,sub-04,rh-fusiform,0.5142857142857142,0.02857142857142857,0.42857142857142855,0.6861487130722544,None + Linear-SVM,unconscious,unconscious,False,Image,False,6,3,4,4
84,sub-04,rh-fusiform,0.43846153846153846,-0.015626907697949846,0.4545454545454546,0.7114166646190369,None + Linear-SVM,unconscious,unconscious,False,Image,False,6,5,8,4
85,sub-04,rh-fusiform,0.52,0.0,0.3636363636363636,0.6804671883021064,None + Linear-SVM,unconscious,unconscious,False,Image,False,6,2,3,4
86,sub-04,rh-fusiform,0.66,0.18898223650461363,0.5,0.6709283318825798,None + Linear-SVM,unconscious,unconscious,False,Image,False,6,3,2,4
87,sub-04,rh-fusiform,0.4333333333333333,-0.2253744679276044,0.2,0.673635047958341,None + Linear-SVM,unconscious,unconscious,False,Image,False,4,1,2,6
88,sub-04,rh-fusiform,0.47,0.10482848367219183,0.47058823529411764,0.698881735367421,None + Linear-SVM,unconscious,unconscious,False,Image,False,7,4,6,3
89,sub-04,rh-fusiform,0.5166666666666667,-0.06666666666666667,0.3333333333333333,0.6919636150295045,None + Linear-SVM,unconscious,unconscious,False,Image,False,6,2,4,4
90,sub-04,rh-fusiform,0.39999999999999997,-0.2581988897471611,0.28571428571428575,0.6940384079674986,None + Linear-SVM,unconscious,unconscious,False,Image,False,4,2,4,6
91,sub-04,rh-fusiform,0.6,0.22360679774997896,0.5882352941176471,0.686406082068153,None + Linear-SVM,unconscious,unconscious,False,Image,False,6,5,3,4
92,sub-04,rh-fusiform,0.5444444444444444,0.26257545381445874,0.5333333333333333,0.6907038573799255,None + Linear-SVM,unconscious,unconscious,False,Image,False,8,4,5,2
93,sub-04,rh-fusiform,0.4666666666666667,0.14907119849998599,0.4,0.6854275507722506,None + Linear-SVM,unconscious,unconscious,False,Image,False,8,2,4,2
94,sub-04,rh-fusiform,0.2875,-0.35,0.25,0.7029787850836544,None + Linear-SVM,unconscious,unconscious,False,Image,False,4,2,6,6
95,sub-04,rh-fusiform,0.5142857142857142,0.02857142857142857,0.42857142857142855,0.6883853003362637,None + Linear-SVM,unconscious,unconscious,False,Image,False,6,3,4,4
96,sub-04,rh-fusiform,0.4,-0.25819888974716115,0.0,0.679644650816064,None + Linear-SVM,unconscious,unconscious,False,Image,False,7,0,2,3
97,sub-04,rh-fusiform,0.688888888888889,0.25819888974716115,0.5454545454545454,0.6590823881418676,None + Linear-SVM,unconscious,unconscious,False,Image,False,6,3,2,3
98,sub-04,rh-fusiform,0.8611111111111112,0.6527777777777778,0.823529411764706,0.6692077963494036,None + Linear-SVM,unconscious,unconscious,False,Image,False,7,7,1,2
99,sub-04,rh-fusiform,0.712962962962963,0.24771684715343112,0.6363636363636365,0.6894238634535343,None + Linear-SVM,unconscious,unconscious,False,Image,False,6,7,5,3
100,sub-04,rh-fusiform,0.7777777777777778,0.37777777777777777,0.6,0.6597973197435619,None + Linear-SVM,unconscious,unconscious,False,Image,False,7,3,2,2
101,sub-04,rh-fusiform,0.7222222222222222,0.4403855060505442,0.7272727272727272,0.6839030179131189,None + Linear-SVM,unconscious,unconscious,False,Image,False,7,8,4,2
102,sub-04,rh-fusiform,0.6444444444444445,-0.04303314829119352,0.3636363636363636,0.6620793884166264,None + Linear-SVM,unconscious,unconscious,False,Image,False,5,2,3,4
103,sub-04,rh-fusiform,0.6031746031746031,0.1259881576697424,0.5333333333333333,0.6823649139591675,None + Linear-SVM,unconscious,unconscious,False,Image,False,5,4,3,4
104,sub-04,rh-fusiform,0.4444444444444444,-0.29277002188455997,0.2,0.6530502075075244,None + Linear-SVM,unconscious,unconscious,False,Image,False,3,1,2,6
105,sub-04,rh-fusiform,0.7619047619047619,0.23809523809523808,0.5714285714285714,0.6712816664610981,None + Linear-SVM,unconscious,unconscious,False,Image,False,6,4,3,3
106,sub-04,rh-fusiform,0.5873015873015873,-0.015873015873015872,0.42857142857142855,0.6759369236203332,None + Linear-SVM,unconscious,unconscious,False,Image,False,5,3,4,4
107,sub-04,rh-fusiform,0.7777777777777778,0.4472135954999579,0.7058823529411765,0.6727363362557844,None + Linear-SVM,unconscious,unconscious,False,Image,False,7,6,3,2
108,sub-04,rh-fusiform,0.8,0.32387513781564786,0.7142857142857142,0.6963919664927468,None + Linear-SVM,unconscious,unconscious,False,Image,False,6,10,5,3
109,sub-04,rh-fusiform,0.6296296296296297,0.24771684715343112,0.6363636363636365,0.703252167452205,None + Linear-SVM,unconscious,unconscious,False,Image,False,6,7,5,3
110,sub-04,rh-fusiform,0.7500000000000001,0.2777777777777778,0.5,0.6546143144845209,None + Linear-SVM,unconscious,unconscious,False,Image,False,7,2,2,2
111,sub-04,rh-fusiform,0.6222222222222222,0.18856180831641267,0.4444444444444445,0.6641307611630097,None + Linear-SVM,unconscious,unconscious,False,Image,False,7,2,3,2
112,sub-04,rh-fusiform,0.6666666666666667,0.21212121212121213,0.6,0.6894710337367014,None + Linear-SVM,unconscious,unconscious,False,Image,False,6,6,5,3
113,sub-04,rh-fusiform,0.7777777777777779,0.37777777777777777,0.6,0.6617035810473059,None + Linear-SVM,unconscious,unconscious,False,Image,False,7,3,2,2
114,sub-04,rh-fusiform,0.717948717948718,0.1282051282051282,0.5454545454545455,0.6932845625301364,None + Linear-SVM,unconscious,unconscious,False,Image,False,6,6,7,3
115,sub-04,rh-fusiform,0.5858585858585859,0.010101010101010102,0.5,0.7003581704389685,None + Linear-SVM,unconscious,unconscious,False,Image,False,5,5,6,4
116,sub-04,rh-fusiform,0.5555555555555556,-0.05455447255899809,0.42857142857142855,0.6770661858733007,None + Linear-SVM,unconscious,unconscious,False,Image,False,4,3,3,5
117,sub-04,rh-fusiform,0.7222222222222223,0.24056261216234406,0.4,0.6456596648780322,None + Linear-SVM,unconscious,unconscious,False,Image,False,7,1,1,2
118,sub-04,rh-fusiform,0.8148148148148149,0.32732683535398854,0.6153846153846153,0.6623963456054951,None + Linear-SVM,unconscious,unconscious,False,Image,False,6,4,2,3
119,sub-04,rh-fusiform,0.6388888888888888,0.05143444998736397,0.4,0.6576184894947519,None + Linear-SVM,unconscious,unconscious,False,Image,False,5,2,2,4
120,sub-04,rh-fusiform,0.7350427350427351,0.20254787341673333,0.608695652173913,0.6936709278299643,None + Linear-SVM,unconscious,unconscious,False,Image,False,6,7,6,3
121,sub-04,rh-fusiform,0.8095238095238095,0.49206349206349204,0.7142857142857143,0.6682983773488052,None + Linear-SVM,unconscious,unconscious,False,Image,False,7,5,2,2
122,sub-04,rh-fusiform,0.7555555555555555,0.26666666666666666,0.631578947368421,0.683975340965392,None + Linear-SVM,unconscious,unconscious,False,Image,False,6,6,4,3
123,sub-04,rh-fusiform,0.9259259259259259,0.7385489458759964,0.8,0.6616600488814854,None + Linear-SVM,unconscious,unconscious,False,Image,False,9,4,2,0
124,sub-04,rh-fusiform,0.696969696969697,0.3939393939393939,0.7272727272727273,0.6908161965389018,None + Linear-SVM,unconscious,unconscious,False,Image,False,6,8,3,3
125,sub-04,rh-fusiform,0.5,-0.05143444998736397,0.36363636363636365,0.6646818101943682,None + Linear-SVM,unconscious,unconscious,False,Image,False,4,2,2,5
126,sub-04,rh-fusiform,0.7575757575757576,0.30151134457776363,0.6666666666666666,0.687478501059344,None + Linear-SVM,unconscious,unconscious,False,Image,False,6,7,4,3
127,sub-04,rh-fusiform,0.5833333333333333,0.1690308509457033,0.5333333333333333,0.6834531932391976,None + Linear-SVM,unconscious,unconscious,False,Image,False,6,4,4,3
128,sub-04,rh-fusiform,0.8333333333333334,0.4444444444444444,0.6666666666666666,0.65909840645965,None + Linear-SVM,unconscious,unconscious,False,Image,False,7,4,2,2
129,sub-04,rh-fusiform,0.6790123456790124,0.1111111111111111,0.5555555555555556,0.6847943740799542,None + Linear-SVM,unconscious,unconscious,False,Image,False,5,5,4,4
130,sub-04,rh-fusiform,0.7111111111111111,0.37777777777777777,0.6,0.6609967859988571,None + Linear-SVM,unconscious,unconscious,False,Image,False,7,3,2,2
131,sub-04,rh-fusiform,0.7301587301587302,0.3578300267477955,0.6153846153846153,0.6707569513353716,None + Linear-SVM,unconscious,unconscious,False,Image,False,7,4,3,2
132,sub-04,rh-fusiform,0.6923076923076923,0.2773500981126146,0.6666666666666667,0.6959261879487723,None + Linear-SVM,unconscious,unconscious,False,Image,False,6,8,5,3
133,sub-04,rh-fusiform,0.7555555555555555,0.25819888974716115,0.5454545454545454,0.6601598346677395,None + Linear-SVM,unconscious,unconscious,False,Image,False,6,3,2,3
134,sub-04,rh-fusiform,0.8,0.37777777777777777,0.6,0.6579179396299859,None + Linear-SVM,unconscious,unconscious,False,Image,False,7,3,2,2
135,sub-04,rh-fusiform,0.6666666666666667,0.0,0.28571428571428575,0.651979904764292,None + Linear-SVM,unconscious,unconscious,False,Image,False,6,1,2,3
136,sub-04,rh-fusiform,0.6777777777777778,0.1685499656158105,0.5555555555555556,0.6871343033962143,None + Linear-SVM,unconscious,unconscious,False,Image,False,6,5,5,3
137,sub-04,rh-fusiform,0.6851851851851852,0.4444444444444444,0.6666666666666666,0.6646540122397494,None + Linear-SVM,unconscious,unconscious,False,Image,False,7,4,2,2
138,sub-04,rh-fusiform,0.5925925925925926,0.05455447255899809,0.4615384615384615,0.6731200061140004,None + Linear-SVM,unconscious,unconscious,False,Image,False,5,3,3,4
139,sub-04,rh-fusiform,0.6944444444444444,0.2916666666666667,0.625,0.6832550883176881,None + Linear-SVM,unconscious,unconscious,False,Image,False,6,5,3,3
140,sub-04,rh-fusiform,0.8024691358024691,0.3333333333333333,0.6666666666666666,0.6775332297510812,None + Linear-SVM,unconscious,unconscious,False,Image,False,6,6,3,3
141,sub-04,rh-fusiform,0.7037037037037037,0.16666666666666666,0.5,0.6641646472668766,None + Linear-SVM,unconscious,unconscious,False,Image,False,6,3,3,3
142,sub-04,rh-fusiform,0.6111111111111112,0.18055555555555555,0.5882352941176471,0.6856624802950689,None + Linear-SVM,unconscious,unconscious,False,Image,False,5,5,3,4
143,sub-04,rh-fusiform,0.7301587301587301,0.23809523809523808,0.5714285714285714,0.6728211665709309,None + Linear-SVM,unconscious,unconscious,False,Image,False,6,4,3,3
144,sub-04,rh-fusiform,0.5,-0.2222222222222222,0.0,0.6450773609023155,None + Linear-SVM,unconscious,unconscious,False,Image,False,7,0,2,2
145,sub-04,rh-fusiform,0.5666666666666667,-0.015430334996209192,0.3333333333333333,0.6731019796464256,None + Linear-SVM,unconscious,unconscious,False,Image,False,7,2,3,5
146,sub-04,rh-fusiform,0.65625,0.08206099398622181,0.47058823529411764,0.6781738251493354,None + Linear-SVM,unconscious,unconscious,False,Image,False,7,4,4,5
147,sub-04,rh-fusiform,0.5902777777777778,0.0,0.45454545454545453,0.6894019142255647,None + Linear-SVM,unconscious,unconscious,False,Image,False,7,5,7,5
148,sub-04,rh-fusiform,0.6000000000000001,-0.015430334996209192,0.3333333333333333,0.6704346331090392,None + Linear-SVM,unconscious,unconscious,False,Image,False,7,2,3,5
149,sub-04,rh-fusiform,0.5625,0.16666666666666666,0.5833333333333334,0.6863598553485663,None + Linear-SVM,unconscious,unconscious,False,Image,False,7,7,5,5
150,sub-04,rh-fusiform,0.48333333333333334,-0.3337119062359573,0.25000000000000006,0.6767054397029882,None + Linear-SVM,unconscious,unconscious,False,Image,False,3,2,3,9
151,sub-04,rh-fusiform,0.3928571428571428,-0.06900655593423542,0.375,0.6855574100743596,None + Linear-SVM,unconscious,unconscious,False,Image,False,6,3,4,6
152,sub-04,rh-fusiform,0.25,-0.45226701686664544,0.14285714285714288,0.6743497477446232,None + Linear-SVM,unconscious,unconscious,False,Image,False,2,1,2,10
153,sub-04,rh-fusiform,0.5714285714285714,-0.13095238095238096,0.2857142857142857,0.6802704367438754,None + Linear-SVM,unconscious,unconscious,False,Image,False,7,2,5,5
154,sub-04,rh-fusiform,0.369047619047619,-0.2875273163926476,0.25,0.6847994711390041,None + Linear-SVM,unconscious,unconscious,False,Image,False,5,2,5,7
155,sub-04,rh-fusiform,0.6296296296296297,0.2222222222222222,0.5555555555555556,0.6804238858589681,None + Linear-SVM,unconscious,unconscious,False,Image,False,8,5,4,4
156,sub-04,rh-fusiform,0.6444444444444444,0.05,0.5185185185185186,0.6948861996053909,None + Linear-SVM,unconscious,unconscious,False,Image,False,7,7,8,5
157,sub-04,rh-fusiform,0.42361111111111116,0.0,0.45454545454545453,0.7033488629097043,None + Linear-SVM,unconscious,unconscious,False,Image,False,7,5,7,5
158,sub-04,rh-fusiform,0.6041666666666666,0.14907119849998599,0.4,0.6696724282199336,None + Linear-SVM,unconscious,unconscious,False,Image,False,8,2,2,4
159,sub-04,rh-fusiform,0.35,-0.27774602993176545,0.16666666666666666,0.6832584116785798,None + Linear-SVM,unconscious,unconscious,False,Image,False,6,1,4,6
160,sub-04,rh-fusiform,0.553030303030303,0.0381690510345287,0.47619047619047616,0.6901733886907995,None + Linear-SVM,unconscious,unconscious,False,Image,False,7,5,6,5
161,sub-04,rh-fusiform,0.5333333333333333,-0.20658356100321165,0.1818181818181818,0.6741231039923216,None + Linear-SVM,unconscious,unconscious,False,Image,False,7,1,4,5
162,sub-04,rh-fusiform,0.5448717948717949,0.038461538461538464,0.5384615384615384,0.6946103551451833,None + Linear-SVM,unconscious,unconscious,False,Image,False,6,7,6,6
163,sub-04,rh-fusiform,0.3257575757575758,-0.2196969696969697,0.36363636363636365,0.7025072665671869,None + Linear-SVM,unconscious,unconscious,False,Image,False,5,4,7,7
164,sub-04,rh-fusiform,0.38888888888888884,-0.15811388300841897,0.28571428571428575,0.6837417094583143,None + Linear-SVM,unconscious,unconscious,False,Image,False,6,2,4,6
165,sub-04,rh-fusiform,0.5833333333333334,0.05892556509887897,0.25,0.6645325239640657,None + Linear-SVM,unconscious,unconscious,False,Image,False,7,1,1,5
166,sub-04,rh-fusiform,0.6666666666666667,0.16116459280507606,0.4615384615384615,0.6726929515973192,None + Linear-SVM,unconscious,unconscious,False,Image,False,8,3,3,4
167,sub-04,rh-fusiform,0.4583333333333333,-0.21821789023599236,0.18181818181818182,0.6737249649715706,None + Linear-SVM,unconscious,unconscious,False,Image,False,6,1,3,6
168,sub-04,rh-fusiform,0.5705128205128206,-0.11613144917081457,0.41666666666666663,0.6940015649564117,None + Linear-SVM,unconscious,unconscious,False,Image,False,6,5,8,6
169,sub-04,rh-fusiform,0.6071428571428571,-0.06900655593423542,0.375,0.6788665239521199,None + Linear-SVM,unconscious,unconscious,False,Image,False,6,3,4,6
170,sub-04,rh-fusiform,0.6000000000000001,-0.1,0.4000000000000001,0.6849086892616252,None + Linear-SVM,unconscious,unconscious,False,Image,False,6,4,6,6
171,sub-04,rh-fusiform,0.7222222222222223,0.4029114820126901,0.6153846153846153,0.6717948615325366,None + Linear-SVM,unconscious,unconscious,False,Image,False,9,4,2,3
172,sub-04,rh-fusiform,0.5227272727272727,0.0381690510345287,0.47619047619047616,0.6900782152994033,None + Linear-SVM,unconscious,unconscious,False,Image,False,7,5,6,5
173,sub-04,rh-fusiform,0.3541666666666667,-0.21821789023599236,0.18181818181818182,0.6755540126058299,None + Linear-SVM,unconscious,unconscious,False,Image,False,6,1,3,6
174,sub-04,rh-fusiform,0.5378787878787878,-0.045454545454545456,0.45454545454545453,0.6906636927024727,None + Linear-SVM,unconscious,unconscious,False,Image,False,6,5,6,6
175,sub-04,rh-fusiform,0.40625,-0.041666666666666664,0.375,0.693489436538693,None + Linear-SVM,unconscious,unconscious,False,Image,False,7,3,5,5
176,sub-04,rh-fusiform,0.625,0.07905694150420949,0.42857142857142855,0.6705312903779392,None + Linear-SVM,unconscious,unconscious,False,Image,False,7,3,3,5
177,sub-04,rh-fusiform,0.3888888888888889,-0.24771684715343112,0.3157894736842105,0.6935553712332814,None + Linear-SVM,unconscious,unconscious,False,Image,False,5,3,6,7
178,sub-04,rh-fusiform,0.6,0.06356417261637282,0.3636363636363636,0.6751248418868525,None + Linear-SVM,unconscious,unconscious,False,Image,False,8,2,3,4
179,sub-04,rh-fusiform,0.5476190476190477,-0.13095238095238096,0.2857142857142857,0.6791002377616446,None + Linear-SVM,unconscious,unconscious,False,Image,False,7,2,5,5
180,sub-04,rh-fusiform,0.5192307692307693,0.045162230233094555,0.4999999999999999,0.6984297837726997,None + Linear-SVM,unconscious,unconscious,False,Image,False,7,6,7,5
181,sub-04,rh-fusiform,0.5666666666666667,-0.015430334996209192,0.3333333333333333,0.6724782318044078,None + Linear-SVM,unconscious,unconscious,False,Image,False,7,2,3,5
182,sub-04,rh-fusiform,0.7,0.06356417261637282,0.3636363636363636,0.6687026442156697,None + Linear-SVM,unconscious,unconscious,False,Image,False,8,2,3,4
183,sub-04,rh-fusiform,0.41666666666666663,-0.1336306209562122,0.2,0.6690786632918129,None + Linear-SVM,unconscious,unconscious,False,Image,False,6,1,2,6
184,sub-04,rh-fusiform,0.4916666666666667,-0.016878989451394443,0.4210526315789474,0.6911717401817189,None + Linear-SVM,unconscious,unconscious,False,Image,False,7,4,6,5
185,sub-04,rh-fusiform,0.48611111111111116,0.07905694150420949,0.42857142857142855,0.6812840741003271,None + Linear-SVM,unconscious,unconscious,False,Image,False,7,3,3,5
186,sub-04,rh-fusiform,0.33333333333333337,-0.2357022603955158,0.26666666666666666,0.6828774136932794,None + Linear-SVM,unconscious,unconscious,False,Image,False,5,2,4,7
187,sub-04,rh-fusiform,0.47916666666666663,0.08206099398622181,0.47058823529411764,0.6842210063104639,None + Linear-SVM,unconscious,unconscious,False,Image,False,7,4,4,5
188,sub-04,rh-fusiform,0.5833333333333333,0.2222222222222222,0.5555555555555556,0.684058494893619,None + Linear-SVM,unconscious,unconscious,False,Image,False,8,5,4,4
189,sub-04,rh-fusiform,0.5277777777777778,-0.15811388300841897,0.28571428571428575,0.6772959739434304,None + Linear-SVM,unconscious,unconscious,False,Image,False,6,2,4,6
190,sub-04,rh-fusiform,0.375,-0.32824397594488725,0.23529411764705882,0.6888657420657756,None + Linear-SVM,unconscious,unconscious,False,Image,False,5,2,6,7
191,sub-04,rh-fusiform,0.47619047619047616,-0.06900655593423542,0.375,0.6830459963330066,None + Linear-SVM,unconscious,unconscious,False,Image,False,6,3,4,6
192,sub-04,rh-fusiform,0.33333333333333337,-0.3042903097250923,0.0,0.6696501373139778,None + Linear-SVM,unconscious,unconscious,False,Image,False,7,0,2,5
193,sub-04,rh-fusiform,0.41538461538461535,-0.1941450686788302,0.26666666666666666,0.6896109578089733,None + Linear-SVM,unconscious,unconscious,False,Image,False,5,2,3,8
194,sub-04,rh-fusiform,0.40384615384615385,-0.28306925853614895,0.23529411764705882,0.6878811986268465,None + Linear-SVM,unconscious,unconscious,False,Image,False,6,2,6,7
195,sub-04,rh-fusiform,0.42948717948717946,-0.20645590963700367,0.34782608695652173,0.6979018510787115,None + Linear-SVM,unconscious,unconscious,False,Image,False,6,4,8,7
196,sub-04,rh-fusiform,0.47692307692307695,-0.305085107923876,0.15384615384615385,0.6827689217307733,None + Linear-SVM,unconscious,unconscious,False,Image,False,6,1,4,7
197,sub-04,rh-fusiform,0.3717948717948718,-0.28205128205128205,0.3333333333333333,0.7018651279462186,None + Linear-SVM,unconscious,unconscious,False,Image,False,5,4,8,8
198,sub-04,rh-fusiform,0.4,-0.1941450686788302,0.26666666666666666,0.6918861677811564,None + Linear-SVM,unconscious,unconscious,False,Image,False,5,2,3,8
199,sub-04,rh-fusiform,0.23076923076923078,-0.4530333378893934,0.125,0.702800879245553,None + Linear-SVM,unconscious,unconscious,False,Image,False,5,1,6,8
200,sub-04,rh-fusiform,0.1282051282051282,-0.5447047794019222,0.0,0.705263434819295,None + Linear-SVM,unconscious,unconscious,False,Image,False,4,0,3,9
201,sub-04,rh-fusiform,0.4285714285714286,-0.24232015747572203,0.25,0.6881488841555378,None + Linear-SVM,unconscious,unconscious,False,Image,False,6,2,5,7
202,sub-04,rh-fusiform,0.3296703296703296,-0.5241424183609591,0.11764705882352941,0.6960080688255177,None + Linear-SVM,unconscious,unconscious,False,Image,False,4,1,6,9
203,sub-04,rh-fusiform,0.5299145299145298,-0.016878989451394443,0.4210526315789474,0.6860643446634547,None + Linear-SVM,unconscious,unconscious,False,Image,False,7,4,5,6
204,sub-04,rh-fusiform,0.49743589743589745,-0.13846153846153847,0.42857142857142855,0.6965732496900329,None + Linear-SVM,unconscious,unconscious,False,Image,False,6,6,9,7
205,sub-04,rh-fusiform,0.2564102564102564,-0.358974358974359,0.32,0.7188544446844589,None + Linear-SVM,unconscious,unconscious,False,Image,False,4,4,8,9
206,sub-04,rh-fusiform,0.36538461538461536,-0.3105172139687914,0.15384615384615383,0.6865171826940982,None + Linear-SVM,unconscious,unconscious,False,Image,False,5,1,3,8
207,sub-04,rh-fusiform,0.2923076923076923,-0.4437601569801833,0.13333333333333333,0.7025148865916483,None + Linear-SVM,unconscious,unconscious,False,Image,False,4,1,4,9
208,sub-04,rh-fusiform,0.4405594405594405,-0.17482517482517482,0.36363636363636365,0.6975077310726784,None + Linear-SVM,unconscious,unconscious,False,Image,False,6,4,7,7
209,sub-04,rh-fusiform,0.26153846153846155,-0.3721042037676254,0.14285714285714285,0.6923833632029466,None + Linear-SVM,unconscious,unconscious,False,Image,False,5,1,4,8
210,sub-04,rh-fusiform,0.3846153846153846,-0.3086066999241838,0.32,0.7020586983802708,None + Linear-SVM,unconscious,unconscious,False,Image,False,5,4,9,8
211,sub-04,rh-fusiform,0.26573426573426573,-0.34265734265734266,0.2727272727272727,0.7088945274901622,None + Linear-SVM,unconscious,unconscious,False,Image,False,5,3,8,8
212,sub-04,rh-fusiform,0.23076923076923075,-0.26257545381445874,0.25,0.700341122866776,None + Linear-SVM,unconscious,unconscious,False,Image,False,5,2,4,8
213,sub-04,rh-fusiform,0.3846153846153846,-0.3202563076101743,0.0,0.6806228378199407,None + Linear-SVM,unconscious,unconscious,False,Image,False,7,0,2,6
214,sub-04,rh-fusiform,0.3846153846153846,-0.19096396641051544,0.26666666666666666,0.6888829882677979,None + Linear-SVM,unconscious,unconscious,False,Image,False,6,2,4,7
215,sub-04,rh-fusiform,0.3846153846153846,-0.3105172139687914,0.15384615384615383,0.6885982267709555,None + Linear-SVM,unconscious,unconscious,False,Image,False,5,1,3,8
216,sub-04,rh-fusiform,0.4437869822485207,-0.1543033499620919,0.4,0.6991424388223064,None + Linear-SVM,unconscious,unconscious,False,Image,False,6,5,8,7
217,sub-04,rh-fusiform,0.43956043956043955,-0.24232015747572203,0.25,0.6871388799443532,None + Linear-SVM,unconscious,unconscious,False,Image,False,6,2,5,7
218,sub-04,rh-fusiform,0.41538461538461535,-0.13740858372430334,0.380952380952381,0.6919148506453225,None + Linear-SVM,unconscious,unconscious,False,Image,False,6,4,6,7
219,sub-04,rh-fusiform,0.49999999999999994,-0.049416621110740085,0.30769230769230765,0.6834709391717467,None + Linear-SVM,unconscious,unconscious,False,Image,False,8,2,4,5
220,sub-04,rh-fusiform,0.3496503496503497,-0.2508726030021272,0.34782608695652173,0.6990952598366182,None + Linear-SVM,unconscious,unconscious,False,Image,False,5,4,7,8
221,sub-04,rh-fusiform,0.24999999999999997,-0.3105172139687914,0.15384615384615383,0.6925567353136426,None + Linear-SVM,unconscious,unconscious,False,Image,False,5,1,3,8
222,sub-04,rh-fusiform,0.34265734265734266,-0.2508726030021272,0.34782608695652173,0.7034983934915338,None + Linear-SVM,unconscious,unconscious,False,Image,False,5,4,7,8
223,sub-04,rh-fusiform,0.23076923076923078,-0.35527985620321373,0.22222222222222224,0.7215355779420488,None + Linear-SVM,unconscious,unconscious,False,Image,False,5,2,6,8
224,sub-04,rh-fusiform,0.4358974358974359,-0.26257545381445874,0.25,0.6816436820547115,None + Linear-SVM,unconscious,unconscious,False,Image,False,5,2,4,8
225,sub-04,rh-fusiform,0.32478632478632474,-0.38821675738207223,0.2105263157894737,0.7051518014207787,None + Linear-SVM,unconscious,unconscious,False,Image,False,5,2,7,8
226,sub-04,rh-fusiform,0.44615384615384623,-0.12403473458920847,0.2857142857142857,0.6917845901290316,None + Linear-SVM,unconscious,unconscious,False,Image,False,6,2,3,7
227,sub-04,rh-fusiform,0.42857142857142855,-0.3144854510165755,0.23529411764705882,0.6902233009950745,None + Linear-SVM,unconscious,unconscious,False,Image,False,5,2,5,8
228,sub-04,rh-fusiform,0.33136094674556216,-0.31622776601683794,0.2608695652173913,0.7114772960627728,None + Linear-SVM,unconscious,unconscious,False,Image,False,6,3,10,7
229,sub-04,rh-fusiform,0.32307692307692304,-0.305085107923876,0.15384615384615385,0.6912510922288144,None + Linear-SVM,unconscious,unconscious,False,Image,False,6,1,4,7
230,sub-04,rh-fusiform,0.47692307692307695,-0.1941450686788302,0.26666666666666666,0.6847211253041003,None + Linear-SVM,unconscious,unconscious,False,Image,False,5,2,3,8
231,sub-04,rh-fusiform,0.3589743589743589,-0.2219167619785609,0.16666666666666666,0.6859202239512552,None + Linear-SVM,unconscious,unconscious,False,Image,False,5,1,2,8
232,sub-04,rh-fusiform,0.3,-0.31298621848313535,0.28571428571428564,0.7082990060217693,None + Linear-SVM,unconscious,unconscious,False,Image,False,5,3,7,8
233,sub-04,rh-fusiform,0.3076923076923077,-0.26257545381445874,0.25,0.6974565359209697,None + Linear-SVM,unconscious,unconscious,False,Image,False,5,2,4,8
234,sub-04,rh-fusiform,0.28205128205128205,-0.41773367652300253,0.13333333333333333,0.700733914425971,None + Linear-SVM,unconscious,unconscious,False,Image,False,5,1,5,8
235,sub-04,rh-fusiform,0.3557692307692307,-0.1589409883014377,0.33333333333333326,0.6915066028666167,None + Linear-SVM,unconscious,unconscious,False,Image,False,6,3,5,7
236,sub-04,rh-fusiform,0.39316239316239315,-0.016878989451394443,0.4210526315789474,0.6929217297693426,None + Linear-SVM,unconscious,unconscious,False,Image,False,7,4,5,6
237,sub-04,rh-fusiform,0.3333333333333333,-0.19096396641051544,0.26666666666666666,0.6919684968488239,None + Linear-SVM,unconscious,unconscious,False,Image,False,6,2,4,7
238,sub-04,rh-fusiform,0.24038461538461536,-0.4812177395114532,0.11764705882352941,0.7040375838964164,None + Linear-SVM,unconscious,unconscious,False,Image,False,5,1,7,8
239,sub-04,rh-fusiform,0.25274725274725274,-0.3144854510165755,0.23529411764705882,0.6992673841795554,None + Linear-SVM,unconscious,unconscious,False,Image,False,5,2,5,8
240,sub-04,rh-fusiform,0.1923076923076923,-0.4193139346887673,0.0,0.689184797749845,None + Linear-SVM,unconscious,unconscious,False,Image,False,5,0,2,8
241,sub-04,rh-fusiform,0.5428571428571429,-0.02857142857142857,0.4000000000000001,0.6809490136247153,None + Linear-SVM,unconscious,unconscious,False,Image,False,4,2,3,3
242,sub-04,rh-fusiform,0.6964285714285715,0.21821789023599236,0.5714285714285715,0.6865513839717657,None + Linear-SVM,unconscious,unconscious,False,Image,False,5,4,4,2
243,sub-04,rh-fusiform,0.5119047619047619,0.2326210525996177,0.6956521739130435,0.7109837945214097,None + Linear-SVM,unconscious,unconscious,False,Image,False,4,8,4,3
244,sub-04,rh-fusiform,0.6571428571428573,-0.02857142857142857,0.4000000000000001,0.6760577347712138,None + Linear-SVM,unconscious,unconscious,False,Image,False,4,2,3,3
245,sub-04,rh-fusiform,0.5357142857142858,-0.011631052629980886,0.5,0.7016037975506896,None + Linear-SVM,unconscious,unconscious,False,Image,False,4,5,7,3
246,sub-04,rh-fusiform,0.4857142857142857,-0.1690308509457033,0.3636363636363636,0.6859131387787533,None + Linear-SVM,unconscious,unconscious,False,Image,False,3,2,3,4
247,sub-04,rh-fusiform,0.4285714285714286,0.0,0.4615384615384615,0.7065311545493171,None + Linear-SVM,unconscious,unconscious,False,Image,False,4,3,4,3
248,sub-04,rh-fusiform,0.3333333333333333,-0.3563483225498992,0.2222222222222222,0.6941360513589127,None + Linear-SVM,unconscious,unconscious,False,Image,False,2,1,2,5
249,sub-04,rh-fusiform,0.5918367346938775,0.0,0.4615384615384615,0.6882087576235784,None + Linear-SVM,unconscious,unconscious,False,Image,False,4,3,4,3
250,sub-04,rh-fusiform,0.36734693877551017,-0.28867513459481287,0.30769230769230765,0.6979254126292789,None + Linear-SVM,unconscious,unconscious,False,Image,False,3,2,5,4
251,sub-04,rh-fusiform,0.6507936507936508,0.2698412698412698,0.6250000000000001,0.68950885791662,None + Linear-SVM,unconscious,unconscious,False,Image,False,5,5,4,2
252,sub-04,rh-fusiform,0.6285714285714286,0.23162640965743445,0.64,0.7102854077591746,None + Linear-SVM,unconscious,unconscious,False,Image,False,5,8,7,2
253,sub-04,rh-fusiform,0.3571428571428572,-0.2326210525996177,0.4,0.7383199819284934,None + Linear-SVM,unconscious,unconscious,False,Image,False,3,4,8,4
254,sub-04,rh-fusiform,0.5357142857142857,0.06900655593423542,0.4444444444444445,0.6769319457297942,None + Linear-SVM,unconscious,unconscious,False,Image,False,4,2,2,3
255,sub-04,rh-fusiform,0.48571428571428577,-0.02857142857142857,0.4000000000000001,0.6897229208092127,None + Linear-SVM,unconscious,unconscious,False,Image,False,4,2,3,3
256,sub-04,rh-fusiform,0.5454545454545454,0.025482359571881278,0.5263157894736842,0.7014756417652172,None + Linear-SVM,unconscious,unconscious,False,Image,False,4,5,6,3
257,sub-04,rh-fusiform,0.4857142857142857,-0.02857142857142857,0.4000000000000001,0.6868140493298117,None + Linear-SVM,unconscious,unconscious,False,Image,False,4,2,3,3
258,sub-04,rh-fusiform,0.5164835164835164,-0.04279604925109129,0.4761904761904762,0.7100749262686886,None + Linear-SVM,unconscious,unconscious,False,Image,False,4,5,8,3
259,sub-04,rh-fusiform,0.44155844155844154,-0.06493506493506493,0.4444444444444444,0.7199207685761834,None + Linear-SVM,unconscious,unconscious,False,Image,False,4,4,7,3
260,sub-04,rh-fusiform,0.35714285714285715,-0.23809523809523808,0.3333333333333333,0.704367102817531,None + Linear-SVM,unconscious,unconscious,False,Image,False,3,2,4,4
261,sub-04,rh-fusiform,0.5,-0.2857142857142857,0.0,0.6662648008072768,None + Linear-SVM,unconscious,unconscious,False,Image,False,5,0,2,2
262,sub-04,rh-fusiform,0.6190476190476191,0.21957751641341997,0.5454545454545454,0.6812077556305653,None + Linear-SVM,unconscious,unconscious,False,Image,False,5,3,3,2
263,sub-04,rh-fusiform,0.5,-0.21428571428571427,0.36363636363636365,0.68103542729333,None + Linear-SVM,unconscious,unconscious,False,Image,False,2,2,2,5
264,sub-04,rh-fusiform,0.5494505494505495,0.0316069770620507,0.5454545454545455,0.7101933684465914,None + Linear-SVM,unconscious,unconscious,False,Image,False,4,6,7,3
265,sub-04,rh-fusiform,0.6938775510204082,0.28867513459481287,0.6153846153846153,0.6795481190951955,None + Linear-SVM,unconscious,unconscious,False,Image,False,5,4,3,2
266,sub-04,rh-fusiform,0.6428571428571429,-0.02857142857142857,0.47058823529411764,0.6949272522912819,None + Linear-SVM,unconscious,unconscious,False,Image,False,4,4,6,3
267,sub-04,rh-fusiform,0.7619047619047619,0.5367450401216932,0.7272727272727272,0.6749235126327886,None + Linear-SVM,unconscious,unconscious,False,Image,False,6,4,2,1
268,sub-04,rh-fusiform,0.5714285714285714,0.2987012987012987,0.7272727272727273,0.7035983349873535,None + Linear-SVM,unconscious,unconscious,False,Image,False,4,8,3,3
269,sub-04,rh-fusiform,0.2142857142857143,-0.4485426135725303,0.2,0.7015417737622877,None + Linear-SVM,unconscious,unconscious,False,Image,False,2,1,3,5
270,sub-04,rh-fusiform,0.5584415584415585,0.025482359571881278,0.5263157894736842,0.7015400325298603,None + Linear-SVM,unconscious,unconscious,False,Image,False,4,5,6,3
271,sub-04,rh-fusiform,0.3214285714285714,-0.19642857142857142,0.39999999999999997,0.7303121926319419,None + Linear-SVM,unconscious,unconscious,False,Image,False,3,3,5,4
272,sub-04,rh-fusiform,0.6904761904761905,0.21957751641341997,0.5454545454545454,0.6747031400506759,None + Linear-SVM,unconscious,unconscious,False,Image,False,5,3,3,2
273,sub-04,rh-fusiform,0.380952380952381,-0.23809523809523808,0.375,0.7180610900649604,None + Linear-SVM,unconscious,unconscious,False,Image,False,3,3,6,4
274,sub-04,rh-fusiform,0.5714285714285714,0.11952286093343936,0.4444444444444445,0.6858522488909967,None + Linear-SVM,unconscious,unconscious,False,Image,False,5,2,3,2
275,sub-04,rh-fusiform,0.5306122448979592,0.0,0.4615384615384615,0.6896409033677584,None + Linear-SVM,unconscious,unconscious,False,Image,False,4,3,4,3
276,sub-04,rh-fusiform,0.5054945054945055,0.0316069770620507,0.5454545454545455,0.7167471086951755,None + Linear-SVM,unconscious,unconscious,False,Image,False,4,6,7,3
277,sub-04,rh-fusiform,0.5428571428571429,-0.02857142857142857,0.4000000000000001,0.6856525425669907,None + Linear-SVM,unconscious,unconscious,False,Image,False,4,2,3,3
278,sub-04,rh-fusiform,0.6571428571428573,0.11952286093343936,0.4444444444444445,0.6748365709579495,None + Linear-SVM,unconscious,unconscious,False,Image,False,5,2,3,2
279,sub-04,rh-fusiform,0.5238095238095238,-0.0890870806374748,0.28571428571428575,0.6768528734257211,None + Linear-SVM,unconscious,unconscious,False,Image,False,4,1,2,3
280,sub-04,rh-fusiform,0.4142857142857143,-0.02857142857142857,0.47058823529411764,0.7133098030450059,None + Linear-SVM,unconscious,unconscious,False,Image,False,4,4,6,3
281,sub-04,rh-fusiform,0.5476190476190477,0.21957751641341997,0.5454545454545454,0.6961278224300749,None + Linear-SVM,unconscious,unconscious,False,Image,False,5,3,3,2
282,sub-04,rh-fusiform,0.4285714285714286,-0.23809523809523808,0.3333333333333333,0.7011634412583516,None + Linear-SVM,unconscious,unconscious,False,Image,False,3,2,4,4
283,sub-04,rh-fusiform,0.625,0.3392857142857143,0.6666666666666666,0.6929534606745491,None + Linear-SVM,unconscious,unconscious,False,Image,False,5,5,3,2
284,sub-04,rh-fusiform,0.5873015873015872,-0.015873015873015872,0.5555555555555556,0.6988333345266966,None + Linear-SVM,unconscious,unconscious,False,Image,False,3,5,4,4
285,sub-04,rh-fusiform,0.5476190476190477,-0.07142857142857142,0.4615384615384615,0.6903416979273576,None + Linear-SVM,unconscious,unconscious,False,Image,False,3,3,3,4
286,sub-04,rh-fusiform,0.375,-0.32732683535398854,0.28571428571428575,0.7098675234970429,None + Linear-SVM,unconscious,unconscious,False,Image,False,3,2,6,4
287,sub-04,rh-fusiform,0.5102040816326531,0.0,0.4615384615384615,0.6966700374143786,None + Linear-SVM,unconscious,unconscious,False,Image,False,4,3,4,3
288,sub-04,rh-fusiform,0.3571428571428572,-0.3779644730092272,0.0,0.6781942124718531,None + Linear-SVM,unconscious,unconscious,False,Image,False,4,0,2,3
289,sub-04,rh-fusiform,0.6666666666666667,0.2581988897471611,0.6666666666666665,0.6991289536396609,None + Linear-SVM,unconscious,unconscious,False,Image,False,2,3,2,1
290,sub-04,rh-fusiform,0.7916666666666667,0.375,0.5454545454545454,0.7046375915791298,None + Linear-SVM,unconscious,unconscious,False,Image,False,3,3,5,0
291,sub-04,rh-fusiform,0.6111111111111113,0.35355339059327373,0.8181818181818182,0.7303739442360246,None + Linear-SVM,unconscious,unconscious,False,Image,False,2,9,3,1
292,sub-04,rh-fusiform,0.6666666666666667,0.2581988897471611,0.6666666666666665,0.6925301728500997,None + Linear-SVM,unconscious,unconscious,False,Image,False,2,3,2,1
293,sub-04,rh-fusiform,0.6666666666666667,0.35355339059327373,0.8181818181818182,0.7232872335554601,None + Linear-SVM,unconscious,unconscious,False,Image,False,2,9,3,1
294,sub-04,rh-fusiform,0.6000000000000001,0.06666666666666667,0.5,0.7030896104221276,None + Linear-SVM,unconscious,unconscious,False,Image,False,2,2,3,1
295,sub-04,rh-fusiform,0.5714285714285714,0.2182178902359924,0.6666666666666666,0.7271335853003221,None + Linear-SVM,unconscious,unconscious,False,Image,False,2,4,3,1
296,sub-04,rh-fusiform,0.33333333333333337,0.0,0.4,0.7118968287248472,None + Linear-SVM,unconscious,unconscious,False,Image,False,2,1,2,1
297,sub-04,rh-fusiform,0.7619047619047619,0.3563483225498992,0.7692307692307692,0.7073097780673337,None + Linear-SVM,unconscious,unconscious,False,Image,False,2,5,2,1
298,sub-04,rh-fusiform,0.4285714285714286,-0.047619047619047616,0.4,0.7197291398493951,None + Linear-SVM,unconscious,unconscious,False,Image,False,2,2,5,1
299,sub-04,rh-fusiform,0.7407407407407408,0.5773502691896257,0.8,0.7055772548242785,None + Linear-SVM,unconscious,unconscious,False,Image,False,3,6,3,0
300,sub-04,rh-fusiform,0.7777777777777778,0.31622776601683794,0.8148148148148148,0.7308844267216374,None + Linear-SVM,unconscious,unconscious,False,Image,False,2,11,4,1
301,sub-04,rh-fusiform,0.44444444444444453,0.0,0.47058823529411764,0.7572043513449401,None + Linear-SVM,unconscious,unconscious,False,Image,False,2,4,8,1
302,sub-04,rh-fusiform,0.75,0.16666666666666666,0.5714285714285715,0.6893270990019895,None + Linear-SVM,unconscious,unconscious,False,Image,False,2,2,2,1
303,sub-04,rh-fusiform,0.5333333333333334,0.06666666666666667,0.5,0.7145301528434871,None + Linear-SVM,unconscious,unconscious,False,Image,False,2,2,3,1
304,sub-04,rh-fusiform,0.5757575757575758,0.10050378152592121,0.5882352941176471,0.7268379947551429,None + Linear-SVM,unconscious,unconscious,False,Image,False,2,5,6,1
305,sub-04,rh-fusiform,0.6666666666666667,0.4666666666666667,0.8000000000000002,0.7024278875254308,None + Linear-SVM,unconscious,unconscious,False,Image,False,2,4,1,1
306,sub-04,rh-fusiform,0.7435897435897436,0.4622501635210242,0.8799999999999999,0.7300449960481091,None + Linear-SVM,unconscious,unconscious,False,Image,False,2,11,2,1
307,sub-04,rh-fusiform,0.42424242424242425,0.10050378152592121,0.5882352941176471,0.746988654456182,None + Linear-SVM,unconscious,unconscious,False,Image,False,2,5,6,1
308,sub-04,rh-fusiform,0.5,0.15811388300841897,0.6,0.7209964540851725,None + Linear-SVM,unconscious,unconscious,False,Image,False,2,3,3,1
309,sub-04,rh-fusiform,0.6666666666666667,0.16666666666666666,0.5,0.6760423482230399,None + Linear-SVM,unconscious,unconscious,False,Image,False,2,1,1,1
310,sub-04,rh-fusiform,0.7777777777777778,0.31622776601683794,0.7272727272727272,0.6976332839170767,None + Linear-SVM,unconscious,unconscious,False,Image,False,2,4,2,1
311,sub-04,rh-fusiform,0.5833333333333334,0.16666666666666666,0.5714285714285715,0.6954575446279277,None + Linear-SVM,unconscious,unconscious,False,Image,False,2,2,2,1
312,sub-04,rh-fusiform,0.6410256410256411,0.16012815380508713,0.6666666666666667,0.7342149262059592,None + Linear-SVM,unconscious,unconscious,False,Image,False,2,7,6,1
313,sub-04,rh-fusiform,0.7619047619047619,0.3563483225498992,0.7692307692307692,0.6995297197619487,None + Linear-SVM,unconscious,unconscious,False,Image,False,2,5,2,1
314,sub-04,rh-fusiform,0.7666666666666667,0.5666666666666667,0.9,0.7186977288225862,None + Linear-SVM,unconscious,unconscious,False,Image,False,2,9,1,1
315,sub-04,rh-fusiform,0.888888888888889,0.6324555320336759,0.8,0.6914276364348925,None + Linear-SVM,unconscious,unconscious,False,Image,False,3,4,2,0
316,sub-04,rh-fusiform,0.7575757575757577,0.5757575757575758,0.9090909090909091,0.7238316294312482,None + Linear-SVM,unconscious,unconscious,False,Image,False,2,10,1,1
317,sub-04,rh-fusiform,0.4166666666666667,-0.09128709291752768,0.3333333333333333,0.7201254631323647,None + Linear-SVM,unconscious,unconscious,False,Image,False,2,1,3,1
318,sub-04,rh-fusiform,0.6969696969696969,0.3373495424699933,0.7999999999999999,0.7250407357020772,None + Linear-SVM,unconscious,unconscious,False,Image,False,2,8,3,1
319,sub-04,rh-fusiform,0.41666666666666663,0.14907119849998599,0.6153846153846154,0.7471544652211992,None + Linear-SVM,unconscious,unconscious,False,Image,False,2,4,4,1
320,sub-04,rh-fusiform,0.6666666666666667,0.31622776601683794,0.7272727272727272,0.6949370992451301,None + Linear-SVM,unconscious,unconscious,False,Image,False,2,4,2,1
321,sub-04,rh-fusiform,0.5555555555555556,0.09759000729485331,0.5714285714285714,0.7339870794332536,None + Linear-SVM,unconscious,unconscious,False,Image,False,2,4,5,1
322,sub-04,rh-fusiform,0.6666666666666667,0.2581988897471611,0.6666666666666665,0.6994444558628504,None + Linear-SVM,unconscious,unconscious,False,Image,False,2,3,2,1
323,sub-04,rh-fusiform,0.6666666666666667,0.2182178902359924,0.6666666666666666,0.7113698987321195,None + Linear-SVM,unconscious,unconscious,False,Image,False,2,4,3,1
324,sub-04,rh-fusiform,0.5897435897435898,0.16012815380508713,0.6666666666666667,0.7388458808816798,None + Linear-SVM,unconscious,unconscious,False,Image,False,2,7,6,1
325,sub-04,rh-fusiform,0.6666666666666667,0.06666666666666667,0.5,0.7036025458299736,None + Linear-SVM,unconscious,unconscious,False,Image,False,2,2,3,1
326,sub-04,rh-fusiform,0.8,0.4472135954999579,0.5714285714285715,0.6922659163793179,None + Linear-SVM,unconscious,unconscious,False,Image,False,3,2,3,0
327,sub-04,rh-fusiform,0.5555555555555556,0.0,0.4,0.6912842020728789,None + Linear-SVM,unconscious,unconscious,False,Image,False,2,1,2,1
328,sub-04,rh-fusiform,0.5666666666666667,0.14085904245475275,0.625,0.7318891925441608,None + Linear-SVM,unconscious,unconscious,False,Image,False,2,5,5,1
329,sub-04,rh-fusiform,0.5555555555555557,0.31622776601683794,0.7272727272727272,0.7159146327386072,None + Linear-SVM,unconscious,unconscious,False,Image,False,2,4,2,1
330,sub-04,rh-fusiform,0.44444444444444453,0.15811388300841897,0.6,0.7223406592347801,None + Linear-SVM,unconscious,unconscious,False,Image,False,2,3,3,1
331,sub-04,rh-fusiform,0.7083333333333334,0.2608745973749754,0.7142857142857143,0.7187770122872749,None + Linear-SVM,unconscious,unconscious,False,Image,False,2,5,3,1
332,sub-04,rh-fusiform,0.5555555555555556,0.29277002188455997,0.75,0.7213937912942129,None + Linear-SVM,unconscious,unconscious,False,Image,False,2,6,3,1
333,sub-04,rh-fusiform,0.6666666666666667,0.15811388300841897,0.6,0.7086690835289118,None + Linear-SVM,unconscious,unconscious,False,Image,False,2,3,3,1
334,sub-04,rh-fusiform,0.45833333333333337,-0.08333333333333333,0.36363636363636365,0.734582854161425,None + Linear-SVM,unconscious,unconscious,False,Image,False,2,2,6,1
335,sub-04,rh-fusiform,0.6190476190476191,0.0890870806374748,0.5454545454545454,0.7193543061837803,None + Linear-SVM,unconscious,unconscious,False,Image,False,2,3,4,1
336,sub-04,rh-fusiform,0.33333333333333337,-0.4082482904638631,0.0,0.6884806838867987,None + Linear-SVM,unconscious,unconscious,False,Image,False,2,0,2,1
337,sub-04,rh-fusiform,0.45714285714285713,-0.02857142857142857,0.4000000000000001,0.69008016970511,None + Linear-SVM,unconscious,unconscious,False,Image,False,4,2,3,3
338,sub-04,rh-fusiform,0.5535714285714286,0.07142857142857142,0.5333333333333333,0.6910541850035832,None + Linear-SVM,unconscious,unconscious,False,Image,False,4,4,4,3
339,sub-04,rh-fusiform,0.45238095238095233,-0.14951420452417674,0.4761904761904762,0.711799041918785,None + Linear-SVM,unconscious,unconscious,False,Image,False,3,5,7,4
340,sub-04,rh-fusiform,0.5714285714285714,-0.02857142857142857,0.4000000000000001,0.6833844793644174,None + Linear-SVM,unconscious,unconscious,False,Image,False,4,2,3,3
341,sub-04,rh-fusiform,0.48809523809523814,0.06900655593423542,0.5714285714285715,0.7080936606358613,None + Linear-SVM,unconscious,unconscious,False,Image,False,4,6,6,3
342,sub-04,rh-fusiform,0.4,-0.3142857142857143,0.3333333333333333,0.6948580944740398,None + Linear-SVM,unconscious,unconscious,False,Image,False,2,2,3,5
343,sub-04,rh-fusiform,0.30612244897959184,-0.28867513459481287,0.30769230769230765,0.7115100309555812,None + Linear-SVM,unconscious,unconscious,False,Image,False,3,2,5,4
344,sub-04,rh-fusiform,0.14285714285714285,-0.5345224838248488,0.0,0.7101977792071157,None + Linear-SVM,unconscious,unconscious,False,Image,False,3,0,3,4
345,sub-04,rh-fusiform,0.4897959183673469,0.0,0.4615384615384615,0.6964163650782333,None + Linear-SVM,unconscious,unconscious,False,Image,False,4,3,4,3
346,sub-04,rh-fusiform,0.3469387755102041,-0.28867513459481287,0.30769230769230765,0.7047882444007593,None + Linear-SVM,unconscious,unconscious,False,Image,False,3,2,5,4
347,sub-04,rh-fusiform,0.5555555555555556,0.1259881576697424,0.5882352941176471,0.6932336544337282,None + Linear-SVM,unconscious,unconscious,False,Image,False,4,5,4,3
348,sub-04,rh-fusiform,0.5904761904761905,0.035634832254989916,0.56,0.7104504704916424,None + Linear-SVM,unconscious,unconscious,False,Image,False,4,7,8,3
349,sub-04,rh-fusiform,0.261904761904762,-0.3680349649825889,0.380952380952381,0.7393292949808474,None + Linear-SVM,unconscious,unconscious,False,Image,False,2,4,8,5
350,sub-04,rh-fusiform,0.5,-0.17857142857142858,0.25,0.6862337175616743,None + Linear-SVM,unconscious,unconscious,False,Image,False,4,1,3,3
351,sub-04,rh-fusiform,0.28571428571428575,-0.37142857142857144,0.20000000000000004,0.7131529232651731,None + Linear-SVM,unconscious,unconscious,False,Image,False,3,1,4,4
352,sub-04,rh-fusiform,0.48051948051948057,0.025482359571881278,0.5263157894736842,0.7093387933849589,None + Linear-SVM,unconscious,unconscious,False,Image,False,4,5,6,3
353,sub-04,rh-fusiform,0.4571428571428572,-0.02857142857142857,0.4000000000000001,0.690969888111728,None + Linear-SVM,unconscious,unconscious,False,Image,False,4,2,3,3
354,sub-04,rh-fusiform,0.4505494505494506,-0.25677629550654774,0.380952380952381,0.7119351554943443,None + Linear-SVM,unconscious,unconscious,False,Image,False,3,4,9,4
355,sub-04,rh-fusiform,0.2207792207792208,-0.2987012987012987,0.33333333333333326,0.72881218528036,None + Linear-SVM,unconscious,unconscious,False,Image,False,3,3,8,4
356,sub-04,rh-fusiform,0.2380952380952381,-0.38095238095238093,0.30769230769230765,0.7153324475060576,None + Linear-SVM,unconscious,unconscious,False,Image,False,2,2,4,5
357,sub-04,rh-fusiform,0.4285714285714286,-0.3779644730092272,0.0,0.6751935148027853,None + Linear-SVM,unconscious,unconscious,False,Image,False,4,0,2,3
358,sub-04,rh-fusiform,0.5,0.21957751641341997,0.5454545454545454,0.6888039489856802,None + Linear-SVM,unconscious,unconscious,False,Image,False,5,3,3,2
359,sub-04,rh-fusiform,0.39285714285714285,-0.17857142857142858,0.25,0.695203051170974,None + Linear-SVM,unconscious,unconscious,False,Image,False,4,1,3,3
360,sub-04,rh-fusiform,0.5054945054945056,-0.17910620335162064,0.4545454545454546,0.712919583072057,None + Linear-SVM,unconscious,unconscious,False,Image,False,3,5,8,4
361,sub-04,rh-fusiform,0.5918367346938775,0.0,0.4615384615384615,0.6888482358316986,None + Linear-SVM,unconscious,unconscious,False,Image,False,4,3,4,3
362,sub-04,rh-fusiform,0.4714285714285715,-0.1690308509457033,0.4444444444444445,0.7027581711137165,None + Linear-SVM,unconscious,unconscious,False,Image,False,3,4,6,4
363,sub-04,rh-fusiform,0.6904761904761905,0.38095238095238093,0.6666666666666666,0.6818815217563942,None + Linear-SVM,unconscious,unconscious,False,Image,False,5,4,2,2
364,sub-04,rh-fusiform,0.4545454545454546,-0.06493506493506493,0.4444444444444444,0.7058758595342183,None + Linear-SVM,unconscious,unconscious,False,Image,False,4,4,7,3
365,sub-04,rh-fusiform,0.2142857142857143,-0.3105295017040594,0.22222222222222224,0.7028105562683763,None + Linear-SVM,unconscious,unconscious,False,Image,False,3,1,3,4
366,sub-04,rh-fusiform,0.4415584415584416,0.025482359571881278,0.5263157894736842,0.7095603146252853,None + Linear-SVM,unconscious,unconscious,False,Image,False,4,5,6,3
367,sub-04,rh-fusiform,0.35714285714285715,-0.05455447255899809,0.42857142857142855,0.7266126379191358,None + Linear-SVM,unconscious,unconscious,False,Image,False,4,3,5,3
368,sub-04,rh-fusiform,0.6428571428571429,0.05143444998736397,0.4,0.6810702459931652,None + Linear-SVM,unconscious,unconscious,False,Image,False,5,2,4,2
369,sub-04,rh-fusiform,0.3174603174603175,-0.3578300267477955,0.26666666666666666,0.7207312280896199,None + Linear-SVM,unconscious,unconscious,False,Image,False,3,2,7,4
370,sub-04,rh-fusiform,0.5428571428571429,-0.02857142857142857,0.4000000000000001,0.6932085941472313,None + Linear-SVM,unconscious,unconscious,False,Image,False,4,2,3,3
371,sub-04,rh-fusiform,0.40816326530612246,-0.28867513459481287,0.30769230769230765,0.6977507782825226,None + Linear-SVM,unconscious,unconscious,False,Image,False,3,2,5,4
372,sub-04,rh-fusiform,0.3516483516483517,-0.17910620335162064,0.4545454545454546,0.7273579077929385,None + Linear-SVM,unconscious,unconscious,False,Image,False,3,5,8,4
373,sub-04,rh-fusiform,0.4571428571428572,-0.02857142857142857,0.4000000000000001,0.6907707757885867,None + Linear-SVM,unconscious,unconscious,False,Image,False,4,2,3,3
374,sub-04,rh-fusiform,0.5714285714285715,-0.02857142857142857,0.4000000000000001,0.6823670392714178,None + Linear-SVM,unconscious,unconscious,False,Image,False,4,2,3,3
375,sub-04,rh-fusiform,0.3333333333333333,-0.2182178902359924,0.25,0.6861309780588907,None + Linear-SVM,unconscious,unconscious,False,Image,False,3,1,2,4
376,sub-04,rh-fusiform,0.45714285714285713,-0.02857142857142857,0.47058823529411764,0.7147566199330203,None + Linear-SVM,unconscious,unconscious,False,Image,False,4,4,6,3
377,sub-04,rh-fusiform,0.4285714285714286,-0.09759000729485333,0.3636363636363636,0.7037431963111185,None + Linear-SVM,unconscious,unconscious,False,Image,False,4,2,4,3
378,sub-04,rh-fusiform,0.2619047619047619,-0.4147575310031266,0.1818181818181818,0.7054884400326507,None + Linear-SVM,unconscious,unconscious,False,Image,False,3,1,5,4
379,sub-04,rh-fusiform,0.39285714285714285,-0.05455447255899809,0.42857142857142855,0.7003062022988503,None + Linear-SVM,unconscious,unconscious,False,Image,False,4,3,5,3
380,sub-04,rh-fusiform,0.46031746031746035,0.015873015873015872,0.5,0.7012928032979828,None + Linear-SVM,unconscious,unconscious,False,Image,False,4,4,5,3
381,sub-04,rh-fusiform,0.42857142857142855,-0.09759000729485333,0.3636363636363636,0.6985293624772825,None + Linear-SVM,unconscious,unconscious,False,Image,False,4,2,4,3
382,sub-04,rh-fusiform,0.32142857142857145,-0.32732683535398854,0.28571428571428575,0.7151442214834505,None + Linear-SVM,unconscious,unconscious,False,Image,False,3,2,6,4
383,sub-04,rh-fusiform,0.42857142857142855,-0.14907119849998599,0.3333333333333333,0.7007857109803073,None + Linear-SVM,unconscious,unconscious,False,Image,False,4,2,5,3
384,sub-04,rh-fusiform,0.2142857142857143,-0.47809144373375745,0.0,0.6887757569544093,None + Linear-SVM,unconscious,unconscious,False,Image,False,3,0,2,4
385,sub-04,rh-fusiform,0.5,-0.015430334996209192,0.3333333333333333,0.6857306678631994,None + Linear-SVM,unconscious,unconscious,False,Image,False,7,2,3,5
386,sub-04,rh-fusiform,0.5625,-0.041666666666666664,0.375,0.6873081322261799,None + Linear-SVM,unconscious,unconscious,False,Image,False,7,3,5,5
387,sub-04,rh-fusiform,0.5,0.0,0.45454545454545453,0.6994713361753776,None + Linear-SVM,unconscious,unconscious,False,Image,False,7,5,7,5
388,sub-04,rh-fusiform,0.6,-0.015430334996209192,0.3333333333333333,0.6790275857939796,None + Linear-SVM,unconscious,unconscious,False,Image,False,7,2,3,5
389,sub-04,rh-fusiform,0.5763888888888888,0.1690308509457033,0.5454545454545454,0.691540302211355,None + Linear-SVM,unconscious,unconscious,False,Image,False,8,6,6,4
390,sub-04,rh-fusiform,0.4,-0.24688535993934707,0.26666666666666666,0.6873218429979705,None + Linear-SVM,unconscious,unconscious,False,Image,False,4,2,3,8
391,sub-04,rh-fusiform,0.34523809523809523,-0.06900655593423542,0.375,0.7023912335020486,None + Linear-SVM,unconscious,unconscious,False,Image,False,6,3,4,6
392,sub-04,rh-fusiform,0.22222222222222224,-0.5833333333333334,0.13333333333333333,0.7004578988026985,None + Linear-SVM,unconscious,unconscious,False,Image,False,1,1,2,11
393,sub-04,rh-fusiform,0.5238095238095237,0.011631052629980886,0.39999999999999997,0.6876487154516875,None + Linear-SVM,unconscious,unconscious,False,Image,False,7,3,4,5
394,sub-04,rh-fusiform,0.4523809523809524,-0.06900655593423542,0.375,0.6904318080075814,None + Linear-SVM,unconscious,unconscious,False,Image,False,6,3,4,6
395,sub-04,rh-fusiform,0.5648148148148148,0.2222222222222222,0.5555555555555556,0.6838891798477583,None + Linear-SVM,unconscious,unconscious,False,Image,False,8,5,4,4
396,sub-04,rh-fusiform,0.5777777777777778,0.11602387022306429,0.5714285714285715,0.6984863443113533,None + Linear-SVM,unconscious,unconscious,False,Image,False,7,8,7,5
397,sub-04,rh-fusiform,0.32638888888888884,-0.2508726030021272,0.34782608695652173,0.7232827577957087,None + Linear-SVM,unconscious,unconscious,False,Image,False,5,4,8,7
398,sub-04,rh-fusiform,0.5416666666666667,0.07273929674533079,0.36363636363636365,0.6802943126701617,None + Linear-SVM,unconscious,unconscious,False,Image,False,7,2,2,5
399,sub-04,rh-fusiform,0.36666666666666664,-0.09128709291752769,0.3076923076923077,0.6924725904828619,None + Linear-SVM,unconscious,unconscious,False,Image,False,6,2,3,6
400,sub-04,rh-fusiform,0.4696969696969697,0.0381690510345287,0.47619047619047616,0.6974161486382155,None + Linear-SVM,unconscious,unconscious,False,Image,False,7,5,6,5
401,sub-04,rh-fusiform,0.5,-0.20658356100321165,0.1818181818181818,0.6847276111337987,None + Linear-SVM,unconscious,unconscious,False,Image,False,7,1,4,5
402,sub-04,rh-fusiform,0.46153846153846156,-0.03268602252303067,0.4347826086956522,0.7005391397782974,None + Linear-SVM,unconscious,unconscious,False,Image,False,7,5,8,5
403,sub-04,rh-fusiform,0.2954545454545454,-0.2196969696969697,0.36363636363636365,0.7174769717028985,None + Linear-SVM,unconscious,unconscious,False,Image,False,5,4,7,7
404,sub-04,rh-fusiform,0.3194444444444444,-0.15811388300841897,0.28571428571428575,0.6969778183181368,None + Linear-SVM,unconscious,unconscious,False,Image,False,6,2,4,6
405,sub-04,rh-fusiform,0.5833333333333334,0.05892556509887897,0.25,0.6748870660346836,None + Linear-SVM,unconscious,unconscious,False,Image,False,7,1,1,5
406,sub-04,rh-fusiform,0.5694444444444444,0.07905694150420949,0.42857142857142855,0.6820514839942836,None + Linear-SVM,unconscious,unconscious,False,Image,False,7,3,3,5
407,sub-04,rh-fusiform,0.5,-0.0778498944161523,0.22222222222222224,0.6811486011903303,None + Linear-SVM,unconscious,unconscious,False,Image,False,8,1,3,4
408,sub-04,rh-fusiform,0.5,-0.038461538461538464,0.48000000000000004,0.7034753735902445,None + Linear-SVM,unconscious,unconscious,False,Image,False,6,6,7,6
409,sub-04,rh-fusiform,0.5952380952380952,0.011631052629980886,0.39999999999999997,0.6815010345777739,None + Linear-SVM,unconscious,unconscious,False,Image,False,7,3,4,5
410,sub-04,rh-fusiform,0.5083333333333333,-0.016878989451394443,0.4210526315789474,0.6938884721384735,None + Linear-SVM,unconscious,unconscious,False,Image,False,7,4,6,5
411,sub-04,rh-fusiform,0.6666666666666666,0.4029114820126901,0.6153846153846153,0.6757219499955696,None + Linear-SVM,unconscious,unconscious,False,Image,False,9,4,2,3
412,sub-04,rh-fusiform,0.5151515151515151,-0.15096490996388545,0.3157894736842105,0.6961772405273926,None + Linear-SVM,unconscious,unconscious,False,Image,False,7,3,8,5
413,sub-04,rh-fusiform,0.29166666666666663,-0.21821789023599236,0.18181818181818182,0.693130446187606,None + Linear-SVM,unconscious,unconscious,False,Image,False,6,1,3,6
414,sub-04,rh-fusiform,0.48484848484848486,-0.045454545454545456,0.45454545454545453,0.6947245660432889,None + Linear-SVM,unconscious,unconscious,False,Image,False,6,5,6,6
415,sub-04,rh-fusiform,0.31249999999999994,-0.12309149097933272,0.35294117647058826,0.7137173359241973,None + Linear-SVM,unconscious,unconscious,False,Image,False,6,3,5,6
416,sub-04,rh-fusiform,0.5972222222222222,0.0,0.4,0.6794313785134773,None + Linear-SVM,unconscious,unconscious,False,Image,False,6,3,3,6
417,sub-04,rh-fusiform,0.3518518518518518,-0.3302891295379082,0.3,0.7076567417515985,None + Linear-SVM,unconscious,unconscious,False,Image,False,4,3,6,8
418,sub-04,rh-fusiform,0.5833333333333334,0.24688535993934707,0.5,0.6831277260275549,None + Linear-SVM,unconscious,unconscious,False,Image,False,8,3,2,4
419,sub-04,rh-fusiform,0.5,0.011631052629980886,0.39999999999999997,0.6901648652713422,None + Linear-SVM,unconscious,unconscious,False,Image,False,7,3,4,5
420,sub-04,rh-fusiform,0.4423076923076923,0.045162230233094555,0.4999999999999999,0.7069522688339578,None + Linear-SVM,unconscious,unconscious,False,Image,False,7,6,7,5
421,sub-04,rh-fusiform,0.4333333333333333,-0.015430334996209192,0.3333333333333333,0.6847610416760617,None + Linear-SVM,unconscious,unconscious,False,Image,False,7,2,3,5
422,sub-04,rh-fusiform,0.6833333333333333,0.16735967034880075,0.4615384615384615,0.6755699198387779,None + Linear-SVM,unconscious,unconscious,False,Image,False,7,3,2,5
423,sub-04,rh-fusiform,0.47222222222222215,-0.1336306209562122,0.2,0.6815864011918787,None + Linear-SVM,unconscious,unconscious,False,Image,False,6,1,2,6
424,sub-04,rh-fusiform,0.475,-0.016878989451394443,0.4210526315789474,0.6994730144420161,None + Linear-SVM,unconscious,unconscious,False,Image,False,7,4,6,5
425,sub-04,rh-fusiform,0.513888888888889,0.07905694150420949,0.42857142857142855,0.6916727347061808,None + Linear-SVM,unconscious,unconscious,False,Image,False,7,3,3,5
426,sub-04,rh-fusiform,0.375,-0.15811388300841897,0.28571428571428575,0.6966005886887481,None + Linear-SVM,unconscious,unconscious,False,Image,False,6,2,4,6
427,sub-04,rh-fusiform,0.53125,0.08206099398622181,0.47058823529411764,0.6861666782155167,None + Linear-SVM,unconscious,unconscious,False,Image,False,7,4,4,5
428,sub-04,rh-fusiform,0.5833333333333333,0.13762047064079508,0.5263157894736842,0.687396103195536,None + Linear-SVM,unconscious,unconscious,False,Image,False,7,5,4,5
429,sub-04,rh-fusiform,0.49999999999999994,0.0,0.4,0.68821248391997,None + Linear-SVM,unconscious,unconscious,False,Image,False,6,3,3,6
430,sub-04,rh-fusiform,0.28125,-0.32824397594488725,0.23529411764705882,0.7051381070456327,None + Linear-SVM,unconscious,unconscious,False,Image,False,5,2,6,7
431,sub-04,rh-fusiform,0.47619047619047616,-0.06900655593423542,0.375,0.6934146516991326,None + Linear-SVM,unconscious,unconscious,False,Image,False,6,3,4,6
432,sub-04,rh-fusiform,0.29166666666666663,-0.3042903097250923,0.0,0.6822223361034891,None + Linear-SVM,unconscious,unconscious,False,Image,False,7,0,2,5
433,sub-04,rh-fusiform,0.5,0.0,0.3636363636363636,0.6842396967911565,None + Linear-SVM,unconscious,unconscious,False,Image,False,6,2,3,4
434,sub-04,rh-fusiform,0.6375,0.20385887657505022,0.5333333333333333,0.6857373772512225,None + Linear-SVM,unconscious,unconscious,False,Image,False,7,4,4,3
435,sub-04,rh-fusiform,0.4166666666666667,-0.08333333333333333,0.45454545454545453,0.708055407645207,None + Linear-SVM,unconscious,unconscious,False,Image,False,5,5,7,5
436,sub-04,rh-fusiform,0.5800000000000001,0.1,0.4000000000000001,0.6765331099842514,None + Linear-SVM,unconscious,unconscious,False,Image,False,7,2,3,3
437,sub-04,rh-fusiform,0.5333333333333333,0.1,0.5454545454545454,0.6963106464250192,None + Linear-SVM,unconscious,unconscious,False,Image,False,6,6,6,4
438,sub-04,rh-fusiform,0.42000000000000004,-0.4,0.26666666666666666,0.6884986643659111,None + Linear-SVM,unconscious,unconscious,False,Image,False,2,2,3,8
439,sub-04,rh-fusiform,0.3714285714285714,-0.07042952122737638,0.39999999999999997,0.6954783101275338,None + Linear-SVM,unconscious,unconscious,False,Image,False,5,3,4,5
440,sub-04,rh-fusiform,0.26666666666666666,-0.42600643361512924,0.16666666666666666,0.6908297799512292,None + Linear-SVM,unconscious,unconscious,False,Image,False,2,1,2,8
441,sub-04,rh-fusiform,0.5142857142857142,0.02857142857142857,0.42857142857142855,0.6866915764986947,None + Linear-SVM,unconscious,unconscious,False,Image,False,6,3,4,4
442,sub-04,rh-fusiform,0.29999999999999993,-0.408491223118783,0.25,0.6932740597566813,None + Linear-SVM,unconscious,unconscious,False,Image,False,3,2,5,7
443,sub-04,rh-fusiform,0.5666666666666667,0.2584432806109095,0.5882352941176471,0.6876218243536151,None + Linear-SVM,unconscious,unconscious,False,Image,False,7,5,4,3
444,sub-04,rh-fusiform,0.48666666666666664,0.03268602252303067,0.5714285714285715,0.7039419805489875,None + Linear-SVM,unconscious,unconscious,False,Image,False,5,8,7,5
445,sub-04,rh-fusiform,0.15833333333333333,-0.5477225575051661,0.2608695652173913,0.7375930119822272,None + Linear-SVM,unconscious,unconscious,False,Image,False,2,3,9,8
446,sub-04,rh-fusiform,0.525,0.18856180831641267,0.4444444444444445,0.6797090674998342,None + Linear-SVM,unconscious,unconscious,False,Image,False,7,2,2,3
447,sub-04,rh-fusiform,0.28,-0.472455591261534,0.15384615384615385,0.6955574872611102,None + Linear-SVM,unconscious,unconscious,False,Image,False,3,1,4,7
448,sub-04,rh-fusiform,0.509090909090909,0.1589409883014377,0.5263157894736842,0.6976424101378133,None + Linear-SVM,unconscious,unconscious,False,Image,False,7,5,6,3
449,sub-04,rh-fusiform,0.48,0.0,0.3636363636363636,0.6827804681896757,None + Linear-SVM,unconscious,unconscious,False,Image,False,6,2,3,4
450,sub-04,rh-fusiform,0.5538461538461539,-0.1953363462243731,0.3636363636363637,0.7000100612739356,None + Linear-SVM,unconscious,unconscious,False,Image,False,5,4,9,5
451,sub-04,rh-fusiform,0.3181818181818182,-0.13762047064079508,0.39999999999999997,0.7141403363649174,None + Linear-SVM,unconscious,unconscious,False,Image,False,5,4,7,5
452,sub-04,rh-fusiform,0.35,-0.16265001215808886,0.30769230769230765,0.6948385173296783,None + Linear-SVM,unconscious,unconscious,False,Image,False,5,2,4,5
453,sub-04,rh-fusiform,0.35,-0.31622776601683794,0.0,0.6749477382979935,None + Linear-SVM,unconscious,unconscious,False,Image,False,6,0,2,4
454,sub-04,rh-fusiform,0.55,0.09759000729485331,0.4615384615384615,0.6809939239988296,None + Linear-SVM,unconscious,unconscious,False,Image,False,6,3,3,4
455,sub-04,rh-fusiform,0.425,-0.05,0.25,0.6865707966716926,None + Linear-SVM,unconscious,unconscious,False,Image,False,7,1,3,3
456,sub-04,rh-fusiform,0.43846153846153846,-0.21374668579336073,0.41666666666666663,0.7037734934163951,None + Linear-SVM,unconscious,unconscious,False,Image,False,4,5,8,6
457,sub-04,rh-fusiform,0.6,0.02857142857142857,0.42857142857142855,0.680744037020665,None + Linear-SVM,unconscious,unconscious,False,Image,False,6,3,4,4
458,sub-04,rh-fusiform,0.56,-0.10050378152592121,0.4210526315789474,0.6900552637480197,None + Linear-SVM,unconscious,unconscious,False,Image,False,5,4,6,5
459,sub-04,rh-fusiform,0.7000000000000001,0.3578300267477955,0.6153846153846153,0.6755279416649093,None + Linear-SVM,unconscious,unconscious,False,Image,False,7,4,2,3
460,sub-04,rh-fusiform,0.5,-0.13483997249264842,0.33333333333333326,0.6985975932412243,None + Linear-SVM,unconscious,unconscious,False,Image,False,6,3,8,4
461,sub-04,rh-fusiform,0.225,-0.31622776601683794,0.18181818181818182,0.6914674427331452,None + Linear-SVM,unconscious,unconscious,False,Image,False,4,1,3,6
462,sub-04,rh-fusiform,0.4818181818181818,-0.045454545454545456,0.47619047619047616,0.69927296580545,None + Linear-SVM,unconscious,unconscious,False,Image,False,5,5,6,5
463,sub-04,rh-fusiform,0.25,-0.22360679774997896,0.35294117647058826,0.7220994666081232,None + Linear-SVM,unconscious,unconscious,False,Image,False,4,3,5,6
464,sub-04,rh-fusiform,0.6833333333333333,0.2,0.5,0.6732765170015204,None + Linear-SVM,unconscious,unconscious,False,Image,False,7,3,3,3
465,sub-04,rh-fusiform,0.26666666666666666,-0.3820465887291705,0.23529411764705882,0.710338361266962,None + Linear-SVM,unconscious,unconscious,False,Image,False,4,2,7,6
466,sub-04,rh-fusiform,0.58,0.28867513459481287,0.5454545454545454,0.6834095986681871,None + Linear-SVM,unconscious,unconscious,False,Image,False,7,3,2,3
467,sub-04,rh-fusiform,0.4714285714285714,-0.07042952122737638,0.39999999999999997,0.6882507583898179,None + Linear-SVM,unconscious,unconscious,False,Image,False,5,3,4,5
468,sub-04,rh-fusiform,0.47692307692307695,0.06153846153846154,0.5217391304347826,0.704866973135009,None + Linear-SVM,unconscious,unconscious,False,Image,False,6,6,7,4
469,sub-04,rh-fusiform,0.4,-0.09449111825230681,0.3333333333333333,0.6869132829670667,None + Linear-SVM,unconscious,unconscious,False,Image,False,5,2,3,5
470,sub-04,rh-fusiform,0.62,0.1,0.4000000000000001,0.6765856062072116,None + Linear-SVM,unconscious,unconscious,False,Image,False,7,2,3,3
471,sub-04,rh-fusiform,0.33333333333333326,-0.31754264805429416,0.18181818181818182,0.678786847727282,None + Linear-SVM,unconscious,unconscious,False,Image,False,3,1,2,7
472,sub-04,rh-fusiform,0.42,-0.10050378152592121,0.4210526315789474,0.7045170986548666,None + Linear-SVM,unconscious,unconscious,False,Image,False,5,4,6,5
473,sub-04,rh-fusiform,0.5,0.09759000729485331,0.4615384615384615,0.6888920625539245,None + Linear-SVM,unconscious,unconscious,False,Image,False,6,3,3,4
474,sub-04,rh-fusiform,0.31666666666666665,-0.16265001215808886,0.30769230769230765,0.6974364472227066,None + Linear-SVM,unconscious,unconscious,False,Image,False,5,2,4,5
475,sub-04,rh-fusiform,0.47500000000000003,0.20385887657505022,0.5333333333333333,0.6912507183384083,None + Linear-SVM,unconscious,unconscious,False,Image,False,7,4,4,3
476,sub-04,rh-fusiform,0.4666666666666667,0.14951420452417674,0.5,0.6929619236993352,None + Linear-SVM,unconscious,unconscious,False,Image,False,7,4,5,3
477,sub-04,rh-fusiform,0.39999999999999997,-0.16265001215808886,0.30769230769230765,0.6882775833413397,None + Linear-SVM,unconscious,unconscious,False,Image,False,5,2,4,5
478,sub-04,rh-fusiform,0.24999999999999997,-0.35,0.25,0.7037552730744041,None + Linear-SVM,unconscious,unconscious,False,Image,False,4,2,6,6
479,sub-04,rh-fusiform,0.4,-0.07042952122737638,0.39999999999999997,0.6934846272923216,None + Linear-SVM,unconscious,unconscious,False,Image,False,5,3,4,5
480,sub-04,rh-fusiform,0.35,-0.25819888974716115,0.0,0.6776004602454343,None + Linear-SVM,unconscious,unconscious,False,Image,False,7,0,2,3
481,sub-04,rh-fusiform,0.46666666666666673,-0.1,0.4000000000000001,0.6963579065152735,None + Linear-SVM,unconscious,unconscious,False,Image,False,3,2,3,3
482,sub-04,rh-fusiform,0.5416666666666667,0.0,0.5333333333333333,0.6945749680237846,None + Linear-SVM,unconscious,unconscious,False,Image,False,3,4,4,3
483,sub-04,rh-fusiform,0.44444444444444453,-0.16116459280507606,0.4210526315789474,0.7164279406688031,None + Linear-SVM,unconscious,unconscious,False,Image,False,3,4,8,3
484,sub-04,rh-fusiform,0.4666666666666667,-0.1,0.4000000000000001,0.6849862502196892,None + Linear-SVM,unconscious,unconscious,False,Image,False,3,2,3,3
485,sub-04,rh-fusiform,0.5,0.0,0.5714285714285715,0.7112690642045713,None + Linear-SVM,unconscious,unconscious,False,Image,False,3,6,6,3
486,sub-04,rh-fusiform,0.4,-0.26666666666666666,0.3636363636363636,0.698504328706091,None + Linear-SVM,unconscious,unconscious,False,Image,False,2,2,3,4
487,sub-04,rh-fusiform,0.33333333333333337,-0.21957751641341997,0.3333333333333333,0.7145538401194067,None + Linear-SVM,unconscious,unconscious,False,Image,False,3,2,5,3
488,sub-04,rh-fusiform,0.16666666666666666,-0.5,0.0,0.7122368142235,None + Linear-SVM,unconscious,unconscious,False,Image,False,3,0,3,3
489,sub-04,rh-fusiform,0.5,-0.07142857142857142,0.4615384615384615,0.6959072442328286,None + Linear-SVM,unconscious,unconscious,False,Image,False,3,3,4,3
490,sub-04,rh-fusiform,0.3333333333333333,-0.21957751641341997,0.3333333333333333,0.7079091992417769,None + Linear-SVM,unconscious,unconscious,False,Image,False,3,2,5,3
491,sub-04,rh-fusiform,0.5740740740740741,0.21821789023599236,0.6250000000000001,0.6974336172512754,None + Linear-SVM,unconscious,unconscious,False,Image,False,4,5,4,2
492,sub-04,rh-fusiform,0.5666666666666667,0.12171612389003691,0.5833333333333334,0.7142582879833687,None + Linear-SVM,unconscious,unconscious,False,Image,False,4,7,8,2
493,sub-04,rh-fusiform,0.33333333333333337,-0.16116459280507606,0.4210526315789474,0.7402817944066276,None + Linear-SVM,unconscious,unconscious,False,Image,False,3,4,8,3
494,sub-04,rh-fusiform,0.41666666666666663,-0.25,0.25,0.6889979703339327,None + Linear-SVM,unconscious,unconscious,False,Image,False,3,1,3,3
495,sub-04,rh-fusiform,0.33333333333333337,-0.3105295017040594,0.22222222222222224,0.7125736282347438,None + Linear-SVM,unconscious,unconscious,False,Image,False,3,1,4,3
496,sub-04,rh-fusiform,0.45454545454545453,-0.13241022442571243,0.4444444444444444,0.7158919656992844,None + Linear-SVM,unconscious,unconscious,False,Image,False,3,4,7,3
497,sub-04,rh-fusiform,0.4,-0.3105295017040594,0.22222222222222224,0.6928662532955996,None + Linear-SVM,unconscious,unconscious,False,Image,False,3,1,4,3
498,sub-04,rh-fusiform,0.5,-0.18531232916527532,0.4,0.7147103901676053,None + Linear-SVM,unconscious,unconscious,False,Image,False,3,4,9,3
499,sub-04,rh-fusiform,0.25757575757575757,-0.22727272727272727,0.3529411764705882,0.7379329858983192,None + Linear-SVM,unconscious,unconscious,False,Image,False,3,3,8,3
500,sub-04,rh-fusiform,0.22222222222222224,-0.3333333333333333,0.3333333333333333,0.7174139083570271,None + Linear-SVM,unconscious,unconscious,False,Image,False,2,2,4,4
501,sub-04,rh-fusiform,0.25,-0.5773502691896258,0.0,0.6826148773779868,None + Linear-SVM,unconscious,unconscious,False,Image,False,2,0,2,4
502,sub-04,rh-fusiform,0.5555555555555556,0.1690308509457033,0.5454545454545454,0.6927491965849861,None + Linear-SVM,unconscious,unconscious,False,Image,False,4,3,3,2
503,sub-04,rh-fusiform,0.375,-0.25,0.25,0.6943932341031124,None + Linear-SVM,unconscious,unconscious,False,Image,False,3,1,3,3
504,sub-04,rh-fusiform,0.48717948717948717,-0.1086310236566852,0.4761904761904762,0.7189840217473105,None + Linear-SVM,unconscious,unconscious,False,Image,False,3,5,8,3
505,sub-04,rh-fusiform,0.5952380952380952,-0.07142857142857142,0.4615384615384615,0.6904886086894275,None + Linear-SVM,unconscious,unconscious,False,Image,False,3,3,4,3
506,sub-04,rh-fusiform,0.5,-0.09759000729485331,0.47058823529411764,0.7044916220881694,None + Linear-SVM,unconscious,unconscious,False,Image,False,3,4,6,3
507,sub-04,rh-fusiform,0.6666666666666666,0.3333333333333333,0.6666666666666666,0.6849859097421188,None + Linear-SVM,unconscious,unconscious,False,Image,False,4,4,2,2
508,sub-04,rh-fusiform,0.3787878787878788,-0.22727272727272727,0.3529411764705882,0.7132988549510351,None + Linear-SVM,unconscious,unconscious,False,Image,False,3,3,8,3
509,sub-04,rh-fusiform,0.20833333333333331,-0.408248290463863,0.22222222222222224,0.7112638003008287,None + Linear-SVM,unconscious,unconscious,False,Image,False,2,1,3,4
510,sub-04,rh-fusiform,0.4242424242424242,-0.13241022442571243,0.4444444444444444,0.7172496992231898,None + Linear-SVM,unconscious,unconscious,False,Image,False,3,4,7,3
511,sub-04,rh-fusiform,0.20833333333333334,-0.28867513459481287,0.39999999999999997,0.7388338535558784,None + Linear-SVM,unconscious,unconscious,False,Image,False,2,3,5,4
512,sub-04,rh-fusiform,0.5555555555555556,0.1690308509457033,0.5454545454545454,0.6833005947382101,None + Linear-SVM,unconscious,unconscious,False,Image,False,4,3,3,2
513,sub-04,rh-fusiform,0.2777777777777778,-0.4444444444444444,0.26666666666666666,0.7248633291120028,None + Linear-SVM,unconscious,unconscious,False,Image,False,2,2,7,4
514,sub-04,rh-fusiform,0.5,-0.1,0.4000000000000001,0.6984373179524987,None + Linear-SVM,unconscious,unconscious,False,Image,False,3,2,3,3
515,sub-04,rh-fusiform,0.38095238095238093,-0.21957751641341997,0.3333333333333333,0.7059622198092987,None + Linear-SVM,unconscious,unconscious,False,Image,False,3,2,5,3
516,sub-04,rh-fusiform,0.4102564102564103,0.049416621110740085,0.5,0.7273543492877017,None + Linear-SVM,unconscious,unconscious,False,Image,False,4,5,8,2
517,sub-04,rh-fusiform,0.43333333333333335,-0.1,0.4000000000000001,0.6955818969537074,None + Linear-SVM,unconscious,unconscious,False,Image,False,3,2,3,3
518,sub-04,rh-fusiform,0.6333333333333333,0.06900655593423542,0.4444444444444445,0.6826864468250714,None + Linear-SVM,unconscious,unconscious,False,Image,False,4,2,3,2
519,sub-04,rh-fusiform,0.3333333333333333,-0.15811388300841897,0.28571428571428575,0.6892974826705017,None + Linear-SVM,unconscious,unconscious,False,Image,False,3,1,2,3
520,sub-04,rh-fusiform,0.4,-0.09759000729485331,0.47058823529411764,0.7216316093975685,None + Linear-SVM,unconscious,unconscious,False,Image,False,3,4,6,3
521,sub-04,rh-fusiform,0.41666666666666674,-0.1690308509457033,0.3636363636363636,0.7124354786346213,None + Linear-SVM,unconscious,unconscious,False,Image,False,3,2,4,3
522,sub-04,rh-fusiform,0.2777777777777778,-0.3333333333333333,0.3333333333333333,0.7190519704254331,None + Linear-SVM,unconscious,unconscious,False,Image,False,2,2,4,4
523,sub-04,rh-fusiform,0.41666666666666663,-0.125,0.42857142857142855,0.7037543021011239,None + Linear-SVM,unconscious,unconscious,False,Image,False,3,3,5,3
524,sub-04,rh-fusiform,0.46296296296296297,-0.16666666666666666,0.4,0.703928599924307,None + Linear-SVM,unconscious,unconscious,False,Image,False,3,3,6,3
525,sub-04,rh-fusiform,0.44444444444444453,-0.1690308509457033,0.3636363636363636,0.6983716896290613,None + Linear-SVM,unconscious,unconscious,False,Image,False,3,2,4,3
526,sub-04,rh-fusiform,0.2708333333333333,-0.4166666666666667,0.28571428571428575,0.7199337471579786,None + Linear-SVM,unconscious,unconscious,False,Image,False,2,2,6,4
527,sub-04,rh-fusiform,0.4285714285714286,-0.07142857142857142,0.4615384615384615,0.707556614061602,None + Linear-SVM,unconscious,unconscious,False,Image,False,3,3,4,3
528,sub-04,rh-fusiform,0.16666666666666669,-0.5773502691896258,0.0,0.6844560070108362,None + Linear-SVM,unconscious,unconscious,False,Image,False,2,0,2,4
529,sub-04,rh-fusiform,0.575,0.15811388300841897,0.4444444444444445,0.6767471739945256,None + Linear-SVM,unconscious,unconscious,False,Image,False,6,2,3,2
530,sub-04,rh-fusiform,0.734375,0.3779644730092272,0.6666666666666666,0.6841739928487954,None + Linear-SVM,unconscious,unconscious,False,Image,False,6,5,3,2
531,sub-04,rh-fusiform,0.65625,0.25,0.6,0.6999989858996427,None + Linear-SVM,unconscious,unconscious,False,Image,False,6,6,6,2
532,sub-04,rh-fusiform,0.775,0.35,0.6,0.6725231264178533,None + Linear-SVM,unconscious,unconscious,False,Image,False,6,3,2,2
533,sub-04,rh-fusiform,0.65625,0.2041241452319315,0.6363636363636365,0.6932339025303691,None + Linear-SVM,unconscious,unconscious,False,Image,False,5,7,5,3
534,sub-04,rh-fusiform,0.44999999999999996,-0.09759000729485333,0.3636363636363636,0.6793078473321231,None + Linear-SVM,unconscious,unconscious,False,Image,False,4,2,3,4
535,sub-04,rh-fusiform,0.5,0.18898223650461363,0.5,0.6956004310905318,None + Linear-SVM,unconscious,unconscious,False,Image,False,6,3,4,2
536,sub-04,rh-fusiform,0.29166666666666663,-0.38575837490522974,0.2,0.6767292256430512,None + Linear-SVM,unconscious,unconscious,False,Image,False,2,1,2,6
537,sub-04,rh-fusiform,0.6607142857142857,0.32732683535398854,0.6153846153846153,0.6838834609810225,None + Linear-SVM,unconscious,unconscious,False,Image,False,6,4,3,2
538,sub-04,rh-fusiform,0.5,-0.09449111825230681,0.3333333333333333,0.6884744639258115,None + Linear-SVM,unconscious,unconscious,False,Image,False,5,2,5,3
539,sub-04,rh-fusiform,0.6388888888888888,0.4497006112188861,0.6666666666666667,0.6878055747337982,None + Linear-SVM,unconscious,unconscious,False,Image,False,7,5,4,1
540,sub-04,rh-fusiform,0.675,0.09607689228305229,0.6428571428571429,0.7046322577064031,None + Linear-SVM,unconscious,unconscious,False,Image,False,4,9,6,4
541,sub-04,rh-fusiform,0.4583333333333333,0.08206099398622181,0.6086956521739131,0.7199591284333032,None + Linear-SVM,unconscious,unconscious,False,Image,False,4,7,5,4
542,sub-04,rh-fusiform,0.6875,0.25,0.5,0.6699134936572094,None + Linear-SVM,unconscious,unconscious,False,Image,False,6,2,2,2
543,sub-04,rh-fusiform,0.4,-0.09759000729485333,0.3636363636363636,0.6864739054680794,None + Linear-SVM,unconscious,unconscious,False,Image,False,4,2,3,4
544,sub-04,rh-fusiform,0.5909090909090909,0.1685499656158105,0.6,0.6980761944191369,None + Linear-SVM,unconscious,unconscious,False,Image,False,5,6,5,3
545,sub-04,rh-fusiform,0.65,0.21957751641341997,0.5454545454545454,0.6774304190638893,None + Linear-SVM,unconscious,unconscious,False,Image,False,5,3,2,3
546,sub-04,rh-fusiform,0.6153846153846154,0.08492077756084468,0.5454545454545455,0.7022014449620094,None + Linear-SVM,unconscious,unconscious,False,Image,False,5,6,7,3
547,sub-04,rh-fusiform,0.4772727272727273,-0.044946657497549475,0.5,0.7101093887920333,None + Linear-SVM,unconscious,unconscious,False,Image,False,4,5,6,4
548,sub-04,rh-fusiform,0.4375,-0.16666666666666666,0.3333333333333333,0.6909734556607435,None + Linear-SVM,unconscious,unconscious,False,Image,False,4,2,4,4
549,sub-04,rh-fusiform,0.6875,0.2182178902359924,0.4,0.6606932837458264,None + Linear-SVM,unconscious,unconscious,False,Image,False,6,1,1,2
550,sub-04,rh-fusiform,0.7083333333333334,0.28867513459481287,0.6153846153846153,0.6752074095269565,None + Linear-SVM,unconscious,unconscious,False,Image,False,5,4,2,3
551,sub-04,rh-fusiform,0.5625,-0.11952286093343936,0.36363636363636365,0.6698228136276579,None + Linear-SVM,unconscious,unconscious,False,Image,False,3,2,2,5
552,sub-04,rh-fusiform,0.6057692307692308,0.08492077756084468,0.5454545454545455,0.7031620379248175,None + Linear-SVM,unconscious,unconscious,False,Image,False,5,6,7,3
553,sub-04,rh-fusiform,0.6785714285714285,0.32732683535398854,0.6153846153846153,0.6791705601468877,None + Linear-SVM,unconscious,unconscious,False,Image,False,6,4,3,2
554,sub-04,rh-fusiform,0.6875,0.35,0.6666666666666665,0.6906823245817569,None + Linear-SVM,unconscious,unconscious,False,Image,False,6,6,4,2
555,sub-04,rh-fusiform,0.7916666666666667,0.5594309277855158,0.7272727272727272,0.6728444772174577,None + Linear-SVM,unconscious,unconscious,False,Image,False,7,4,2,1
556,sub-04,rh-fusiform,0.625,0.1685499656158105,0.6,0.6987736987709243,None + Linear-SVM,unconscious,unconscious,False,Image,False,5,6,5,3
557,sub-04,rh-fusiform,0.375,-0.23904572186687872,0.22222222222222224,0.6844042841648643,None + Linear-SVM,unconscious,unconscious,False,Image,False,4,1,3,4
558,sub-04,rh-fusiform,0.6363636363636364,0.29545454545454547,0.631578947368421,0.6980957614213883,None + Linear-SVM,unconscious,unconscious,False,Image,False,6,6,5,2
559,sub-04,rh-fusiform,0.421875,0.13483997249264842,0.4615384615384615,0.7122799386149472,None + Linear-SVM,unconscious,unconscious,False,Image,False,6,3,5,2
560,sub-04,rh-fusiform,0.7916666666666666,0.5594309277855158,0.7272727272727272,0.6735044751209774,None + Linear-SVM,unconscious,unconscious,False,Image,False,7,4,2,1
561,sub-04,rh-fusiform,0.4027777777777778,-0.1690308509457033,0.375,0.707511034783139,None + Linear-SVM,unconscious,unconscious,False,Image,False,4,3,6,4
562,sub-04,rh-fusiform,0.6500000000000001,0.35,0.6,0.6794465338015113,None + Linear-SVM,unconscious,unconscious,False,Image,False,6,3,2,2
563,sub-04,rh-fusiform,0.625,0.32732683535398854,0.6153846153846153,0.6837601556466499,None + Linear-SVM,unconscious,unconscious,False,Image,False,6,4,3,2
564,sub-04,rh-fusiform,0.5865384615384615,0.1589409883014377,0.608695652173913,0.7084063117532038,None + Linear-SVM,unconscious,unconscious,False,Image,False,5,7,6,3
565,sub-04,rh-fusiform,0.575,0.15811388300841897,0.4444444444444445,0.6778051131348024,None + Linear-SVM,unconscious,unconscious,False,Image,False,6,2,3,2
566,sub-04,rh-fusiform,0.7,0.21957751641341997,0.5454545454545454,0.6726140128203222,None + Linear-SVM,unconscious,unconscious,False,Image,False,5,3,2,3
567,sub-04,rh-fusiform,0.5,-0.14907119849998599,0.25,0.6723828263653346,None + Linear-SVM,unconscious,unconscious,False,Image,False,4,1,2,4
568,sub-04,rh-fusiform,0.5375,0.15811388300841897,0.5,0.7019471616711651,None + Linear-SVM,unconscious,unconscious,False,Image,False,6,4,6,2
569,sub-04,rh-fusiform,0.6041666666666667,0.28867513459481287,0.6153846153846153,0.6868604678048078,None + Linear-SVM,unconscious,unconscious,False,Image,False,5,4,2,3
570,sub-04,rh-fusiform,0.45833333333333337,-0.16666666666666666,0.3333333333333333,0.6925465076292684,None + Linear-SVM,unconscious,unconscious,False,Image,False,4,2,4,4
571,sub-04,rh-fusiform,0.625,0.2581988897471611,0.5714285714285715,0.6928514060867286,None + Linear-SVM,unconscious,unconscious,False,Image,False,6,4,4,2
572,sub-04,rh-fusiform,0.6805555555555555,0.3098898934004561,0.6250000000000001,0.6892513695957713,None + Linear-SVM,unconscious,unconscious,False,Image,False,6,5,4,2
573,sub-04,rh-fusiform,0.5208333333333334,-0.04303314829119352,0.3636363636363636,0.6856480765945828,None + Linear-SVM,unconscious,unconscious,False,Image,False,5,2,4,3
574,sub-04,rh-fusiform,0.328125,-0.3779644730092272,0.26666666666666666,0.7034118559719723,None + Linear-SVM,unconscious,unconscious,False,Image,False,3,2,6,5
575,sub-04,rh-fusiform,0.5178571428571428,-0.07142857142857142,0.42857142857142855,0.689637618920293,None + Linear-SVM,unconscious,unconscious,False,Image,False,4,3,4,4
576,sub-04,rh-fusiform,0.3125,-0.3273268353539886,0.0,0.6684774738836452,None + Linear-SVM,unconscious,unconscious,False,Image,False,5,0,2,3
577,sub-04,rh-fusiform,0.5733333333333333,0.0,0.3076923076923077,0.666461861787438,None + Linear-SVM,unconscious,unconscious,False,Image,False,9,2,3,6
578,sub-04,rh-fusiform,0.6833333333333333,0.16265001215808886,0.47058823529411764,0.6712167256792696,None + Linear-SVM,unconscious,unconscious,False,Image,False,10,4,4,5
579,sub-04,rh-fusiform,0.5111111111111112,-0.05,0.4166666666666667,0.6870880452216518,None + Linear-SVM,unconscious,unconscious,False,Image,False,8,5,7,7
580,sub-04,rh-fusiform,0.56,-0.058025885318565944,0.2857142857142857,0.6674968545535619,None + Linear-SVM,unconscious,unconscious,False,Image,False,8,2,3,7
581,sub-04,rh-fusiform,0.5666666666666667,0.1,0.5,0.6827238824663526,None + Linear-SVM,unconscious,unconscious,False,Image,False,9,6,6,6
582,sub-04,rh-fusiform,0.5066666666666666,-0.17407765595569785,0.25000000000000006,0.6698716385023438,None + Linear-SVM,unconscious,unconscious,False,Image,False,6,2,3,9
583,sub-04,rh-fusiform,0.47619047619047616,-0.035634832254989916,0.3529411764705882,0.6771032703901331,None + Linear-SVM,unconscious,unconscious,False,Image,False,8,3,4,7
584,sub-04,rh-fusiform,0.3111111111111111,-0.3882901373576604,0.125,0.6726852405808398,None + Linear-SVM,unconscious,unconscious,False,Image,False,3,1,2,12
585,sub-04,rh-fusiform,0.6285714285714286,0.02706659809803834,0.375,0.6734771776622616,None + Linear-SVM,unconscious,unconscious,False,Image,False,9,3,4,6
586,sub-04,rh-fusiform,0.37142857142857144,-0.2927700218845599,0.2222222222222222,0.6769898045960333,None + Linear-SVM,unconscious,unconscious,False,Image,False,6,2,5,9
587,sub-04,rh-fusiform,0.6888888888888889,0.32387513781564786,0.6,0.6714548578641754,None + Linear-SVM,unconscious,unconscious,False,Image,False,10,6,3,5
588,sub-04,rh-fusiform,0.6533333333333333,0.1336306209562122,0.5517241379310344,0.6859950501554962,None + Linear-SVM,unconscious,unconscious,False,Image,False,9,8,7,6
589,sub-04,rh-fusiform,0.33333333333333337,-0.26519741765271837,0.32,0.7083230911573103,None + Linear-SVM,unconscious,unconscious,False,Image,False,6,4,8,9
590,sub-04,rh-fusiform,0.6499999999999999,0.14085904245475275,0.36363636363636365,0.6639131988287511,None + Linear-SVM,unconscious,unconscious,False,Image,False,10,2,2,5
591,sub-04,rh-fusiform,0.37333333333333335,-0.34641016151377546,0.13333333333333333,0.6783744690235137,None + Linear-SVM,unconscious,unconscious,False,Image,False,6,1,4,9
592,sub-04,rh-fusiform,0.5454545454545455,-0.012012499502607453,0.43478260869565216,0.6828482938634918,None + Linear-SVM,unconscious,unconscious,False,Image,False,8,5,6,7
593,sub-04,rh-fusiform,0.56,-0.058025885318565944,0.2857142857142857,0.6693749811850063,None + Linear-SVM,unconscious,unconscious,False,Image,False,8,2,3,7
594,sub-04,rh-fusiform,0.5692307692307692,-0.005128205128205128,0.46153846153846156,0.6840102339061366,None + Linear-SVM,unconscious,unconscious,False,Image,False,8,6,7,7
595,sub-04,rh-fusiform,0.45454545454545453,-0.14414999403128945,0.4,0.6890451841444803,None + Linear-SVM,unconscious,unconscious,False,Image,False,6,5,6,9
596,sub-04,rh-fusiform,0.36666666666666664,-0.18090680674665818,0.25,0.6825413731167358,None + Linear-SVM,unconscious,unconscious,False,Image,False,7,2,4,8
597,sub-04,rh-fusiform,0.5333333333333333,-0.11236664374387369,0.15384615384615385,0.6646858996279159,None + Linear-SVM,unconscious,unconscious,False,Image,False,5,1,1,10
598,sub-04,rh-fusiform,0.6777777777777779,0.38890872965260115,0.5454545454545454,0.6678791867827519,None + Linear-SVM,unconscious,unconscious,False,Image,False,13,3,3,2
599,sub-04,rh-fusiform,0.4833333333333333,-0.1267731382092775,0.18181818181818182,0.6667228619140448,None + Linear-SVM,unconscious,unconscious,False,Image,False,9,1,3,6
600,sub-04,rh-fusiform,0.6153846153846154,0.13846153846153847,0.5384615384615384,0.684188072831468,None + Linear-SVM,unconscious,unconscious,False,Image,False,9,7,6,6
601,sub-04,rh-fusiform,0.7523809523809524,0.4581709669115176,0.6153846153846153,0.6672141807392165,None + Linear-SVM,unconscious,unconscious,False,Image,False,13,4,3,2
602,sub-04,rh-fusiform,0.6266666666666667,0.03268602252303067,0.45454545454545453,0.6781018041223252,None + Linear-SVM,unconscious,unconscious,False,Image,False,8,5,5,7
603,sub-04,rh-fusiform,0.7777777777777778,0.4472135954999579,0.6153846153846153,0.6651798315350471,None + Linear-SVM,unconscious,unconscious,False,Image,False,12,4,2,3
604,sub-04,rh-fusiform,0.5393939393939394,0.14414999403128945,0.5217391304347826,0.6839392046571731,None + Linear-SVM,unconscious,unconscious,False,Image,False,9,6,5,6
605,sub-04,rh-fusiform,0.26666666666666666,-0.2857738033247041,0.14285714285714288,0.6753763493028911,None + Linear-SVM,unconscious,unconscious,False,Image,False,6,1,3,9
606,sub-04,rh-fusiform,0.6242424242424243,0.14414999403128945,0.5217391304347826,0.6809002437371452,None + Linear-SVM,unconscious,unconscious,False,Image,False,9,6,5,6
607,sub-04,rh-fusiform,0.35833333333333334,-0.15096490996388545,0.3157894736842105,0.6893155078785307,None + Linear-SVM,unconscious,unconscious,False,Image,False,7,3,5,8
608,sub-04,rh-fusiform,0.6888888888888889,0.15504341823651058,0.42857142857142855,0.6648595581574673,None + Linear-SVM,unconscious,unconscious,False,Image,False,10,3,3,5
609,sub-04,rh-fusiform,0.3703703703703704,-0.25819888974716115,0.28571428571428575,0.6872118669680681,None + Linear-SVM,unconscious,unconscious,False,Image,False,6,3,6,9
610,sub-04,rh-fusiform,0.6533333333333335,0.30261376633440124,0.5,0.670134061087168,None + Linear-SVM,unconscious,unconscious,False,Image,False,11,3,2,4
611,sub-04,rh-fusiform,0.4666666666666667,-0.09759000729485331,0.33333333333333326,0.6782355986365667,None + Linear-SVM,unconscious,unconscious,False,Image,False,7,3,4,8
612,sub-04,rh-fusiform,0.4615384615384615,0.005128205128205128,0.5,0.6961962373021232,None + Linear-SVM,unconscious,unconscious,False,Image,False,7,7,6,8
613,sub-04,rh-fusiform,0.5733333333333334,0.2,0.4000000000000001,0.6704481747290959,None + Linear-SVM,unconscious,unconscious,False,Image,False,12,2,3,3
614,sub-04,rh-fusiform,0.64,0.060522753266880246,0.3333333333333333,0.666338916025453,None + Linear-SVM,unconscious,unconscious,False,Image,False,10,2,3,5
615,sub-04,rh-fusiform,0.3777777777777778,-0.2,0.15384615384615383,0.6662980683655569,None + Linear-SVM,unconscious,unconscious,False,Image,False,6,1,2,9
616,sub-04,rh-fusiform,0.48000000000000004,-0.13074409009212268,0.3636363636363636,0.6837780835375871,None + Linear-SVM,unconscious,unconscious,False,Image,False,7,4,6,8
617,sub-04,rh-fusiform,0.5333333333333333,0.03015113445777636,0.37499999999999994,0.6749058994941185,None + Linear-SVM,unconscious,unconscious,False,Image,False,8,3,3,7
618,sub-04,rh-fusiform,0.3111111111111111,-0.18090680674665818,0.25,0.6819065675847993,None + Linear-SVM,unconscious,unconscious,False,Image,False,7,2,4,8
619,sub-04,rh-fusiform,0.6333333333333333,0.3105295017040594,0.5333333333333333,0.6755036927921235,None + Linear-SVM,unconscious,unconscious,False,Image,False,12,4,4,3
620,sub-04,rh-fusiform,0.5629629629629629,-0.08606629658238706,0.380952380952381,0.6795048293683607,None + Linear-SVM,unconscious,unconscious,False,Image,False,7,4,5,8
621,sub-04,rh-fusiform,0.5333333333333333,-0.12171612389003691,0.26666666666666666,0.6726184074585573,None + Linear-SVM,unconscious,unconscious,False,Image,False,8,2,4,7
622,sub-04,rh-fusiform,0.30833333333333335,-0.39727607885233013,0.2,0.6858729259576044,None + Linear-SVM,unconscious,unconscious,False,Image,False,5,2,6,10
623,sub-04,rh-fusiform,0.5238095238095238,-0.035634832254989916,0.3529411764705882,0.6757010167899593,None + Linear-SVM,unconscious,unconscious,False,Image,False,8,3,4,7
624,sub-04,rh-fusiform,0.4666666666666667,-0.13333333333333333,0.0,0.6667080108354438,None + Linear-SVM,unconscious,unconscious,False,Image,False,13,0,2,2
625,sub-04,rh-fusiform,0.44000000000000006,0.0,0.4444444444444445,0.6986402602966326,None + Linear-SVM,unconscious,unconscious,False,Image,False,3,2,3,2
626,sub-04,rh-fusiform,0.6,0.21957751641341997,0.6666666666666666,0.6997005191744466,None + Linear-SVM,unconscious,unconscious,False,Image,False,3,5,3,2
627,sub-04,rh-fusiform,0.45,0.015430334996209192,0.5263157894736842,0.7254406567086105,None + Linear-SVM,unconscious,unconscious,False,Image,False,3,5,7,2
628,sub-04,rh-fusiform,0.6,0.0,0.4444444444444445,0.6915409073520961,None + Linear-SVM,unconscious,unconscious,False,Image,False,3,2,3,2
629,sub-04,rh-fusiform,0.48333333333333334,0.015430334996209192,0.5263157894736842,0.7189964489936164,None + Linear-SVM,unconscious,unconscious,False,Image,False,3,5,7,2
630,sub-04,rh-fusiform,0.4,-0.2,0.4000000000000001,0.702059867179414,None + Linear-SVM,unconscious,unconscious,False,Image,False,2,2,3,3
631,sub-04,rh-fusiform,0.37142857142857144,0.02857142857142857,0.5,0.7181329180951289,None + Linear-SVM,unconscious,unconscious,False,Image,False,3,3,4,2
632,sub-04,rh-fusiform,0.19999999999999998,-0.4472135954999579,0.0,0.7076151317996102,None + Linear-SVM,unconscious,unconscious,False,Image,False,3,0,3,2
633,sub-04,rh-fusiform,0.5142857142857142,0.02857142857142857,0.5,0.7019646082263759,None + Linear-SVM,unconscious,unconscious,False,Image,False,3,3,4,2
634,sub-04,rh-fusiform,0.39999999999999997,-0.29277002188455997,0.2,0.7135726624344181,None + Linear-SVM,unconscious,unconscious,False,Image,False,3,1,6,2
635,sub-04,rh-fusiform,0.5333333333333333,0.25819888974716115,0.7058823529411765,0.7026343516060324,None + Linear-SVM,unconscious,unconscious,False,Image,False,3,6,3,2
636,sub-04,rh-fusiform,0.5466666666666666,0.058025885318565944,0.5833333333333334,0.7225000150279921,None + Linear-SVM,unconscious,unconscious,False,Image,False,3,7,8,2
637,sub-04,rh-fusiform,0.26666666666666666,-0.16735967034880075,0.5,0.7499316689748964,None + Linear-SVM,unconscious,unconscious,False,Image,False,2,5,7,3
638,sub-04,rh-fusiform,0.55,0.1,0.5,0.6885191622645146,None + Linear-SVM,unconscious,unconscious,False,Image,False,3,2,2,2
639,sub-04,rh-fusiform,0.32,-0.2,0.4000000000000001,0.7136176005460342,None + Linear-SVM,unconscious,unconscious,False,Image,False,2,2,3,3
640,sub-04,rh-fusiform,0.49090909090909096,0.050964719143762556,0.5555555555555556,0.7170648434796085,None + Linear-SVM,unconscious,unconscious,False,Image,False,3,5,6,2
641,sub-04,rh-fusiform,0.52,0.0,0.4444444444444445,0.6988715293220119,None + Linear-SVM,unconscious,unconscious,False,Image,False,3,2,3,2
642,sub-04,rh-fusiform,0.5230769230769231,-0.01413506985480439,0.5,0.7192917955911216,None + Linear-SVM,unconscious,unconscious,False,Image,False,3,5,8,2
643,sub-04,rh-fusiform,0.36363636363636365,-0.034815531191139566,0.4705882352941177,0.7345698851339836,None + Linear-SVM,unconscious,unconscious,False,Image,False,3,4,7,2
644,sub-04,rh-fusiform,0.26666666666666666,-0.06900655593423542,0.4,0.7215399408084546,None + Linear-SVM,unconscious,unconscious,False,Image,False,3,2,4,2
645,sub-04,rh-fusiform,0.5,-0.4,0.0,0.6799198270886933,None + Linear-SVM,unconscious,unconscious,False,Image,False,3,0,2,2
646,sub-04,rh-fusiform,0.5666666666666667,0.1,0.5454545454545454,0.6968687933252894,None + Linear-SVM,unconscious,unconscious,False,Image,False,3,3,3,2
647,sub-04,rh-fusiform,0.3,-0.35,0.25,0.7015792013943722,None + Linear-SVM,unconscious,unconscious,False,Image,False,2,1,3,3
648,sub-04,rh-fusiform,0.49230769230769234,0.05547001962252291,0.5714285714285714,0.7223332970984672,None + Linear-SVM,unconscious,unconscious,False,Image,False,3,6,7,2
649,sub-04,rh-fusiform,0.5428571428571428,0.02857142857142857,0.5,0.6982167468694281,None + Linear-SVM,unconscious,unconscious,False,Image,False,3,3,4,2
650,sub-04,rh-fusiform,0.52,0.0,0.5,0.7106154119046216,None + Linear-SVM,unconscious,unconscious,False,Image,False,3,4,6,2
651,sub-04,rh-fusiform,0.7333333333333333,0.4666666666666667,0.7272727272727272,0.6865857261317017,None + Linear-SVM,unconscious,unconscious,False,Image,False,4,4,2,1
652,sub-04,rh-fusiform,0.5454545454545454,0.22084711628963774,0.7000000000000001,0.7151310460925226,None + Linear-SVM,unconscious,unconscious,False,Image,False,3,7,4,2
653,sub-04,rh-fusiform,0.15,-0.35,0.25,0.7167019464143566,None + Linear-SVM,unconscious,unconscious,False,Image,False,2,1,3,3
654,sub-04,rh-fusiform,0.509090909090909,0.050964719143762556,0.5555555555555556,0.714821018992245,None + Linear-SVM,unconscious,unconscious,False,Image,False,3,5,6,2
655,sub-04,rh-fusiform,0.225,-0.21957751641341997,0.42857142857142855,0.7374049322332632,None + Linear-SVM,unconscious,unconscious,False,Image,False,2,3,5,3
656,sub-04,rh-fusiform,0.6333333333333333,0.1,0.5454545454545454,0.6863148384242365,None + Linear-SVM,unconscious,unconscious,False,Image,False,3,3,3,2
657,sub-04,rh-fusiform,0.37777777777777777,-0.06666666666666667,0.42857142857142855,0.7284671278578035,None + Linear-SVM,unconscious,unconscious,False,Image,False,3,3,6,2
658,sub-04,rh-fusiform,0.48,0.2,0.6,0.7004428471725976,None + Linear-SVM,unconscious,unconscious,False,Image,False,3,3,2,2
659,sub-04,rh-fusiform,0.4285714285714286,0.02857142857142857,0.5,0.7106350029360052,None + Linear-SVM,unconscious,unconscious,False,Image,False,3,3,4,2
660,sub-04,rh-fusiform,0.3384615384615385,-0.08770580193070292,0.42105263157894735,0.7323021563017118,None + Linear-SVM,unconscious,unconscious,False,Image,False,3,4,9,2
661,sub-04,rh-fusiform,0.4,0.0,0.4444444444444445,0.7012384495741237,None + Linear-SVM,unconscious,unconscious,False,Image,False,3,2,3,2
662,sub-04,rh-fusiform,0.64,0.0,0.4444444444444445,0.6894194844910608,None + Linear-SVM,unconscious,unconscious,False,Image,False,3,2,3,2
663,sub-04,rh-fusiform,0.4666666666666667,-0.06666666666666667,0.3333333333333333,0.6889303756706614,None + Linear-SVM,unconscious,unconscious,False,Image,False,3,1,2,2
664,sub-04,rh-fusiform,0.45999999999999996,0.0,0.5,0.7253453430256247,None + Linear-SVM,unconscious,unconscious,False,Image,False,3,4,6,2
665,sub-04,rh-fusiform,0.4666666666666667,-0.06900655593423542,0.4,0.7141336610762937,None + Linear-SVM,unconscious,unconscious,False,Image,False,3,2,4,2
666,sub-04,rh-fusiform,0.3666666666666667,-0.2608745973749754,0.2222222222222222,0.7112901641608309,None + Linear-SVM,unconscious,unconscious,False,Image,False,3,1,5,2
667,sub-04,rh-fusiform,0.475,0.09759000729485333,0.5714285714285715,0.7091361790324551,None + Linear-SVM,unconscious,unconscious,False,Image,False,3,4,4,2
668,sub-04,rh-fusiform,0.4888888888888889,0.04303314829119352,0.5333333333333333,0.7130451203820346,None + Linear-SVM,unconscious,unconscious,False,Image,False,3,4,5,2
669,sub-04,rh-fusiform,0.39999999999999997,-0.06900655593423542,0.4,0.707292892244772,None + Linear-SVM,unconscious,unconscious,False,Image,False,3,2,4,2
670,sub-04,rh-fusiform,0.275,-0.21957751641341997,0.42857142857142855,0.7234272876000089,None + Linear-SVM,unconscious,unconscious,False,Image,False,2,3,5,3
671,sub-04,rh-fusiform,0.4,0.02857142857142857,0.5,0.7129408756646365,None + Linear-SVM,unconscious,unconscious,False,Image,False,3,3,4,2
672,sub-04,rh-fusiform,0.3,-0.4,0.0,0.6872983754673428,None + Linear-SVM,unconscious,unconscious,False,Image,False,3,0,2,2
673,sub-04,rh-fusiform,0.575,0.025,0.4000000000000001,0.6754916760434034,None + Linear-SVM,unconscious,unconscious,False,Image,False,5,2,3,3
674,sub-04,rh-fusiform,0.8125,0.3779644730092272,0.6666666666666666,0.6827332972187938,None + Linear-SVM,unconscious,unconscious,False,Image,False,6,5,3,2
675,sub-04,rh-fusiform,0.65625,0.25,0.6,0.700137941611208,None + Linear-SVM,unconscious,unconscious,False,Image,False,6,6,6,2
676,sub-04,rh-fusiform,0.625,0.025,0.4000000000000001,0.6744904187067708,None + Linear-SVM,unconscious,unconscious,False,Image,False,5,2,3,3
677,sub-04,rh-fusiform,0.6666666666666666,0.2041241452319315,0.6363636363636365,0.6945569616284147,None + Linear-SVM,unconscious,unconscious,False,Image,False,5,7,5,3
678,sub-04,rh-fusiform,0.47500000000000003,-0.35,0.3076923076923077,0.6755312091760705,None + Linear-SVM,unconscious,unconscious,False,Image,False,2,2,3,6
679,sub-04,rh-fusiform,0.5178571428571428,0.18898223650461363,0.5,0.69257072634824,None + Linear-SVM,unconscious,unconscious,False,Image,False,6,3,4,2
680,sub-04,rh-fusiform,0.3333333333333333,-0.38575837490522974,0.2,0.6796189588106709,None + Linear-SVM,unconscious,unconscious,False,Image,False,2,1,2,6
681,sub-04,rh-fusiform,0.7321428571428571,0.472455591261534,0.6666666666666666,0.6826908356259374,None + Linear-SVM,unconscious,unconscious,False,Image,False,7,4,3,1
682,sub-04,rh-fusiform,0.4107142857142857,-0.21821789023599236,0.30769230769230765,0.688498709510432,None + Linear-SVM,unconscious,unconscious,False,Image,False,4,2,5,4
683,sub-04,rh-fusiform,0.6944444444444444,0.4497006112188861,0.6666666666666667,0.686940631909546,None + Linear-SVM,unconscious,unconscious,False,Image,False,7,5,4,1
684,sub-04,rh-fusiform,0.6416666666666666,0.15096490996388545,0.6153846153846153,0.7067136019408937,None + Linear-SVM,unconscious,unconscious,False,Image,False,5,8,7,3
685,sub-04,rh-fusiform,0.43750000000000006,-0.2041241452319315,0.45454545454545453,0.7178364324001657,None + Linear-SVM,unconscious,unconscious,False,Image,False,3,5,7,5
686,sub-04,rh-fusiform,0.71875,0.408248290463863,0.5714285714285715,0.6686017617487949,None + Linear-SVM,unconscious,unconscious,False,Image,False,7,2,2,1
687,sub-04,rh-fusiform,0.35,-0.4147575310031266,0.1818181818181818,0.6880384171865194,None + Linear-SVM,unconscious,unconscious,False,Image,False,3,1,4,5
688,sub-04,rh-fusiform,0.5909090909090909,0.044946657497549475,0.5714285714285713,0.7001964238191615,None + Linear-SVM,unconscious,unconscious,False,Image,False,4,6,5,4
689,sub-04,rh-fusiform,0.75,0.21957751641341997,0.5454545454545454,0.675127484866528,None + Linear-SVM,unconscious,unconscious,False,Image,False,5,3,2,3
690,sub-04,rh-fusiform,0.5961538461538461,0.009615384615384616,0.4761904761904762,0.7044919515858338,None + Linear-SVM,unconscious,unconscious,False,Image,False,5,5,8,3
691,sub-04,rh-fusiform,0.38636363636363635,-0.13636363636363635,0.4210526315789474,0.7136156187566872,None + Linear-SVM,unconscious,unconscious,False,Image,False,4,4,7,4
692,sub-04,rh-fusiform,0.4375,-0.16666666666666666,0.3333333333333333,0.6897508472198541,None + Linear-SVM,unconscious,unconscious,False,Image,False,4,2,4,4
693,sub-04,rh-fusiform,0.75,0.2182178902359924,0.4,0.6597779128246797,None + Linear-SVM,unconscious,unconscious,False,Image,False,6,1,1,2
694,sub-04,rh-fusiform,0.7708333333333334,0.28867513459481287,0.6153846153846153,0.6752455506965545,None + Linear-SVM,unconscious,unconscious,False,Image,False,5,4,2,3
695,sub-04,rh-fusiform,0.46875,-0.125,0.25,0.6731092378427942,None + Linear-SVM,unconscious,unconscious,False,Image,False,5,1,3,3
696,sub-04,rh-fusiform,0.6442307692307693,0.1589409883014377,0.608695652173913,0.7035534566190913,None + Linear-SVM,unconscious,unconscious,False,Image,False,5,7,6,3
697,sub-04,rh-fusiform,0.6785714285714285,0.05455447255899809,0.4615384615384615,0.6807863246532915,None + Linear-SVM,unconscious,unconscious,False,Image,False,5,3,4,3
698,sub-04,rh-fusiform,0.7,0.125,0.5555555555555556,0.6903393433218568,None + Linear-SVM,unconscious,unconscious,False,Image,False,5,5,5,3
699,sub-04,rh-fusiform,0.8541666666666667,0.5594309277855158,0.7272727272727272,0.6727928433502735,None + Linear-SVM,unconscious,unconscious,False,Image,False,7,4,2,1
700,sub-04,rh-fusiform,0.6590909090909091,0.1685499656158105,0.6,0.6991461661926965,None + Linear-SVM,unconscious,unconscious,False,Image,False,5,6,5,3
701,sub-04,rh-fusiform,0.375,-0.3535533905932738,0.2,0.6813507926600987,None + Linear-SVM,unconscious,unconscious,False,Image,False,3,1,3,5
702,sub-04,rh-fusiform,0.625,-0.07954545454545454,0.5454545454545454,0.6984738879103983,None + Linear-SVM,unconscious,unconscious,False,Image,False,3,6,5,5
703,sub-04,rh-fusiform,0.46875,0.0,0.42857142857142855,0.7039245921873953,None + Linear-SVM,unconscious,unconscious,False,Image,False,5,3,5,3
704,sub-04,rh-fusiform,0.8125,0.5594309277855158,0.7272727272727272,0.6699387354475802,None + Linear-SVM,unconscious,unconscious,False,Image,False,7,4,2,1
705,sub-04,rh-fusiform,0.41666666666666663,-0.1690308509457033,0.375,0.7046696277298838,None + Linear-SVM,unconscious,unconscious,False,Image,False,4,3,6,4
706,sub-04,rh-fusiform,0.675,0.35,0.6,0.6825214874888723,None + Linear-SVM,unconscious,unconscious,False,Image,False,6,3,2,2
707,sub-04,rh-fusiform,0.6071428571428572,0.19642857142857142,0.5714285714285714,0.6845845824534611,None + Linear-SVM,unconscious,unconscious,False,Image,False,5,4,3,3
708,sub-04,rh-fusiform,0.5096153846153847,-0.03739787960033829,0.5217391304347826,0.7125748727225416,None + Linear-SVM,unconscious,unconscious,False,Image,False,4,6,7,4
709,sub-04,rh-fusiform,0.625,0.025,0.4000000000000001,0.6764168466263498,None + Linear-SVM,unconscious,unconscious,False,Image,False,5,2,3,3
710,sub-04,rh-fusiform,0.7,0.21957751641341997,0.5454545454545454,0.6724061494452839,None + Linear-SVM,unconscious,unconscious,False,Image,False,5,3,2,3
711,sub-04,rh-fusiform,0.4583333333333333,-0.2608745973749754,0.2222222222222222,0.6695136034179524,None + Linear-SVM,unconscious,unconscious,False,Image,False,3,1,2,5
712,sub-04,rh-fusiform,0.5499999999999999,0.0,0.5263157894736842,0.7012608563616441,None + Linear-SVM,unconscious,unconscious,False,Image,False,4,5,5,4
713,sub-04,rh-fusiform,0.6041666666666666,0.25819888974716115,0.5454545454545454,0.6868270954029282,None + Linear-SVM,unconscious,unconscious,False,Image,False,6,3,3,2
714,sub-04,rh-fusiform,0.4375,-0.16666666666666666,0.3333333333333333,0.687290247411762,None + Linear-SVM,unconscious,unconscious,False,Image,False,4,2,4,4
715,sub-04,rh-fusiform,0.5625,0.1259881576697424,0.5333333333333333,0.6926775042417394,None + Linear-SVM,unconscious,unconscious,False,Image,False,5,4,4,3
716,sub-04,rh-fusiform,0.7361111111111112,0.2916666666666667,0.6666666666666666,0.6894146005426808,None + Linear-SVM,unconscious,unconscious,False,Image,False,5,6,3,3
717,sub-04,rh-fusiform,0.5208333333333333,0.251259453814803,0.4444444444444444,0.6813252449723818,None + Linear-SVM,unconscious,unconscious,False,Image,False,7,2,4,1
718,sub-04,rh-fusiform,0.359375,-0.3779644730092272,0.26666666666666666,0.6991945368251806,None + Linear-SVM,unconscious,unconscious,False,Image,False,3,2,6,5
719,sub-04,rh-fusiform,0.6607142857142857,0.32732683535398854,0.6153846153846153,0.6855695608373564,None + Linear-SVM,unconscious,unconscious,False,Image,False,6,4,3,2
720,sub-04,rh-fusiform,0.5,-0.16666666666666666,0.0,0.6640088477823733,None + Linear-SVM,unconscious,unconscious,False,Image,False,7,0,2,1
721,sub-04,rh-fusiform,0.75,0.35,0.6666666666666665,0.6846800500581895,None + Linear-SVM,unconscious,unconscious,False,Image,False,3,3,2,1
722,sub-04,rh-fusiform,0.78125,0.625,0.875,0.6970787407986302,None + Linear-SVM,unconscious,unconscious,False,Image,False,3,7,1,1
723,sub-04,rh-fusiform,0.7083333333333333,0.4472135954999579,0.8181818181818182,0.7205414964797728,None + Linear-SVM,unconscious,unconscious,False,Image,False,3,9,3,1
724,sub-04,rh-fusiform,0.8,0.55,0.8000000000000002,0.6867794645908794,None + Linear-SVM,unconscious,unconscious,False,Image,False,3,4,1,1
725,sub-04,rh-fusiform,0.6666666666666666,0.363696483726654,0.761904761904762,0.7143070675354918,None + Linear-SVM,unconscious,unconscious,False,Image,False,3,8,4,1
726,sub-04,rh-fusiform,0.65,0.15811388300841897,0.5,0.6929673074384408,None + Linear-SVM,unconscious,unconscious,False,Image,False,3,2,3,1
727,sub-04,rh-fusiform,0.5714285714285714,0.3105295017040594,0.6666666666666666,0.7146333676771373,None + Linear-SVM,unconscious,unconscious,False,Image,False,3,4,3,1
728,sub-04,rh-fusiform,0.41666666666666663,-0.16666666666666666,0.3333333333333333,0.690517664853781,None + Linear-SVM,unconscious,unconscious,False,Image,False,2,1,2,2
729,sub-04,rh-fusiform,0.7142857142857143,0.4485426135725303,0.7692307692307692,0.698459569628937,None + Linear-SVM,unconscious,unconscious,False,Image,False,3,5,2,1
730,sub-04,rh-fusiform,0.7142857142857143,0.3105295017040594,0.6666666666666666,0.7058571407377087,None + Linear-SVM,unconscious,unconscious,False,Image,False,3,4,3,1
731,sub-04,rh-fusiform,0.6944444444444444,0.38575837490522974,0.75,0.7018533462381915,None + Linear-SVM,unconscious,unconscious,False,Image,False,3,6,3,1
732,sub-04,rh-fusiform,0.7333333333333334,0.48238191061886604,0.8571428571428571,0.7255766452232044,None + Linear-SVM,unconscious,unconscious,False,Image,False,3,12,3,1
733,sub-04,rh-fusiform,0.6041666666666667,0.363696483726654,0.761904761904762,0.7434613398941678,None + Linear-SVM,unconscious,unconscious,False,Image,False,3,8,4,1
734,sub-04,rh-fusiform,0.75,0.2581988897471611,0.5714285714285715,0.6803322431530907,None + Linear-SVM,unconscious,unconscious,False,Image,False,3,2,2,1
735,sub-04,rh-fusiform,0.65,0.35,0.6666666666666665,0.6974429260083044,None + Linear-SVM,unconscious,unconscious,False,Image,False,3,3,2,1
736,sub-04,rh-fusiform,0.7045454545454546,0.3424747597107866,0.7368421052631579,0.7176984276703524,None + Linear-SVM,unconscious,unconscious,False,Image,False,3,7,4,1
737,sub-04,rh-fusiform,0.75,0.55,0.8000000000000002,0.6901723036888712,None + Linear-SVM,unconscious,unconscious,False,Image,False,3,4,1,1
738,sub-04,rh-fusiform,0.7692307692307693,0.38122128787578263,0.7826086956521738,0.7227993418846773,None + Linear-SVM,unconscious,unconscious,False,Image,False,3,9,4,1
739,sub-04,rh-fusiform,0.6363636363636364,0.2618924633082486,0.6666666666666665,0.730530671072263,None + Linear-SVM,unconscious,unconscious,False,Image,False,3,6,5,1
740,sub-04,rh-fusiform,0.625,0.25,0.6,0.7070130882451057,None + Linear-SVM,unconscious,unconscious,False,Image,False,3,3,3,1
741,sub-04,rh-fusiform,0.75,0.25,0.5,0.668072625632227,None + Linear-SVM,unconscious,unconscious,False,Image,False,3,1,1,1
742,sub-04,rh-fusiform,0.7083333333333334,0.408248290463863,0.7272727272727272,0.6890726922370114,None + Linear-SVM,unconscious,unconscious,False,Image,False,3,4,2,1
743,sub-04,rh-fusiform,0.6875,0.2581988897471611,0.5714285714285715,0.6838505326505651,None + Linear-SVM,unconscious,unconscious,False,Image,False,3,2,2,1
744,sub-04,rh-fusiform,0.6153846153846154,0.24514516892273003,0.6666666666666667,0.7250413093816436,None + Linear-SVM,unconscious,unconscious,False,Image,False,3,7,6,1
745,sub-04,rh-fusiform,0.8214285714285714,0.4485426135725303,0.7692307692307692,0.6927728334051608,None + Linear-SVM,unconscious,unconscious,False,Image,False,3,5,2,1
746,sub-04,rh-fusiform,0.775,0.5185449728701348,0.8421052631578948,0.7110201770129809,None + Linear-SVM,unconscious,unconscious,False,Image,False,3,8,2,1
747,sub-04,rh-fusiform,0.75,0.408248290463863,0.7272727272727272,0.6878701921891286,None + Linear-SVM,unconscious,unconscious,False,Image,False,3,4,2,1
748,sub-04,rh-fusiform,0.75,0.6590909090909091,0.9090909090909091,0.7166608880489272,None + Linear-SVM,unconscious,unconscious,False,Image,False,3,10,1,1
749,sub-04,rh-fusiform,0.6875,0.2581988897471611,0.5714285714285715,0.6937850091773521,None + Linear-SVM,unconscious,unconscious,False,Image,False,3,2,2,1
750,sub-04,rh-fusiform,0.6818181818181819,0.43082021842766455,0.7999999999999999,0.71797795399034,None + Linear-SVM,unconscious,unconscious,False,Image,False,3,8,3,1
751,sub-04,rh-fusiform,0.5,0.23904572186687872,0.6153846153846154,0.7315358568551633,None + Linear-SVM,unconscious,unconscious,False,Image,False,3,4,4,1
752,sub-04,rh-fusiform,0.7916666666666666,0.5833333333333334,0.8333333333333334,0.6843375958325163,None + Linear-SVM,unconscious,unconscious,False,Image,False,3,5,1,1
753,sub-04,rh-fusiform,0.6388888888888888,0.2828894749305018,0.6666666666666667,0.7245458577651197,None + Linear-SVM,unconscious,unconscious,False,Image,False,3,5,4,1
754,sub-04,rh-fusiform,0.6500000000000001,0.35,0.6666666666666665,0.6903039854460702,None + Linear-SVM,unconscious,unconscious,False,Image,False,3,3,2,1
755,sub-04,rh-fusiform,0.75,0.3105295017040594,0.6666666666666666,0.6985174887702782,None + Linear-SVM,unconscious,unconscious,False,Image,False,3,4,3,1
756,sub-04,rh-fusiform,0.6346153846153846,0.3105172139687914,0.7272727272727274,0.7300020532369479,None + Linear-SVM,unconscious,unconscious,False,Image,False,3,8,5,1
757,sub-04,rh-fusiform,0.65,0.35,0.6666666666666665,0.6931144723538615,None + Linear-SVM,unconscious,unconscious,False,Image,False,3,3,2,1
758,sub-04,rh-fusiform,0.8,0.55,0.8000000000000002,0.6833664277556184,None + Linear-SVM,unconscious,unconscious,False,Image,False,3,4,1,1
759,sub-04,rh-fusiform,0.6666666666666666,0.09128709291752768,0.4,0.677133512852916,None + Linear-SVM,unconscious,unconscious,False,Image,False,3,1,2,1
760,sub-04,rh-fusiform,0.6,0.22821773229381923,0.625,0.7227510565141387,None + Linear-SVM,unconscious,unconscious,False,Image,False,3,5,5,1
761,sub-04,rh-fusiform,0.625,0.408248290463863,0.7272727272727272,0.699718565493801,None + Linear-SVM,unconscious,unconscious,False,Image,False,3,4,2,1
762,sub-04,rh-fusiform,0.625,0.25,0.6,0.7084340354350022,None + Linear-SVM,unconscious,unconscious,False,Image,False,3,3,3,1
763,sub-04,rh-fusiform,0.625,0.23904572186687872,0.6153846153846154,0.7106599674448794,None + Linear-SVM,unconscious,unconscious,False,Image,False,3,4,4,1
764,sub-04,rh-fusiform,0.6944444444444444,0.5006939628599933,0.823529411764706,0.7109469531270711,None + Linear-SVM,unconscious,unconscious,False,Image,False,3,7,2,1
765,sub-04,rh-fusiform,0.625,0.25,0.6,0.6991297177159717,None + Linear-SVM,unconscious,unconscious,False,Image,False,3,3,3,1
766,sub-04,rh-fusiform,0.65625,0.23904572186687872,0.6153846153846154,0.7208032331499438,None + Linear-SVM,unconscious,unconscious,False,Image,False,3,4,4,1
767,sub-04,rh-fusiform,0.6071428571428571,0.3105295017040594,0.6666666666666666,0.7089269618332561,None + Linear-SVM,unconscious,unconscious,False,Image,False,3,4,3,1
768,sub-04,rh-fusiform,0.5,-0.31622776601683794,0.0,0.6683810024600803,None + Linear-SVM,unconscious,unconscious,False,Image,False,3,0,2,1
769,sub-04,rh-fusiform,0.52,0.060522753266880246,0.3333333333333333,0.6712107821497513,None + Linear-SVM,unconscious,unconscious,False,Image,False,10,2,3,5
770,sub-04,rh-fusiform,0.7416666666666667,0.349697526139891,0.5882352941176471,0.6730669775298046,None + Linear-SVM,unconscious,unconscious,False,Image,False,11,5,3,4
771,sub-04,rh-fusiform,0.6166666666666667,0.33149677206589795,0.64,0.6866335754388487,None + Linear-SVM,unconscious,unconscious,False,Image,False,10,8,4,5
772,sub-04,rh-fusiform,0.6666666666666667,0.23570226039551584,0.4615384615384615,0.667346776403167,None + Linear-SVM,unconscious,unconscious,False,Image,False,10,3,2,5
773,sub-04,rh-fusiform,0.5555555555555556,0.25,0.5833333333333334,0.6851854580160548,None + Linear-SVM,unconscious,unconscious,False,Image,False,10,7,5,5
774,sub-04,rh-fusiform,0.36000000000000004,-0.4666666666666667,0.2,0.676119568931581,None + Linear-SVM,unconscious,unconscious,False,Image,False,2,2,3,13
775,sub-04,rh-fusiform,0.4380952380952381,0.09221388919541469,0.39999999999999997,0.6844736671646378,None + Linear-SVM,unconscious,unconscious,False,Image,False,10,3,4,5
776,sub-04,rh-fusiform,0.26666666666666666,-0.4780914437337575,0.11764705882352941,0.6771002258510536,None + Linear-SVM,unconscious,unconscious,False,Image,False,2,1,2,13
777,sub-04,rh-fusiform,0.6761904761904762,0.3563483225498992,0.588235294117647,0.6734178777292935,None + Linear-SVM,unconscious,unconscious,False,Image,False,10,5,2,5
778,sub-04,rh-fusiform,0.4761904761904762,-0.035634832254989916,0.3529411764705882,0.6803721848606922,None + Linear-SVM,unconscious,unconscious,False,Image,False,8,3,4,7
779,sub-04,rh-fusiform,0.6666666666666667,0.3927922024247863,0.631578947368421,0.6712937888341962,None + Linear-SVM,unconscious,unconscious,False,Image,False,11,6,3,4
780,sub-04,rh-fusiform,0.6622222222222223,0.2672612419124244,0.6206896551724138,0.6869528986657731,None + Linear-SVM,unconscious,unconscious,False,Image,False,10,9,6,5
781,sub-04,rh-fusiform,0.43333333333333335,-0.033149677206589796,0.4615384615384615,0.6989226776403482,None + Linear-SVM,unconscious,unconscious,False,Image,False,7,6,6,8
782,sub-04,rh-fusiform,0.6166666666666667,0.20464687117164013,0.4,0.6649572804076028,None + Linear-SVM,unconscious,unconscious,False,Image,False,11,2,2,4
783,sub-04,rh-fusiform,0.45333333333333337,-0.058025885318565944,0.2857142857142857,0.6779313497932845,None + Linear-SVM,unconscious,unconscious,False,Image,False,8,2,3,7
784,sub-04,rh-fusiform,0.5454545454545454,0.14414999403128945,0.5217391304347826,0.6835972933209651,None + Linear-SVM,unconscious,unconscious,False,Image,False,9,6,5,6
785,sub-04,rh-fusiform,0.6933333333333334,0.12598815766974242,0.3636363636363636,0.6686149899780409,None + Linear-SVM,unconscious,unconscious,False,Image,False,11,2,3,4
786,sub-04,rh-fusiform,0.6153846153846154,0.13846153846153847,0.5384615384615384,0.6864098752800069,None + Linear-SVM,unconscious,unconscious,False,Image,False,9,7,6,6
787,sub-04,rh-fusiform,0.42424242424242425,0.12309149097933272,0.47619047619047616,0.6934607114640994,None + Linear-SVM,unconscious,unconscious,False,Image,False,10,5,6,5
788,sub-04,rh-fusiform,0.3666666666666667,0.0,0.30769230769230765,0.6820641898860231,None + Linear-SVM,unconscious,unconscious,False,Image,False,10,2,4,5
789,sub-04,rh-fusiform,0.6,0.02151657414559676,0.2,0.6646043715708014,None + Linear-SVM,unconscious,unconscious,False,Image,False,8,1,1,7
790,sub-04,rh-fusiform,0.6555555555555557,0.3721042037676254,0.5714285714285715,0.6687847241571135,None + Linear-SVM,unconscious,unconscious,False,Image,False,11,4,2,4
791,sub-04,rh-fusiform,0.5166666666666666,-0.015430334996209192,0.22222222222222224,0.6675391352443717,None + Linear-SVM,unconscious,unconscious,False,Image,False,11,1,3,4
792,sub-04,rh-fusiform,0.6153846153846154,0.13846153846153847,0.5384615384615384,0.6868575990659406,None + Linear-SVM,unconscious,unconscious,False,Image,False,9,7,6,6
793,sub-04,rh-fusiform,0.7142857142857142,0.295084445425327,0.5333333333333333,0.669224659977186,None + Linear-SVM,unconscious,unconscious,False,Image,False,11,4,3,4
794,sub-04,rh-fusiform,0.6466666666666667,0.2631806779839076,0.5714285714285713,0.6785197802890973,None + Linear-SVM,unconscious,unconscious,False,Image,False,10,6,4,5
795,sub-04,rh-fusiform,0.8333333333333334,0.5333333333333333,0.6666666666666666,0.6656643216959625,None + Linear-SVM,unconscious,unconscious,False,Image,False,13,4,2,2
796,sub-04,rh-fusiform,0.6787878787878787,0.4804999801042981,0.7200000000000001,0.6808828057672861,None + Linear-SVM,unconscious,unconscious,False,Image,False,10,9,2,5
797,sub-04,rh-fusiform,0.25,-0.3440511766019877,0.13333333333333333,0.6837959730277097,None + Linear-SVM,unconscious,unconscious,False,Image,False,5,1,3,10
798,sub-04,rh-fusiform,0.6363636363636364,0.21212121212121213,0.5454545454545454,0.6811867820131189,None + Linear-SVM,unconscious,unconscious,False,Image,False,10,6,5,5
799,sub-04,rh-fusiform,0.36666666666666664,-0.02439750182371333,0.35294117647058826,0.6981384055628498,None + Linear-SVM,unconscious,unconscious,False,Image,False,9,3,5,6
800,sub-04,rh-fusiform,0.7111111111111111,0.3721042037676254,0.5714285714285715,0.6673321608384116,None + Linear-SVM,unconscious,unconscious,False,Image,False,11,4,2,4
801,sub-04,rh-fusiform,0.36296296296296293,-0.06666666666666667,0.3333333333333333,0.6923471181289923,None + Linear-SVM,unconscious,unconscious,False,Image,False,9,3,6,6
802,sub-04,rh-fusiform,0.5866666666666667,0.23570226039551584,0.4615384615384615,0.6752404447569871,None + Linear-SVM,unconscious,unconscious,False,Image,False,10,3,2,5
803,sub-04,rh-fusiform,0.5428571428571428,0.16035674514745463,0.47058823529411764,0.677523948472131,None + Linear-SVM,unconscious,unconscious,False,Image,False,9,4,3,6
804,sub-04,rh-fusiform,0.5076923076923077,0.13846153846153847,0.5384615384615384,0.6944931581586694,None + Linear-SVM,unconscious,unconscious,False,Image,False,9,7,6,6
805,sub-04,rh-fusiform,0.5066666666666667,0.060522753266880246,0.3333333333333333,0.6716816217645296,None + Linear-SVM,unconscious,unconscious,False,Image,False,10,2,3,5
806,sub-04,rh-fusiform,0.6666666666666667,0.23570226039551584,0.4615384615384615,0.66819354465261,None + Linear-SVM,unconscious,unconscious,False,Image,False,10,3,2,5
807,sub-04,rh-fusiform,0.4888888888888889,-0.050964719143762556,0.2,0.6688683605481384,None + Linear-SVM,unconscious,unconscious,False,Image,False,9,1,2,6
808,sub-04,rh-fusiform,0.4533333333333333,0.03268602252303067,0.45454545454545453,0.6917981356249338,None + Linear-SVM,unconscious,unconscious,False,Image,False,8,5,5,7
809,sub-04,rh-fusiform,0.577777777777778,0.3042903097250923,0.5333333333333333,0.6845348451113589,None + Linear-SVM,unconscious,unconscious,False,Image,False,10,4,2,5
810,sub-04,rh-fusiform,0.4888888888888889,0.09128709291752768,0.4,0.6781867490187073,None + Linear-SVM,unconscious,unconscious,False,Image,False,9,3,3,6
811,sub-04,rh-fusiform,0.625,0.16265001215808886,0.47058823529411764,0.6762651826142388,None + Linear-SVM,unconscious,unconscious,False,Image,False,10,4,4,5
812,sub-04,rh-fusiform,0.5851851851851853,0.21821789023599236,0.5263157894736842,0.68282752075448,None + Linear-SVM,unconscious,unconscious,False,Image,False,10,5,4,5
813,sub-04,rh-fusiform,0.5111111111111111,0.09128709291752768,0.4,0.6775310934034534,None + Linear-SVM,unconscious,unconscious,False,Image,False,9,3,3,6
814,sub-04,rh-fusiform,0.3666666666666667,-0.3337119062359573,0.2105263157894737,0.687859129108856,None + Linear-SVM,unconscious,unconscious,False,Image,False,6,2,6,9
815,sub-04,rh-fusiform,0.5142857142857142,0.09221388919541469,0.39999999999999997,0.6793544298861405,None + Linear-SVM,unconscious,unconscious,False,Image,False,10,3,4,5
816,sub-04,rh-fusiform,0.33333333333333337,-0.23570226039551584,0.0,0.6676435559919434,None + Linear-SVM,unconscious,unconscious,False,Image,False,10,0,2,5
817,sub-04,rh-fusiform,0.7,0.21957751641341997,0.5454545454545454,0.6684045479020428,None + Linear-SVM,unconscious,unconscious,False,Image,False,5,3,2,3
818,sub-04,rh-fusiform,0.8125,0.3779644730092272,0.6666666666666666,0.6760736924863773,None + Linear-SVM,unconscious,unconscious,False,Image,False,6,5,3,2
819,sub-04,rh-fusiform,0.71875,0.25,0.6,0.694063915395243,None + Linear-SVM,unconscious,unconscious,False,Image,False,6,6,6,2
820,sub-04,rh-fusiform,0.7749999999999999,0.35,0.6,0.6658381010824358,None + Linear-SVM,unconscious,unconscious,False,Image,False,6,3,2,2
821,sub-04,rh-fusiform,0.7291666666666667,0.32824397594488725,0.6666666666666666,0.6876329360399975,None + Linear-SVM,unconscious,unconscious,False,Image,False,6,7,5,2
822,sub-04,rh-fusiform,0.675,0.025,0.4000000000000001,0.6663916542023176,None + Linear-SVM,unconscious,unconscious,False,Image,False,5,2,3,3
823,sub-04,rh-fusiform,0.5535714285714286,0.05455447255899809,0.4615384615384615,0.68687551007954,None + Linear-SVM,unconscious,unconscious,False,Image,False,5,3,4,3
824,sub-04,rh-fusiform,0.41666666666666663,-0.14907119849998599,0.25,0.6652976956337795,None + Linear-SVM,unconscious,unconscious,False,Image,False,4,1,2,4
825,sub-04,rh-fusiform,0.8035714285714286,0.4642857142857143,0.7142857142857143,0.674367629108805,None + Linear-SVM,unconscious,unconscious,False,Image,False,6,5,2,2
826,sub-04,rh-fusiform,0.5892857142857143,-0.09449111825230681,0.3333333333333333,0.6819250180484008,None + Linear-SVM,unconscious,unconscious,False,Image,False,5,2,5,3
827,sub-04,rh-fusiform,0.7638888888888888,0.4166666666666667,0.7058823529411765,0.6786750834174516,None + Linear-SVM,unconscious,unconscious,False,Image,False,6,6,3,2
828,sub-04,rh-fusiform,0.7583333333333333,0.39727607885233013,0.7407407407407408,0.7008657427528272,None + Linear-SVM,unconscious,unconscious,False,Image,False,6,10,5,2
829,sub-04,rh-fusiform,0.5833333333333334,0.28721347895177635,0.6956521739130435,0.7109600079043445,None + Linear-SVM,unconscious,unconscious,False,Image,False,5,8,4,3
830,sub-04,rh-fusiform,0.78125,0.408248290463863,0.5714285714285715,0.6585204370059253,None + Linear-SVM,unconscious,unconscious,False,Image,False,7,2,2,1
831,sub-04,rh-fusiform,0.6000000000000001,0.025,0.4000000000000001,0.6702063124856052,None + Linear-SVM,unconscious,unconscious,False,Image,False,5,2,3,3
832,sub-04,rh-fusiform,0.7272727272727273,0.1685499656158105,0.6,0.693894784274918,None + Linear-SVM,unconscious,unconscious,False,Image,False,5,6,5,3
833,sub-04,rh-fusiform,0.725,0.35,0.6,0.6687791545859694,None + Linear-SVM,unconscious,unconscious,False,Image,False,6,3,2,2
834,sub-04,rh-fusiform,0.6826923076923077,0.31137618438976383,0.7199999999999999,0.7000865916013089,None + Linear-SVM,unconscious,unconscious,False,Image,False,5,9,4,3
835,sub-04,rh-fusiform,0.6363636363636364,0.1685499656158105,0.6,0.7039254525296678,None + Linear-SVM,unconscious,unconscious,False,Image,False,5,6,5,3
836,sub-04,rh-fusiform,0.625,0.125,0.5,0.6811462906241881,None + Linear-SVM,unconscious,unconscious,False,Image,False,5,3,3,3
837,sub-04,rh-fusiform,0.6875,0.10206207261596577,0.3333333333333333,0.6513767305803666,None + Linear-SVM,unconscious,unconscious,False,Image,False,5,1,1,3
838,sub-04,rh-fusiform,0.7708333333333333,0.4166666666666667,0.6666666666666666,0.6674683304694112,None + Linear-SVM,unconscious,unconscious,False,Image,False,6,4,2,2
839,sub-04,rh-fusiform,0.71875,0.11952286093343936,0.4444444444444445,0.6617998030507047,None + Linear-SVM,unconscious,unconscious,False,Image,False,5,2,2,3
840,sub-04,rh-fusiform,0.6923076923076923,0.21153846153846154,0.5714285714285714,0.700113676609412,None + Linear-SVM,unconscious,unconscious,False,Image,False,6,6,7,2
841,sub-04,rh-fusiform,0.8214285714285714,0.600099198148979,0.7692307692307692,0.6720799247692006,None + Linear-SVM,unconscious,unconscious,False,Image,False,7,5,2,1
842,sub-04,rh-fusiform,0.8125,0.35,0.6666666666666665,0.6868123428332459,None + Linear-SVM,unconscious,unconscious,False,Image,False,6,6,4,2
843,sub-04,rh-fusiform,0.8333333333333333,0.5594309277855158,0.7272727272727272,0.6646239634966251,None + Linear-SVM,unconscious,unconscious,False,Image,False,7,4,2,1
844,sub-04,rh-fusiform,0.7727272727272727,0.47193990372426947,0.761904761904762,0.6922149552117637,None + Linear-SVM,unconscious,unconscious,False,Image,False,6,8,3,2
845,sub-04,rh-fusiform,0.53125,-0.125,0.25,0.6716309530382243,None + Linear-SVM,unconscious,unconscious,False,Image,False,5,1,3,3
846,sub-04,rh-fusiform,0.75,0.3820465887291705,0.7000000000000001,0.6907870166474719,None + Linear-SVM,unconscious,unconscious,False,Image,False,6,7,4,2
847,sub-04,rh-fusiform,0.4375,0.0,0.42857142857142855,0.7069659186139837,None + Linear-SVM,unconscious,unconscious,False,Image,False,5,3,5,3
848,sub-04,rh-fusiform,0.7708333333333333,0.4166666666666667,0.6666666666666666,0.6674310335457984,None + Linear-SVM,unconscious,unconscious,False,Image,False,6,4,2,2
849,sub-04,rh-fusiform,0.6527777777777778,0.18055555555555555,0.5882352941176471,0.6893647363135549,None + Linear-SVM,unconscious,unconscious,False,Image,False,5,5,4,3
850,sub-04,rh-fusiform,0.7000000000000001,0.5006939628599933,0.6666666666666665,0.6702255621783213,None + Linear-SVM,unconscious,unconscious,False,Image,False,7,3,2,1
851,sub-04,rh-fusiform,0.6785714285714286,0.19642857142857142,0.5714285714285714,0.6767460544528447,None + Linear-SVM,unconscious,unconscious,False,Image,False,5,4,3,3
852,sub-04,rh-fusiform,0.6923076923076923,0.2337367475021143,0.6666666666666667,0.7003195590941997,None + Linear-SVM,unconscious,unconscious,False,Image,False,5,8,5,3
853,sub-04,rh-fusiform,0.675,0.025,0.4000000000000001,0.6679240439980568,None + Linear-SVM,unconscious,unconscious,False,Image,False,5,2,3,3
854,sub-04,rh-fusiform,0.7749999999999999,0.35,0.6,0.6635196837036583,None + Linear-SVM,unconscious,unconscious,False,Image,False,6,3,2,2
855,sub-04,rh-fusiform,0.6666666666666666,-0.03857583749052298,0.28571428571428575,0.6550484795317476,None + Linear-SVM,unconscious,unconscious,False,Image,False,5,1,2,3
856,sub-04,rh-fusiform,0.6875,0.2548235957188128,0.588235294117647,0.6933108083509458,None + Linear-SVM,unconscious,unconscious,False,Image,False,6,5,5,2
857,sub-04,rh-fusiform,0.6458333333333334,0.25819888974716115,0.5454545454545454,0.6716833937619036,None + Linear-SVM,unconscious,unconscious,False,Image,False,6,3,3,2
858,sub-04,rh-fusiform,0.625,0.125,0.5,0.6790189029795494,None + Linear-SVM,unconscious,unconscious,False,Image,False,5,3,3,3
859,sub-04,rh-fusiform,0.71875,0.25,0.625,0.6849382692475746,None + Linear-SVM,unconscious,unconscious,False,Image,False,5,5,3,3
860,sub-04,rh-fusiform,0.7222222222222222,0.3098898934004561,0.6250000000000001,0.6886528327179907,None + Linear-SVM,unconscious,unconscious,False,Image,False,6,5,4,2
861,sub-04,rh-fusiform,0.7083333333333333,0.125,0.5,0.6701811267803175,None + Linear-SVM,unconscious,unconscious,False,Image,False,5,3,3,3
862,sub-04,rh-fusiform,0.578125,-0.13483997249264842,0.3076923076923077,0.6960450718909983,None + Linear-SVM,unconscious,unconscious,False,Image,False,5,2,6,3
863,sub-04,rh-fusiform,0.6249999999999999,0.19642857142857142,0.5714285714285714,0.6823327713653812,None + Linear-SVM,unconscious,unconscious,False,Image,False,5,4,3,3
864,sub-04,rh-fusiform,0.5625,0.0,0.28571428571428575,0.6513960166361392,None + Linear-SVM,unconscious,unconscious,False,Image,False,4,1,1,4
865,sub-04,rh-fusiform,0.5666666666666667,0.06900655593423542,0.4444444444444445,0.6806469821969683,None + Linear-SVM,unconscious,unconscious,False,Image,False,4,2,3,2
866,sub-04,rh-fusiform,0.7708333333333334,0.4583333333333333,0.7142857142857143,0.6852006174955523,None + Linear-SVM,unconscious,unconscious,False,Image,False,5,5,3,1
867,sub-04,rh-fusiform,0.6527777777777778,0.31622776601683794,0.7272727272727272,0.7054422022831406,None + Linear-SVM,unconscious,unconscious,False,Image,False,4,8,4,2
868,sub-04,rh-fusiform,0.7333333333333333,0.26666666666666666,0.6,0.6772985854757816,None + Linear-SVM,unconscious,unconscious,False,Image,False,4,3,2,2
869,sub-04,rh-fusiform,0.6666666666666667,0.31622776601683794,0.7272727272727272,0.7032634781901053,None + Linear-SVM,unconscious,unconscious,False,Image,False,4,8,4,2
870,sub-04,rh-fusiform,0.4666666666666667,-0.26666666666666666,0.3636363636363636,0.6904861360990143,None + Linear-SVM,unconscious,unconscious,False,Image,False,2,2,3,4
871,sub-04,rh-fusiform,0.5238095238095238,0.23809523809523808,0.6153846153846153,0.7056029275100802,None + Linear-SVM,unconscious,unconscious,False,Image,False,4,4,3,2
872,sub-04,rh-fusiform,0.27777777777777773,-0.31622776601683794,0.25,0.7000738614506735,None + Linear-SVM,unconscious,unconscious,False,Image,False,2,1,2,4
873,sub-04,rh-fusiform,0.7142857142857143,0.38095238095238093,0.7142857142857143,0.6864225169589441,None + Linear-SVM,unconscious,unconscious,False,Image,False,4,5,2,2
874,sub-04,rh-fusiform,0.5,-0.07142857142857142,0.4615384615384615,0.6982491818132767,None + Linear-SVM,unconscious,unconscious,False,Image,False,3,3,4,3
875,sub-04,rh-fusiform,0.6666666666666667,0.32732683535398854,0.7058823529411765,0.6893818788965432,None + Linear-SVM,unconscious,unconscious,False,Image,False,4,6,3,2
876,sub-04,rh-fusiform,0.7000000000000001,0.3721042037676254,0.7857142857142856,0.710475171403594,None + Linear-SVM,unconscious,unconscious,False,Image,False,4,11,4,2
877,sub-04,rh-fusiform,0.513888888888889,0.2357022603955158,0.6666666666666666,0.737019909621128,None + Linear-SVM,unconscious,unconscious,False,Image,False,4,7,5,2
878,sub-04,rh-fusiform,0.6666666666666666,0.3563483225498992,0.5714285714285715,0.6723836788288351,None + Linear-SVM,unconscious,unconscious,False,Image,False,5,2,2,1
879,sub-04,rh-fusiform,0.4666666666666666,0.06900655593423542,0.4444444444444445,0.6974446981340081,None + Linear-SVM,unconscious,unconscious,False,Image,False,4,2,3,2
880,sub-04,rh-fusiform,0.5303030303030303,0.2030905986149808,0.631578947368421,0.7074515688459166,None + Linear-SVM,unconscious,unconscious,False,Image,False,4,6,5,2
881,sub-04,rh-fusiform,0.7333333333333334,0.2608745973749754,0.5,0.6829216044830676,None + Linear-SVM,unconscious,unconscious,False,Image,False,5,2,3,1
882,sub-04,rh-fusiform,0.641025641025641,0.3379631847096873,0.7500000000000001,0.7073600437951969,None + Linear-SVM,unconscious,unconscious,False,Image,False,4,9,4,2
883,sub-04,rh-fusiform,0.5,0.11769797726729993,0.5555555555555556,0.7273986531434868,None + Linear-SVM,unconscious,unconscious,False,Image,False,4,5,6,2
884,sub-04,rh-fusiform,0.4722222222222222,0.0,0.4,0.7026444883455758,None + Linear-SVM,unconscious,unconscious,False,Image,False,4,2,4,2
885,sub-04,rh-fusiform,0.5833333333333334,0.14907119849998599,0.4,0.6665322174683281,None + Linear-SVM,unconscious,unconscious,False,Image,False,4,1,1,2
886,sub-04,rh-fusiform,0.6944444444444444,0.50709255283711,0.7272727272727272,0.6779516449010362,None + Linear-SVM,unconscious,unconscious,False,Image,False,5,4,2,1
887,sub-04,rh-fusiform,0.4583333333333333,-0.0890870806374748,0.28571428571428575,0.6793919297460052,None + Linear-SVM,unconscious,unconscious,False,Image,False,4,1,3,2
888,sub-04,rh-fusiform,0.6538461538461539,0.3379631847096873,0.7500000000000001,0.7086128478507895,None + Linear-SVM,unconscious,unconscious,False,Image,False,4,9,4,2
889,sub-04,rh-fusiform,0.7380952380952379,0.5476190476190477,0.7692307692307692,0.680058988203977,None + Linear-SVM,unconscious,unconscious,False,Image,False,5,5,2,1
890,sub-04,rh-fusiform,0.6666666666666666,0.2581988897471611,0.6666666666666665,0.698382692294558,None + Linear-SVM,unconscious,unconscious,False,Image,False,4,6,4,2
891,sub-04,rh-fusiform,0.8055555555555556,0.50709255283711,0.7272727272727272,0.6702197315583365,None + Linear-SVM,unconscious,unconscious,False,Image,False,5,4,2,1
892,sub-04,rh-fusiform,0.787878787878788,0.5367394391967351,0.7999999999999999,0.7038908871494932,None + Linear-SVM,unconscious,unconscious,False,Image,False,5,8,3,1
893,sub-04,rh-fusiform,0.375,-0.25,0.25,0.7018699538982734,None + Linear-SVM,unconscious,unconscious,False,Image,False,3,1,3,3
894,sub-04,rh-fusiform,0.6363636363636365,0.29012942659282975,0.7000000000000001,0.7047486869120501,None + Linear-SVM,unconscious,unconscious,False,Image,False,4,7,4,2
895,sub-04,rh-fusiform,0.3958333333333333,0.04303314829119352,0.4615384615384615,0.7223312435639259,None + Linear-SVM,unconscious,unconscious,False,Image,False,4,3,5,2
896,sub-04,rh-fusiform,0.7777777777777779,0.3535533905932738,0.6,0.6731607765941158,None + Linear-SVM,unconscious,unconscious,False,Image,False,5,3,3,1
897,sub-04,rh-fusiform,0.40740740740740744,-0.16666666666666666,0.4,0.7216901319939449,None + Linear-SVM,unconscious,unconscious,False,Image,False,3,3,6,3
898,sub-04,rh-fusiform,0.6333333333333334,0.4485426135725303,0.6666666666666665,0.6864777555147066,None + Linear-SVM,unconscious,unconscious,False,Image,False,5,3,2,1
899,sub-04,rh-fusiform,0.5714285714285714,0.23809523809523808,0.6153846153846153,0.6916974033000761,None + Linear-SVM,unconscious,unconscious,False,Image,False,4,4,3,2
900,sub-04,rh-fusiform,0.5384615384615385,0.19096396641051544,0.6363636363636364,0.7219709459006616,None + Linear-SVM,unconscious,unconscious,False,Image,False,4,7,6,2
901,sub-04,rh-fusiform,0.6333333333333333,0.26666666666666666,0.6,0.6813106815887189,None + Linear-SVM,unconscious,unconscious,False,Image,False,4,3,2,2
902,sub-04,rh-fusiform,0.7666666666666667,0.4485426135725303,0.6666666666666665,0.6723795054878067,None + Linear-SVM,unconscious,unconscious,False,Image,False,5,3,2,1
903,sub-04,rh-fusiform,0.6111111111111112,0.0,0.3333333333333333,0.6748778795384504,None + Linear-SVM,unconscious,unconscious,False,Image,False,4,1,2,2
904,sub-04,rh-fusiform,0.48333333333333334,0.24370871833797697,0.5333333333333333,0.7118274647670468,None + Linear-SVM,unconscious,unconscious,False,Image,False,5,4,6,1
905,sub-04,rh-fusiform,0.6388888888888891,0.3333333333333333,0.6666666666666666,0.6940293871178871,None + Linear-SVM,unconscious,unconscious,False,Image,False,4,4,2,2
906,sub-04,rh-fusiform,0.4722222222222222,-0.1690308509457033,0.3636363636363636,0.703562999286136,None + Linear-SVM,unconscious,unconscious,False,Image,False,3,2,4,3
907,sub-04,rh-fusiform,0.6458333333333333,0.4583333333333333,0.7142857142857143,0.6961459519400847,None + Linear-SVM,unconscious,unconscious,False,Image,False,5,5,3,1
908,sub-04,rh-fusiform,0.6851851851851852,0.32732683535398854,0.7058823529411765,0.6947754825003506,None + Linear-SVM,unconscious,unconscious,False,Image,False,4,6,3,2
909,sub-04,rh-fusiform,0.5277777777777778,0.1690308509457033,0.5454545454545454,0.6939350781720733,None + Linear-SVM,unconscious,unconscious,False,Image,False,4,3,3,2
910,sub-04,rh-fusiform,0.43749999999999994,0.04303314829119352,0.4615384615384615,0.7128513563599863,None + Linear-SVM,unconscious,unconscious,False,Image,False,4,3,5,2
911,sub-04,rh-fusiform,0.5476190476190477,0.23809523809523808,0.6153846153846153,0.7005797033597208,None + Linear-SVM,unconscious,unconscious,False,Image,False,4,4,3,2
912,sub-04,rh-fusiform,0.33333333333333337,-0.3333333333333333,0.0,0.6757313925742243,None + Linear-SVM,unconscious,unconscious,False,Image,False,4,0,2,2
913,sub-04,rh-fusiform,0.4285714285714286,-0.1690308509457033,0.3636363636363636,0.6981643777138458,None + Linear-SVM,unconscious,unconscious,False,Image,False,3,2,3,4
914,sub-04,rh-fusiform,0.4642857142857143,-0.3424747597107866,0.16666666666666666,0.6943875096366646,None + Linear-SVM,unconscious,unconscious,False,Image,False,4,1,7,3
915,sub-04,rh-fusiform,0.4285714285714286,-0.06900655593423542,0.5454545454545454,0.7153017301211667,None + Linear-SVM,unconscious,unconscious,False,Image,False,3,6,6,4
916,sub-04,rh-fusiform,0.4857142857142857,-0.1690308509457033,0.3636363636363636,0.6861518747088117,None + Linear-SVM,unconscious,unconscious,False,Image,False,3,2,3,4
917,sub-04,rh-fusiform,0.4523809523809524,-0.18531232916527532,0.3333333333333333,0.711856195179288,None + Linear-SVM,unconscious,unconscious,False,Image,False,4,3,9,3
918,sub-04,rh-fusiform,0.4,-0.3142857142857143,0.3333333333333333,0.7002260362845347,None + Linear-SVM,unconscious,unconscious,False,Image,False,2,2,3,5
919,sub-04,rh-fusiform,0.30612244897959184,-0.28867513459481287,0.30769230769230765,0.7149981068915822,None + Linear-SVM,unconscious,unconscious,False,Image,False,3,2,5,4
920,sub-04,rh-fusiform,0.14285714285714285,-0.5345224838248488,0.0,0.7102270919862136,None + Linear-SVM,unconscious,unconscious,False,Image,False,3,0,3,4
921,sub-04,rh-fusiform,0.46938775510204084,0.0,0.5333333333333333,0.6942428638759576,None + Linear-SVM,unconscious,unconscious,False,Image,False,3,4,3,4
922,sub-04,rh-fusiform,0.36734693877551017,-0.28867513459481287,0.30769230769230765,0.7052720999619924,None + Linear-SVM,unconscious,unconscious,False,Image,False,3,2,5,4
923,sub-04,rh-fusiform,0.4285714285714286,-0.09759000729485331,0.4,0.7010815065408691,None + Linear-SVM,unconscious,unconscious,False,Image,False,4,3,6,3
924,sub-04,rh-fusiform,0.48571428571428577,-0.02706659809803834,0.5,0.7129740978651207,None + Linear-SVM,unconscious,unconscious,False,Image,False,4,6,9,3
925,sub-04,rh-fusiform,0.27380952380952384,-0.2326210525996177,0.4,0.7508905392901596,None + Linear-SVM,unconscious,unconscious,False,Image,False,3,4,8,4
926,sub-04,rh-fusiform,0.5,-0.17857142857142858,0.25,0.6847241655195959,None + Linear-SVM,unconscious,unconscious,False,Image,False,4,1,3,3
927,sub-04,rh-fusiform,0.3142857142857143,-0.37142857142857144,0.20000000000000004,0.7163168280631403,None + Linear-SVM,unconscious,unconscious,False,Image,False,3,1,4,4
928,sub-04,rh-fusiform,0.5064935064935066,-0.06493506493506493,0.4444444444444444,0.7131700835195605,None + Linear-SVM,unconscious,unconscious,False,Image,False,4,4,7,3
929,sub-04,rh-fusiform,0.34285714285714286,-0.37142857142857144,0.20000000000000004,0.6948335453114988,None + Linear-SVM,unconscious,unconscious,False,Image,False,3,1,4,4
930,sub-04,rh-fusiform,0.5054945054945055,-0.17910620335162064,0.4545454545454546,0.7106365061391307,None + Linear-SVM,unconscious,unconscious,False,Image,False,3,5,8,4
931,sub-04,rh-fusiform,0.29870129870129875,-0.11396057645963795,0.5,0.7278870927232038,None + Linear-SVM,unconscious,unconscious,False,Image,False,3,5,6,4
932,sub-04,rh-fusiform,0.30952380952380953,-0.23809523809523808,0.3333333333333333,0.7094888723066314,None + Linear-SVM,unconscious,unconscious,False,Image,False,3,2,4,4
933,sub-04,rh-fusiform,0.35714285714285715,-0.47809144373375745,0.0,0.6776965949980664,None + Linear-SVM,unconscious,unconscious,False,Image,False,3,0,2,4
934,sub-04,rh-fusiform,0.4761904761904763,-0.09759000729485333,0.3636363636363636,0.6886229938192637,None + Linear-SVM,unconscious,unconscious,False,Image,False,4,2,4,3
935,sub-04,rh-fusiform,0.4285714285714286,-0.3105295017040594,0.22222222222222224,0.6943851082036214,None + Linear-SVM,unconscious,unconscious,False,Image,False,3,1,3,4
936,sub-04,rh-fusiform,0.4945054945054945,-0.04279604925109129,0.4761904761904762,0.7147041087235022,None + Linear-SVM,unconscious,unconscious,False,Image,False,4,5,8,3
937,sub-04,rh-fusiform,0.5918367346938775,0.0,0.4615384615384615,0.6864922465807507,None + Linear-SVM,unconscious,unconscious,False,Image,False,4,3,4,3
938,sub-04,rh-fusiform,0.5571428571428572,-0.13241022442571243,0.37499999999999994,0.6995950736553418,None + Linear-SVM,unconscious,unconscious,False,Image,False,4,3,7,3
939,sub-04,rh-fusiform,0.5952380952380952,0.21957751641341997,0.5454545454545454,0.6808794108777663,None + Linear-SVM,unconscious,unconscious,False,Image,False,5,3,3,2
940,sub-04,rh-fusiform,0.4545454545454546,-0.26856632724128343,0.25000000000000006,0.7071311842462392,None + Linear-SVM,unconscious,unconscious,False,Image,False,4,2,9,3
941,sub-04,rh-fusiform,0.17857142857142858,-0.4485426135725303,0.2,0.7190128081592135,None + Linear-SVM,unconscious,unconscious,False,Image,False,2,1,3,5
942,sub-04,rh-fusiform,0.49350649350649345,-0.16116459280507606,0.3529411764705882,0.7048355140616939,None + Linear-SVM,unconscious,unconscious,False,Image,False,4,3,8,3
943,sub-04,rh-fusiform,0.25,-0.19642857142857142,0.39999999999999997,0.7377266940285397,None + Linear-SVM,unconscious,unconscious,False,Image,False,3,3,5,4
944,sub-04,rh-fusiform,0.47619047619047616,-0.07142857142857142,0.4615384615384615,0.6898138237446884,None + Linear-SVM,unconscious,unconscious,False,Image,False,3,3,3,4
945,sub-04,rh-fusiform,0.22222222222222227,-0.3578300267477955,0.26666666666666666,0.7299264813972939,None + Linear-SVM,unconscious,unconscious,False,Image,False,3,2,7,4
946,sub-04,rh-fusiform,0.4571428571428572,-0.23904572186687872,0.22222222222222224,0.6948134170350709,None + Linear-SVM,unconscious,unconscious,False,Image,False,4,1,4,3
947,sub-04,rh-fusiform,0.4693877551020408,-0.14907119849998599,0.3333333333333333,0.6992555618802039,None + Linear-SVM,unconscious,unconscious,False,Image,False,4,2,5,3
948,sub-04,rh-fusiform,0.3186813186813187,-0.10482848367219183,0.5217391304347826,0.7293103163236427,None + Linear-SVM,unconscious,unconscious,False,Image,False,3,6,7,4
949,sub-04,rh-fusiform,0.4285714285714286,-0.1690308509457033,0.3636363636363636,0.69695773735457,None + Linear-SVM,unconscious,unconscious,False,Image,False,3,2,3,4
950,sub-04,rh-fusiform,0.5142857142857142,-0.23904572186687872,0.22222222222222224,0.6883758390937191,None + Linear-SVM,unconscious,unconscious,False,Image,False,4,1,4,3
951,sub-04,rh-fusiform,0.33333333333333337,-0.2182178902359924,0.25,0.69104886116845,None + Linear-SVM,unconscious,unconscious,False,Image,False,3,1,2,4
952,sub-04,rh-fusiform,0.41428571428571426,-0.1690308509457033,0.4444444444444445,0.717927549287984,None + Linear-SVM,unconscious,unconscious,False,Image,False,3,4,6,4
953,sub-04,rh-fusiform,0.33333333333333337,-0.07142857142857142,0.4615384615384615,0.7101177535937021,None + Linear-SVM,unconscious,unconscious,False,Image,False,3,3,3,4
954,sub-04,rh-fusiform,0.28571428571428575,-0.23809523809523808,0.3333333333333333,0.7175451029985518,None + Linear-SVM,unconscious,unconscious,False,Image,False,3,2,4,4
955,sub-04,rh-fusiform,0.4642857142857143,-0.18898223650461363,0.3076923076923077,0.7004516625907349,None + Linear-SVM,unconscious,unconscious,False,Image,False,4,2,6,3
956,sub-04,rh-fusiform,0.4126984126984127,-0.015873015873015872,0.5555555555555556,0.7005325377996454,None + Linear-SVM,unconscious,unconscious,False,Image,False,3,5,4,4
957,sub-04,rh-fusiform,0.380952380952381,-0.23809523809523808,0.3333333333333333,0.7045792444044117,None + Linear-SVM,unconscious,unconscious,False,Image,False,3,2,4,4
958,sub-04,rh-fusiform,0.2678571428571429,-0.32732683535398854,0.28571428571428575,0.7220667362671346,None + Linear-SVM,unconscious,unconscious,False,Image,False,3,2,6,4
959,sub-04,rh-fusiform,0.40816326530612246,-0.14285714285714285,0.42857142857142855,0.7054764298247281,None + Linear-SVM,unconscious,unconscious,False,Image,False,3,3,4,4
960,sub-04,rh-fusiform,0.2142857142857143,-0.47809144373375745,0.0,0.6921990224461653,None + Linear-SVM,unconscious,unconscious,False,Image,False,3,0,2,4
961,sub-04,rh-fusiform,0.49090909090909096,-0.050964719143762556,0.3333333333333333,0.6838128356255879,None + Linear-SVM,unconscious,unconscious,False,Image,False,6,2,3,5
962,sub-04,rh-fusiform,0.5795454545454546,0.011631052629980886,0.39999999999999997,0.6829448676381447,None + Linear-SVM,unconscious,unconscious,False,Image,False,7,3,5,4
963,sub-04,rh-fusiform,0.5757575757575758,0.2196969696969697,0.6086956521739131,0.6927881677463654,None + Linear-SVM,unconscious,unconscious,False,Image,False,7,7,5,4
964,sub-04,rh-fusiform,0.6363636363636365,0.034815531191139566,0.3636363636363636,0.6724357010980262,None + Linear-SVM,unconscious,unconscious,False,Image,False,7,2,3,4
965,sub-04,rh-fusiform,0.5454545454545455,0.13740858372430334,0.5454545454545454,0.691932354710124,None + Linear-SVM,unconscious,unconscious,False,Image,False,7,6,6,4
966,sub-04,rh-fusiform,0.4363636363636364,-0.3133397807202561,0.26666666666666666,0.6811819976003284,None + Linear-SVM,unconscious,unconscious,False,Image,False,3,2,3,8
967,sub-04,rh-fusiform,0.4415584415584415,0.06493506493506493,0.42857142857142855,0.6931896818674605,None + Linear-SVM,unconscious,unconscious,False,Image,False,7,3,4,4
968,sub-04,rh-fusiform,0.2424242424242424,-0.3373495424699933,0.16666666666666666,0.6931572458823625,None + Linear-SVM,unconscious,unconscious,False,Image,False,3,1,2,8
969,sub-04,rh-fusiform,0.5194805194805194,-0.025482359571881278,0.39999999999999997,0.6839356773203158,None + Linear-SVM,unconscious,unconscious,False,Image,False,6,3,4,5
970,sub-04,rh-fusiform,0.4805194805194805,-0.2548235957188128,0.26666666666666666,0.6853497235460605,None + Linear-SVM,unconscious,unconscious,False,Image,False,5,2,5,6
971,sub-04,rh-fusiform,0.5656565656565657,0.1919191919191919,0.5555555555555556,0.6843990377404493,None + Linear-SVM,unconscious,unconscious,False,Image,False,7,5,4,4
972,sub-04,rh-fusiform,0.5696969696969697,0.2335496832484569,0.6428571428571429,0.6980320658935999,None + Linear-SVM,unconscious,unconscious,False,Image,False,7,9,6,4
973,sub-04,rh-fusiform,0.36363636363636365,-0.12406456138646277,0.380952380952381,0.7154130908585137,None + Linear-SVM,unconscious,unconscious,False,Image,False,6,4,8,5
974,sub-04,rh-fusiform,0.5454545454545454,0.040291148201269014,0.36363636363636365,0.6738860531611341,None + Linear-SVM,unconscious,unconscious,False,Image,False,6,2,2,5
975,sub-04,rh-fusiform,0.4,-0.050964719143762556,0.3333333333333333,0.6869342768651567,None + Linear-SVM,unconscious,unconscious,False,Image,False,6,2,3,5
976,sub-04,rh-fusiform,0.512396694214876,0.0,0.47619047619047616,0.6940964559324614,None + Linear-SVM,unconscious,unconscious,False,Image,False,6,5,6,5
977,sub-04,rh-fusiform,0.5272727272727272,0.034815531191139566,0.3636363636363636,0.6772722183757182,None + Linear-SVM,unconscious,unconscious,False,Image,False,7,2,3,4
978,sub-04,rh-fusiform,0.5734265734265734,0.16083916083916083,0.6153846153846154,0.6979056272459156,None + Linear-SVM,unconscious,unconscious,False,Image,False,6,8,5,5
979,sub-04,rh-fusiform,0.371900826446281,-0.18257418583505536,0.380952380952381,0.7070370292716647,None + Linear-SVM,unconscious,unconscious,False,Image,False,5,4,7,6
980,sub-04,rh-fusiform,0.36363636363636365,-0.2030905986149808,0.28571428571428575,0.691506963711944,None + Linear-SVM,unconscious,unconscious,False,Image,False,5,2,4,6
981,sub-04,rh-fusiform,0.5,-0.2842676218074806,0.0,0.6705700477471264,None + Linear-SVM,unconscious,unconscious,False,Image,False,7,0,2,4
982,sub-04,rh-fusiform,0.5757575757575758,0.13241022442571243,0.4615384615384615,0.6768029908573483,None + Linear-SVM,unconscious,unconscious,False,Image,False,7,3,3,4
983,sub-04,rh-fusiform,0.47727272727272724,-0.10660035817780521,0.22222222222222224,0.6773139786835498,None + Linear-SVM,unconscious,unconscious,False,Image,False,7,1,3,4
984,sub-04,rh-fusiform,0.5174825174825175,0.006993006993006993,0.4999999999999999,0.6983501247872446,None + Linear-SVM,unconscious,unconscious,False,Image,False,6,6,7,5
985,sub-04,rh-fusiform,0.6753246753246753,0.20385887657505022,0.5333333333333333,0.6770071025884469,None + Linear-SVM,unconscious,unconscious,False,Image,False,7,4,3,4
986,sub-04,rh-fusiform,0.5636363636363636,0.045454545454545456,0.5,0.6893067094220859,None + Linear-SVM,unconscious,unconscious,False,Image,False,6,5,5,5
987,sub-04,rh-fusiform,0.6212121212121212,0.29012942659282975,0.5714285714285715,0.6742624757940112,None + Linear-SVM,unconscious,unconscious,False,Image,False,7,4,2,4
988,sub-04,rh-fusiform,0.5371900826446281,0.09090909090909091,0.5454545454545454,0.6939539000987124,None + Linear-SVM,unconscious,unconscious,False,Image,False,6,6,5,5
989,sub-04,rh-fusiform,0.3181818181818182,-0.2618924633082486,0.18181818181818182,0.688091418062995,None + Linear-SVM,unconscious,unconscious,False,Image,False,5,1,3,6
990,sub-04,rh-fusiform,0.512396694214876,0.0,0.47619047619047616,0.6942099328904207,None + Linear-SVM,unconscious,unconscious,False,Image,False,6,5,6,5
991,sub-04,rh-fusiform,0.3522727272727273,-0.1685499656158105,0.35294117647058826,0.7051054156661024,None + Linear-SVM,unconscious,unconscious,False,Image,False,5,3,5,6
992,sub-04,rh-fusiform,0.6060606060606061,0.13241022442571243,0.4615384615384615,0.674475833072889,None + Linear-SVM,unconscious,unconscious,False,Image,False,7,3,3,4
993,sub-04,rh-fusiform,0.3434343434343434,-0.21212121212121213,0.3333333333333333,0.7079588743321898,None + Linear-SVM,unconscious,unconscious,False,Image,False,5,3,6,6
994,sub-04,rh-fusiform,0.4909090909090909,0.034815531191139566,0.3636363636363636,0.6825341254880752,None + Linear-SVM,unconscious,unconscious,False,Image,False,7,2,3,4
995,sub-04,rh-fusiform,0.5064935064935064,-0.025482359571881278,0.39999999999999997,0.685363142053343,None + Linear-SVM,unconscious,unconscious,False,Image,False,6,3,4,5
996,sub-04,rh-fusiform,0.4825174825174825,0.17482517482517482,0.5833333333333334,0.7014805012800993,None + Linear-SVM,unconscious,unconscious,False,Image,False,7,7,6,4
997,sub-04,rh-fusiform,0.49090909090909085,-0.050964719143762556,0.3333333333333333,0.6824821864962274,None + Linear-SVM,unconscious,unconscious,False,Image,False,6,2,3,5
998,sub-04,rh-fusiform,0.5818181818181818,0.034815531191139566,0.3636363636363636,0.6742516751681303,None + Linear-SVM,unconscious,unconscious,False,Image,False,7,2,3,4
999,sub-04,rh-fusiform,0.48484848484848486,-0.10050378152592121,0.2222222222222222,0.6725920853426466,None + Linear-SVM,unconscious,unconscious,False,Image,False,6,1,2,5
1000,sub-04,rh-fusiform,0.4090909090909091,-0.05504818825631803,0.4210526315789474,0.7015951321416127,None + Linear-SVM,unconscious,unconscious,False,Image,False,6,4,6,5
1001,sub-04,rh-fusiform,0.4696969696969697,0.13241022442571243,0.4615384615384615,0.6871865198855218,None + Linear-SVM,unconscious,unconscious,False,Image,False,7,3,3,4
1002,sub-04,rh-fusiform,0.3181818181818182,-0.2030905986149808,0.28571428571428575,0.6956704376128455,None + Linear-SVM,unconscious,unconscious,False,Image,False,5,2,4,6
1003,sub-04,rh-fusiform,0.44318181818181823,-0.07954545454545454,0.375,0.6892376861910441,None + Linear-SVM,unconscious,unconscious,False,Image,False,6,3,5,5
1004,sub-04,rh-fusiform,0.4949494949494949,0.08206099398622181,0.47058823529411764,0.6905631681697473,None + Linear-SVM,unconscious,unconscious,False,Image,False,7,4,5,4
1005,sub-04,rh-fusiform,0.4696969696969696,-0.030303030303030304,0.3333333333333333,0.6824210365993464,None + Linear-SVM,unconscious,unconscious,False,Image,False,7,2,4,4
1006,sub-04,rh-fusiform,0.375,-0.1685499656158105,0.35294117647058826,0.6955509327025371,None + Linear-SVM,unconscious,unconscious,False,Image,False,5,3,5,6
1007,sub-04,rh-fusiform,0.4675324675324675,0.06493506493506493,0.42857142857142855,0.686701677748503,None + Linear-SVM,unconscious,unconscious,False,Image,False,7,3,4,4
1008,sub-04,rh-fusiform,0.36363636363636365,-0.2842676218074806,0.0,0.6750899762253842,None + Linear-SVM,unconscious,unconscious,False,Image,False,7,0,2,4
1009,sub-04,rh-fusiform,0.4571428571428572,-0.26756477550475344,0.15384615384615385,0.6898794720496922,None + Linear-SVM,unconscious,unconscious,False,Image,False,7,1,4,7
1010,sub-04,rh-fusiform,0.6160714285714286,0.06900655593423542,0.4444444444444445,0.6809307531308245,None + Linear-SVM,unconscious,unconscious,False,Image,False,8,4,4,6
1011,sub-04,rh-fusiform,0.5059523809523809,0.08333333333333333,0.5384615384615384,0.6943056951817191,None + Linear-SVM,unconscious,unconscious,False,Image,False,7,7,5,7
1012,sub-04,rh-fusiform,0.5571428571428572,-0.025482359571881278,0.3076923076923077,0.6786471915862134,None + Linear-SVM,unconscious,unconscious,False,Image,False,8,2,3,6
1013,sub-04,rh-fusiform,0.4821428571428571,0.0,0.48000000000000004,0.6984467272700333,None + Linear-SVM,unconscious,unconscious,False,Image,False,7,6,6,7
1014,sub-04,rh-fusiform,0.4285714285714286,-0.21660005636099086,0.25000000000000006,0.6920376137808499,None + Linear-SVM,unconscious,unconscious,False,Image,False,5,2,3,9
1015,sub-04,rh-fusiform,0.3469387755102041,-0.06741998624632421,0.3529411764705882,0.6954773140466461,None + Linear-SVM,unconscious,unconscious,False,Image,False,7,3,4,7
1016,sub-04,rh-fusiform,0.2857142857142857,-0.378489059622558,0.13333333333333333,0.7045203478393997,None + Linear-SVM,unconscious,unconscious,False,Image,False,3,1,2,11
1017,sub-04,rh-fusiform,0.47959183673469385,-0.06741998624632421,0.3529411764705882,0.6884176812059156,None + Linear-SVM,unconscious,unconscious,False,Image,False,7,3,4,7
1018,sub-04,rh-fusiform,0.3979591836734694,-0.337099931231621,0.2222222222222222,0.6925440596904705,None + Linear-SVM,unconscious,unconscious,False,Image,False,5,2,5,9
1019,sub-04,rh-fusiform,0.5317460317460317,0.1953363462243731,0.5263157894736842,0.6848616490589878,None + Linear-SVM,unconscious,unconscious,False,Image,False,9,5,4,5
1020,sub-04,rh-fusiform,0.5333333333333333,0.038277950117547636,0.5,0.6956332536602605,None + Linear-SVM,unconscious,unconscious,False,Image,False,8,7,8,6
1021,sub-04,rh-fusiform,0.2678571428571429,-0.4804999801042981,0.17391304347826086,0.7313871821057046,None + Linear-SVM,unconscious,unconscious,False,Image,False,5,2,10,9
1022,sub-04,rh-fusiform,0.5178571428571428,-0.15228622596829317,0.18181818181818182,0.6811911095121551,None + Linear-SVM,unconscious,unconscious,False,Image,False,8,1,3,6
1023,sub-04,rh-fusiform,0.4,-0.08819171036881969,0.2857142857142857,0.6949926254901638,None + Linear-SVM,unconscious,unconscious,False,Image,False,7,2,3,7
1024,sub-04,rh-fusiform,0.48051948051948057,-0.045162230233094555,0.43478260869565216,0.694301110472695,None + Linear-SVM,unconscious,unconscious,False,Image,False,7,5,6,7
1025,sub-04,rh-fusiform,0.44285714285714284,-0.08819171036881969,0.2857142857142857,0.6863342632975694,None + Linear-SVM,unconscious,unconscious,False,Image,False,7,2,3,7
1026,sub-04,rh-fusiform,0.554945054945055,-0.038461538461538464,0.46153846153846156,0.6923095708452507,None + Linear-SVM,unconscious,unconscious,False,Image,False,7,6,7,7
1027,sub-04,rh-fusiform,0.3766233766233766,-0.13636363636363635,0.36363636363636365,0.7083432955243559,None + Linear-SVM,unconscious,unconscious,False,Image,False,7,4,7,7
1028,sub-04,rh-fusiform,0.3333333333333333,-0.28511240114923325,0.23529411764705885,0.7021435394775175,None + Linear-SVM,unconscious,unconscious,False,Image,False,5,2,4,9
1029,sub-04,rh-fusiform,0.4642857142857143,-0.3333333333333333,0.0,0.6776955754336051,None + Linear-SVM,unconscious,unconscious,False,Image,False,7,0,2,7
1030,sub-04,rh-fusiform,0.5595238095238095,0.0657951694959769,0.4,0.6822718778411502,None + Linear-SVM,unconscious,unconscious,False,Image,False,8,3,3,6
1031,sub-04,rh-fusiform,0.4285714285714286,-0.2091650066335189,0.16666666666666666,0.6887804572131166,None + Linear-SVM,unconscious,unconscious,False,Image,False,7,1,3,7
1032,sub-04,rh-fusiform,0.5,-0.038461538461538464,0.46153846153846156,0.6961693074467893,None + Linear-SVM,unconscious,unconscious,False,Image,False,7,6,7,7
1033,sub-04,rh-fusiform,0.6122448979591837,0.0,0.375,0.678720540864037,None + Linear-SVM,unconscious,unconscious,False,Image,False,8,3,4,6
1034,sub-04,rh-fusiform,0.5428571428571428,-0.2,0.3,0.6843663935167617,None + Linear-SVM,unconscious,unconscious,False,Image,False,7,3,7,7
1035,sub-04,rh-fusiform,0.6666666666666667,0.2857142857142857,0.5,0.6773323206032251,None + Linear-SVM,unconscious,unconscious,False,Image,False,11,3,3,3
1036,sub-04,rh-fusiform,0.512987012987013,0.045162230233094555,0.4999999999999999,0.6906128363493245,None + Linear-SVM,unconscious,unconscious,False,Image,False,7,6,5,7
1037,sub-04,rh-fusiform,0.24999999999999997,-0.3286878675669582,0.14285714285714288,0.7025708137436877,None + Linear-SVM,unconscious,unconscious,False,Image,False,5,1,3,9
1038,sub-04,rh-fusiform,0.4675324675324675,-0.045162230233094555,0.43478260869565216,0.6977107941939282,None + Linear-SVM,unconscious,unconscious,False,Image,False,7,5,6,7
1039,sub-04,rh-fusiform,0.3214285714285714,-0.18898223650461363,0.3157894736842105,0.7140203092730236,None + Linear-SVM,unconscious,unconscious,False,Image,False,6,3,5,8
1040,sub-04,rh-fusiform,0.5595238095238095,0.0,0.37499999999999994,0.6776274301328561,None + Linear-SVM,unconscious,unconscious,False,Image,False,7,3,3,7
1041,sub-04,rh-fusiform,0.30158730158730157,-0.41096385959265797,0.19999999999999998,0.7179199379456038,None + Linear-SVM,unconscious,unconscious,False,Image,False,5,2,7,9
1042,sub-04,rh-fusiform,0.5,-0.025482359571881278,0.3076923076923077,0.6855820456398954,None + Linear-SVM,unconscious,unconscious,False,Image,False,8,2,3,6
1043,sub-04,rh-fusiform,0.4897959183673469,-0.06741998624632421,0.3529411764705882,0.6892542928453611,None + Linear-SVM,unconscious,unconscious,False,Image,False,7,3,4,7
1044,sub-04,rh-fusiform,0.4560439560439561,-0.038461538461538464,0.46153846153846156,0.7028678951129946,None + Linear-SVM,unconscious,unconscious,False,Image,False,7,6,7,7
1045,sub-04,rh-fusiform,0.4857142857142857,-0.08819171036881969,0.2857142857142857,0.6854330184852435,None + Linear-SVM,unconscious,unconscious,False,Image,False,7,2,3,7
1046,sub-04,rh-fusiform,0.6571428571428573,0.15118578920369088,0.42857142857142855,0.6743601195169242,None + Linear-SVM,unconscious,unconscious,False,Image,False,8,3,2,6
1047,sub-04,rh-fusiform,0.42857142857142855,-0.1272937693043289,0.18181818181818182,0.6812344576950868,None + Linear-SVM,unconscious,unconscious,False,Image,False,7,1,2,7
1048,sub-04,rh-fusiform,0.4214285714285714,-0.1690308509457033,0.3636363636363636,0.7005774530300184,None + Linear-SVM,unconscious,unconscious,False,Image,False,6,4,6,8
1049,sub-04,rh-fusiform,0.4404761904761905,-0.15352206215727945,0.26666666666666666,0.6981671644222269,None + Linear-SVM,unconscious,unconscious,False,Image,False,7,2,4,7
1050,sub-04,rh-fusiform,0.36904761904761907,-0.15352206215727945,0.26666666666666666,0.6970667569279656,None + Linear-SVM,unconscious,unconscious,False,Image,False,7,2,4,7
1051,sub-04,rh-fusiform,0.5267857142857143,0.06900655593423542,0.4444444444444445,0.6843624536239777,None + Linear-SVM,unconscious,unconscious,False,Image,False,8,4,4,6
1052,sub-04,rh-fusiform,0.5158730158730158,0.015626907697949846,0.4210526315789474,0.6892420489403246,None + Linear-SVM,unconscious,unconscious,False,Image,False,8,4,5,6
1053,sub-04,rh-fusiform,0.4523809523809524,-0.2182178902359924,0.25,0.6934452396106093,None + Linear-SVM,unconscious,unconscious,False,Image,False,6,2,4,8
1054,sub-04,rh-fusiform,0.3392857142857143,-0.18898223650461363,0.3157894736842105,0.7009810831835223,None + Linear-SVM,unconscious,unconscious,False,Image,False,6,3,5,8
1055,sub-04,rh-fusiform,0.4081632653061224,-0.13483997249264842,0.33333333333333326,0.6971667408886042,None + Linear-SVM,unconscious,unconscious,False,Image,False,6,3,4,8
1056,sub-04,rh-fusiform,0.25,-0.3779644730092272,0.0,0.6862495181276513,None + Linear-SVM,unconscious,unconscious,False,Image,False,6,0,2,8
1057,sub-04,rh-fusiform,0.48,0.0,0.3636363636363636,0.6818242841703456,None + Linear-SVM,unconscious,unconscious,False,Image,False,6,2,3,4
1058,sub-04,rh-fusiform,0.7,0.07905694150420949,0.42857142857142855,0.6812779204435367,None + Linear-SVM,unconscious,unconscious,False,Image,False,7,3,5,3
1059,sub-04,rh-fusiform,0.4916666666666667,0.1,0.5454545454545454,0.7020739009327003,None + Linear-SVM,unconscious,unconscious,False,Image,False,6,6,6,4
1060,sub-04,rh-fusiform,0.56,0.0,0.3636363636363636,0.677925903996471,None + Linear-SVM,unconscious,unconscious,False,Image,False,6,2,3,4
1061,sub-04,rh-fusiform,0.4583333333333333,0.016878989451394443,0.4761904761904762,0.6999645671560426,None + Linear-SVM,unconscious,unconscious,False,Image,False,6,5,7,4
1062,sub-04,rh-fusiform,0.42000000000000004,-0.28867513459481287,0.2857142857142857,0.6818605012418669,None + Linear-SVM,unconscious,unconscious,False,Image,False,3,2,3,7
1063,sub-04,rh-fusiform,0.38571428571428573,-0.07042952122737638,0.39999999999999997,0.6925841354879791,None + Linear-SVM,unconscious,unconscious,False,Image,False,5,3,4,5
1064,sub-04,rh-fusiform,0.19999999999999998,-0.36514837167011077,0.0,0.6924632702695728,None + Linear-SVM,unconscious,unconscious,False,Image,False,6,0,3,4
1065,sub-04,rh-fusiform,0.5714285714285714,0.02857142857142857,0.42857142857142855,0.685163890748301,None + Linear-SVM,unconscious,unconscious,False,Image,False,6,3,4,4
1066,sub-04,rh-fusiform,0.30000000000000004,-0.45714285714285713,0.14285714285714285,0.6928755270165151,None + Linear-SVM,unconscious,unconscious,False,Image,False,4,1,6,6
1067,sub-04,rh-fusiform,0.6222222222222222,0.2584432806109095,0.5882352941176471,0.6845442848768487,None + Linear-SVM,unconscious,unconscious,False,Image,False,7,5,4,3
1068,sub-04,rh-fusiform,0.6,0.13074409009212268,0.5925925925925926,0.7007577424259233,None + Linear-SVM,unconscious,unconscious,False,Image,False,6,8,7,4
1069,sub-04,rh-fusiform,0.2583333333333333,-0.26666666666666666,0.3636363636363636,0.719175272810804,None + Linear-SVM,unconscious,unconscious,False,Image,False,4,4,8,6
1070,sub-04,rh-fusiform,0.5499999999999999,0.09128709291752768,0.4,0.6789303969742572,None + Linear-SVM,unconscious,unconscious,False,Image,False,6,2,2,4
1071,sub-04,rh-fusiform,0.38,-0.28867513459481287,0.1818181818181818,0.6894797705994379,None + Linear-SVM,unconscious,unconscious,False,Image,False,5,1,4,5
1072,sub-04,rh-fusiform,0.509090909090909,0.14545454545454545,0.5714285714285713,0.6991856648523139,None + Linear-SVM,unconscious,unconscious,False,Image,False,6,6,5,4
1073,sub-04,rh-fusiform,0.54,0.0,0.3636363636363636,0.6788967778512465,None + Linear-SVM,unconscious,unconscious,False,Image,False,6,2,3,4
1074,sub-04,rh-fusiform,0.5384615384615385,-0.015626907697949846,0.4545454545454546,0.7001427595226992,None + Linear-SVM,unconscious,unconscious,False,Image,False,6,5,8,4
1075,sub-04,rh-fusiform,0.3272727272727272,-0.03739787960033829,0.4210526315789474,0.7102218897525905,None + Linear-SVM,unconscious,unconscious,False,Image,False,6,4,7,4
1076,sub-04,rh-fusiform,0.3333333333333333,-0.2581988897471611,0.28571428571428575,0.6919827333765443,None + Linear-SVM,unconscious,unconscious,False,Image,False,4,2,4,6
1077,sub-04,rh-fusiform,0.6,0.07559289460184544,0.28571428571428575,0.6679136390353554,None + Linear-SVM,unconscious,unconscious,False,Image,False,6,1,1,4
1078,sub-04,rh-fusiform,0.5333333333333334,0.09759000729485331,0.4615384615384615,0.6804849685894012,None + Linear-SVM,unconscious,unconscious,False,Image,False,6,3,3,4
1079,sub-04,rh-fusiform,0.4,-0.1414213562373095,0.22222222222222224,0.6812990945075292,None + Linear-SVM,unconscious,unconscious,False,Image,False,6,1,3,4
1080,sub-04,rh-fusiform,0.5230769230769231,0.06153846153846154,0.5217391304347826,0.7018182025877104,None + Linear-SVM,unconscious,unconscious,False,Image,False,6,6,7,4
1081,sub-04,rh-fusiform,0.6,0.02857142857142857,0.42857142857142855,0.6814081395970909,None + Linear-SVM,unconscious,unconscious,False,Image,False,6,3,4,4
1082,sub-04,rh-fusiform,0.61,0.10050378152592121,0.5263157894736842,0.6912902121817432,None + Linear-SVM,unconscious,unconscious,False,Image,False,6,5,5,4
1083,sub-04,rh-fusiform,0.7666666666666666,0.4666666666666667,0.6666666666666666,0.6750655293763617,None + Linear-SVM,unconscious,unconscious,False,Image,False,8,4,2,2
1084,sub-04,rh-fusiform,0.5636363636363636,0.14545454545454545,0.5714285714285713,0.6975626190264623,None + Linear-SVM,unconscious,unconscious,False,Image,False,6,6,5,4
1085,sub-04,rh-fusiform,0.25,-0.31622776601683794,0.18181818181818182,0.6871323852953635,None + Linear-SVM,unconscious,unconscious,False,Image,False,4,1,3,6
1086,sub-04,rh-fusiform,0.5545454545454545,0.14545454545454545,0.5714285714285713,0.6954917357239535,None + Linear-SVM,unconscious,unconscious,False,Image,False,6,6,5,4
1087,sub-04,rh-fusiform,0.32499999999999996,-0.125,0.375,0.7055963117655822,None + Linear-SVM,unconscious,unconscious,False,Image,False,5,3,5,5
1088,sub-04,rh-fusiform,0.6833333333333333,0.2,0.5,0.6747190655036555,None + Linear-SVM,unconscious,unconscious,False,Image,False,7,3,3,3
1089,sub-04,rh-fusiform,0.23333333333333334,-0.47193990372426947,0.3,0.7074630802682877,None + Linear-SVM,unconscious,unconscious,False,Image,False,2,3,6,8
1090,sub-04,rh-fusiform,0.52,0.0,0.3636363636363636,0.6863194573833787,None + Linear-SVM,unconscious,unconscious,False,Image,False,6,2,3,4
1091,sub-04,rh-fusiform,0.5,-0.07042952122737638,0.39999999999999997,0.6860507361073521,None + Linear-SVM,unconscious,unconscious,False,Image,False,5,3,4,5
1092,sub-04,rh-fusiform,0.4153846153846154,-0.0381690510345287,0.4999999999999999,0.7068575494138535,None + Linear-SVM,unconscious,unconscious,False,Image,False,5,6,7,5
1093,sub-04,rh-fusiform,0.48000000000000004,0.0,0.3636363636363636,0.6832393116915114,None + Linear-SVM,unconscious,unconscious,False,Image,False,6,2,3,4
1094,sub-04,rh-fusiform,0.6,0.0,0.3636363636363636,0.6757744565298858,None + Linear-SVM,unconscious,unconscious,False,Image,False,6,2,3,4
1095,sub-04,rh-fusiform,0.2666666666666666,-0.31754264805429416,0.18181818181818182,0.6800844267730952,None + Linear-SVM,unconscious,unconscious,False,Image,False,3,1,2,7
1096,sub-04,rh-fusiform,0.42,0.0,0.4444444444444445,0.7021267846262543,None + Linear-SVM,unconscious,unconscious,False,Image,False,6,4,6,4
1097,sub-04,rh-fusiform,0.5166666666666666,0.09759000729485331,0.4615384615384615,0.6897773171792904,None + Linear-SVM,unconscious,unconscious,False,Image,False,6,3,3,4
1098,sub-04,rh-fusiform,0.26666666666666666,-0.2581988897471611,0.28571428571428575,0.6952920443648882,None + Linear-SVM,unconscious,unconscious,False,Image,False,4,2,4,6
1099,sub-04,rh-fusiform,0.5,0.1,0.5,0.6904980257849648,None + Linear-SVM,unconscious,unconscious,False,Image,False,6,4,4,4
1100,sub-04,rh-fusiform,0.5111111111111111,0.15555555555555556,0.5555555555555556,0.6895667842463835,None + Linear-SVM,unconscious,unconscious,False,Image,False,6,5,4,4
1101,sub-04,rh-fusiform,0.44999999999999996,-0.06666666666666667,0.3333333333333333,0.6872899402435093,None + Linear-SVM,unconscious,unconscious,False,Image,False,6,2,4,4
1102,sub-04,rh-fusiform,0.1625,-0.575,0.125,0.7002996451457908,None + Linear-SVM,unconscious,unconscious,False,Image,False,3,1,7,7
1103,sub-04,rh-fusiform,0.3857142857142857,-0.11769797726729993,0.30769230769230765,0.6921588768969343,None + Linear-SVM,unconscious,unconscious,False,Image,False,6,2,5,4
1104,sub-04,rh-fusiform,0.2,-0.4472135954999579,0.0,0.6797186751387634,None + Linear-SVM,unconscious,unconscious,False,Image,False,4,0,2,6
1105,sub-04,rh-fusiform,0.5,-0.015430334996209192,0.3333333333333333,0.6753204310256842,None + Linear-SVM,unconscious,unconscious,False,Image,False,7,2,3,5
1106,sub-04,rh-fusiform,0.6770833333333334,0.28721347895177635,0.5882352941176471,0.6757565654330877,None + Linear-SVM,unconscious,unconscious,False,Image,False,8,5,3,4
1107,sub-04,rh-fusiform,0.6458333333333334,0.2508726030021272,0.6086956521739131,0.6870937664694218,None + Linear-SVM,unconscious,unconscious,False,Image,False,8,7,5,4
1108,sub-04,rh-fusiform,0.7333333333333334,0.3337119062359573,0.5454545454545454,0.6678441727444498,None + Linear-SVM,unconscious,unconscious,False,Image,False,9,3,2,3
1109,sub-04,rh-fusiform,0.6319444444444444,0.2508726030021272,0.6086956521739131,0.685000760073553,None + Linear-SVM,unconscious,unconscious,False,Image,False,8,7,5,4
1110,sub-04,rh-fusiform,0.4833333333333334,-0.09128709291752769,0.3076923076923077,0.6742046990335705,None + Linear-SVM,unconscious,unconscious,False,Image,False,6,2,3,6
1111,sub-04,rh-fusiform,0.4642857142857143,0.011631052629980886,0.39999999999999997,0.6837387396432932,None + Linear-SVM,unconscious,unconscious,False,Image,False,7,3,4,5
1112,sub-04,rh-fusiform,0.22222222222222224,-0.5833333333333334,0.13333333333333333,0.6857186425852045,None + Linear-SVM,unconscious,unconscious,False,Image,False,1,1,2,11
1113,sub-04,rh-fusiform,0.6309523809523809,0.14951420452417674,0.5,0.6767250691210904,None + Linear-SVM,unconscious,unconscious,False,Image,False,7,4,3,5
1114,sub-04,rh-fusiform,0.40476190476190477,-0.20935894733965593,0.26666666666666666,0.6837917357861404,None + Linear-SVM,unconscious,unconscious,False,Image,False,6,2,5,6
1115,sub-04,rh-fusiform,0.6203703703703703,0.31137618438976383,0.5882352941176471,0.6770155929981362,None + Linear-SVM,unconscious,unconscious,False,Image,False,9,5,4,3
1116,sub-04,rh-fusiform,0.6166666666666667,0.11602387022306429,0.5714285714285715,0.6939648021534758,None + Linear-SVM,unconscious,unconscious,False,Image,False,7,8,7,5
1117,sub-04,rh-fusiform,0.375,-0.1690308509457033,0.3636363636363636,0.7152921953597561,None + Linear-SVM,unconscious,unconscious,False,Image,False,6,4,8,6
1118,sub-04,rh-fusiform,0.625,0.23354968324845687,0.4444444444444445,0.668780255173361,None + Linear-SVM,unconscious,unconscious,False,Image,False,9,2,2,3
1119,sub-04,rh-fusiform,0.3666666666666667,-0.34993385618385614,0.15384615384615385,0.6815189221454874,None + Linear-SVM,unconscious,unconscious,False,Image,False,5,1,4,7
1120,sub-04,rh-fusiform,0.5530303030303031,0.21374668579336073,0.5714285714285713,0.6887599720774227,None + Linear-SVM,unconscious,unconscious,False,Image,False,8,6,5,4
1121,sub-04,rh-fusiform,0.7333333333333334,0.3337119062359573,0.5454545454545454,0.670478602730884,None + Linear-SVM,unconscious,unconscious,False,Image,False,9,3,2,3
1122,sub-04,rh-fusiform,0.5705128205128205,0.045162230233094555,0.4999999999999999,0.693625013558932,None + Linear-SVM,unconscious,unconscious,False,Image,False,7,6,7,5
1123,sub-04,rh-fusiform,0.3939393939393939,-0.13740858372430334,0.380952380952381,0.7026256873302843,None + Linear-SVM,unconscious,unconscious,False,Image,False,6,4,7,6
1124,sub-04,rh-fusiform,0.4027777777777778,-0.15811388300841897,0.28571428571428575,0.6856808985205096,None + Linear-SVM,unconscious,unconscious,False,Image,False,6,2,4,6
1125,sub-04,rh-fusiform,0.6666666666666666,0.12171612389003691,0.28571428571428575,0.660282390456208,None + Linear-SVM,unconscious,unconscious,False,Image,False,8,1,1,4
1126,sub-04,rh-fusiform,0.6527777777777778,0.25,0.5,0.6712644968318262,None + Linear-SVM,unconscious,unconscious,False,Image,False,9,3,3,3
1127,sub-04,rh-fusiform,0.5416666666666667,-0.07273929674533079,0.30769230769230765,0.6679425367916845,None + Linear-SVM,unconscious,unconscious,False,Image,False,5,2,2,7
1128,sub-04,rh-fusiform,0.5641025641025641,0.045162230233094555,0.4999999999999999,0.6932519605712042,None + Linear-SVM,unconscious,unconscious,False,Image,False,7,6,7,5
1129,sub-04,rh-fusiform,0.7380952380952381,0.45361105256925455,0.6666666666666666,0.6706959652058045,None + Linear-SVM,unconscious,unconscious,False,Image,False,9,5,2,3
1130,sub-04,rh-fusiform,0.6666666666666666,0.26666666666666666,0.6,0.6829061632914493,None + Linear-SVM,unconscious,unconscious,False,Image,False,8,6,4,4
1131,sub-04,rh-fusiform,0.7361111111111112,0.5,0.6666666666666666,0.6683955924064116,None + Linear-SVM,unconscious,unconscious,False,Image,False,10,4,2,2
1132,sub-04,rh-fusiform,0.6363636363636364,0.21374668579336073,0.5714285714285713,0.6899021155226714,None + Linear-SVM,unconscious,unconscious,False,Image,False,8,6,5,4
1133,sub-04,rh-fusiform,0.33333333333333337,-0.2886751345948129,0.16666666666666666,0.6762831969026745,None + Linear-SVM,unconscious,unconscious,False,Image,False,5,1,3,7
1134,sub-04,rh-fusiform,0.5833333333333333,0.12406456138646277,0.5,0.6871818232227301,None + Linear-SVM,unconscious,unconscious,False,Image,False,8,5,6,4
1135,sub-04,rh-fusiform,0.40625,0.04279604925109129,0.39999999999999997,0.6999466431555065,None + Linear-SVM,unconscious,unconscious,False,Image,False,8,3,5,4
1136,sub-04,rh-fusiform,0.7361111111111112,0.4029114820126901,0.6153846153846153,0.6655477383580153,None + Linear-SVM,unconscious,unconscious,False,Image,False,9,4,2,3
1137,sub-04,rh-fusiform,0.45370370370370366,-0.24771684715343112,0.3157894736842105,0.6919658945137319,None + Linear-SVM,unconscious,unconscious,False,Image,False,5,3,6,7
1138,sub-04,rh-fusiform,0.5666666666666667,0.06356417261637282,0.3636363636363636,0.6770562316397751,None + Linear-SVM,unconscious,unconscious,False,Image,False,8,2,3,4
1139,sub-04,rh-fusiform,0.5595238095238095,0.011631052629980886,0.39999999999999997,0.6794223894633407,None + Linear-SVM,unconscious,unconscious,False,Image,False,7,3,4,5
1140,sub-04,rh-fusiform,0.5384615384615385,0.12179487179487179,0.5599999999999999,0.6979970897362496,None + Linear-SVM,unconscious,unconscious,False,Image,False,7,7,6,5
1141,sub-04,rh-fusiform,0.5333333333333333,0.06356417261637282,0.3636363636363636,0.6734807387072198,None + Linear-SVM,unconscious,unconscious,False,Image,False,8,2,3,4
1142,sub-04,rh-fusiform,0.7333333333333334,0.3337119062359573,0.5454545454545454,0.6679843428660208,None + Linear-SVM,unconscious,unconscious,False,Image,False,9,3,2,3
1143,sub-04,rh-fusiform,0.5277777777777778,-0.1336306209562122,0.2,0.6668323424948189,None + Linear-SVM,unconscious,unconscious,False,Image,False,6,1,2,6
1144,sub-04,rh-fusiform,0.525,-0.08333333333333333,0.45454545454545453,0.6920470851179101,None + Linear-SVM,unconscious,unconscious,False,Image,False,5,5,5,7
1145,sub-04,rh-fusiform,0.5416666666666667,0.16116459280507606,0.4615384615384615,0.6816960717846412,None + Linear-SVM,unconscious,unconscious,False,Image,False,8,3,3,4
1146,sub-04,rh-fusiform,0.4305555555555556,-0.15811388300841897,0.28571428571428575,0.683297915312876,None + Linear-SVM,unconscious,unconscious,False,Image,False,6,2,4,6
1147,sub-04,rh-fusiform,0.5729166666666667,0.25677629550654774,0.5333333333333333,0.682418236455268,None + Linear-SVM,unconscious,unconscious,False,Image,False,9,4,4,3
1148,sub-04,rh-fusiform,0.6111111111111112,0.13762047064079508,0.5263157894736842,0.6825935705078453,None + Linear-SVM,unconscious,unconscious,False,Image,False,7,5,4,5
1149,sub-04,rh-fusiform,0.5277777777777778,0.0,0.4,0.6770018721102384,None + Linear-SVM,unconscious,unconscious,False,Image,False,6,3,3,6
1150,sub-04,rh-fusiform,0.39583333333333337,-0.12309149097933272,0.35294117647058826,0.6910211316119238,None + Linear-SVM,unconscious,unconscious,False,Image,False,6,3,5,6
1151,sub-04,rh-fusiform,0.48809523809523814,-0.06900655593423542,0.375,0.6837139807208084,None + Linear-SVM,unconscious,unconscious,False,Image,False,6,3,4,6
1152,sub-04,rh-fusiform,0.33333333333333337,-0.2581988897471611,0.0,0.6650977703983976,None + Linear-SVM,unconscious,unconscious,False,Image,False,8,0,2,4
1153,sub-04,rh-fusiform,0.5466666666666666,-0.058025885318565944,0.2857142857142857,0.6640753798980799,None + Linear-SVM,unconscious,unconscious,False,Image,False,8,2,3,7
1154,sub-04,rh-fusiform,0.6833333333333333,0.2802242691589025,0.5555555555555556,0.6649849372943228,None + Linear-SVM,unconscious,unconscious,False,Image,False,10,5,3,5
1155,sub-04,rh-fusiform,0.6111111111111112,0.1,0.5,0.679752364876821,None + Linear-SVM,unconscious,unconscious,False,Image,False,9,6,6,6
1156,sub-04,rh-fusiform,0.6933333333333334,0.11547005383792516,0.4,0.6600261939857887,None + Linear-SVM,unconscious,unconscious,False,Image,False,8,3,2,7
1157,sub-04,rh-fusiform,0.6222222222222222,0.25,0.5833333333333334,0.6734445233998351,None + Linear-SVM,unconscious,unconscious,False,Image,False,10,7,5,5
1158,sub-04,rh-fusiform,0.5866666666666667,-0.11547005383792516,0.26666666666666666,0.6630694673179718,None + Linear-SVM,unconscious,unconscious,False,Image,False,7,2,3,8
1159,sub-04,rh-fusiform,0.4666666666666667,-0.035634832254989916,0.3529411764705882,0.6800859782026895,None + Linear-SVM,unconscious,unconscious,False,Image,False,8,3,4,7
1160,sub-04,rh-fusiform,0.3333333333333333,-0.31622776601683794,0.13333333333333333,0.6692354887024314,None + Linear-SVM,unconscious,unconscious,False,Image,False,4,1,2,11
1161,sub-04,rh-fusiform,0.5714285714285714,-0.035634832254989916,0.3529411764705882,0.6686585800174136,None + Linear-SVM,unconscious,unconscious,False,Image,False,8,3,4,7
1162,sub-04,rh-fusiform,0.48571428571428577,-0.23162640965743445,0.23529411764705882,0.6716168802342584,None + Linear-SVM,unconscious,unconscious,False,Image,False,7,2,5,8
1163,sub-04,rh-fusiform,0.6148148148148148,0.21821789023599236,0.5263157894736842,0.6697333389166963,None + Linear-SVM,unconscious,unconscious,False,Image,False,10,5,4,5
1164,sub-04,rh-fusiform,0.6622222222222223,0.1336306209562122,0.5517241379310344,0.6830770735376334,None + Linear-SVM,unconscious,unconscious,False,Image,False,9,8,7,6
1165,sub-04,rh-fusiform,0.46111111111111114,-0.2,0.3333333333333333,0.6946235144223876,None + Linear-SVM,unconscious,unconscious,False,Image,False,7,4,8,8
1166,sub-04,rh-fusiform,0.55,-0.1789066118330336,0.16666666666666666,0.6619848113439474,None + Linear-SVM,unconscious,unconscious,False,Image,False,8,1,3,7
1167,sub-04,rh-fusiform,0.5599999999999999,0.0,0.3076923076923077,0.6637682614573179,None + Linear-SVM,unconscious,unconscious,False,Image,False,9,2,3,6
1168,sub-04,rh-fusiform,0.6121212121212121,0.14414999403128945,0.5217391304347826,0.6776105947421747,None + Linear-SVM,unconscious,unconscious,False,Image,False,9,6,5,6
1169,sub-04,rh-fusiform,0.5333333333333333,-0.058025885318565944,0.2857142857142857,0.6645282535300767,None + Linear-SVM,unconscious,unconscious,False,Image,False,8,2,3,7
1170,sub-04,rh-fusiform,0.5948717948717949,-0.07161148740394328,0.4444444444444445,0.6812241973717557,None + Linear-SVM,unconscious,unconscious,False,Image,False,7,6,7,8
1171,sub-04,rh-fusiform,0.49090909090909096,-0.0778498944161523,0.41666666666666663,0.6891466463494351,None + Linear-SVM,unconscious,unconscious,False,Image,False,7,5,6,8
1172,sub-04,rh-fusiform,0.48888888888888893,-0.18090680674665818,0.25,0.6729355776325787,None + Linear-SVM,unconscious,unconscious,False,Image,False,7,2,4,8
1173,sub-04,rh-fusiform,0.5,-0.26967994498529685,0.0,0.6586839953100856,None + Linear-SVM,unconscious,unconscious,False,Image,False,9,0,2,6
1174,sub-04,rh-fusiform,0.6666666666666666,0.09128709291752768,0.4,0.6628966547483217,None + Linear-SVM,unconscious,unconscious,False,Image,False,9,3,3,6
1175,sub-04,rh-fusiform,0.55,-0.08257228238447704,0.26666666666666666,0.6631835273259462,None + Linear-SVM,unconscious,unconscious,False,Image,False,6,2,2,9
1176,sub-04,rh-fusiform,0.6000000000000001,-0.005128205128205128,0.46153846153846156,0.6824679394520708,None + Linear-SVM,unconscious,unconscious,False,Image,False,8,6,7,7
1177,sub-04,rh-fusiform,0.6952380952380952,0.16035674514745463,0.47058823529411764,0.6627148848326002,None + Linear-SVM,unconscious,unconscious,False,Image,False,9,4,3,6
1178,sub-04,rh-fusiform,0.66,-0.0657951694959769,0.380952380952381,0.6715860191796551,None + Linear-SVM,unconscious,unconscious,False,Image,False,8,4,6,7
1179,sub-04,rh-fusiform,0.8,0.4472135954999579,0.6153846153846153,0.6566534008560321,None + Linear-SVM,unconscious,unconscious,False,Image,False,12,4,2,3
1180,sub-04,rh-fusiform,0.6121212121212121,0.05454545454545454,0.45454545454545453,0.6761203740296959,None + Linear-SVM,unconscious,unconscious,False,Image,False,9,5,6,6
1181,sub-04,rh-fusiform,0.38333333333333336,-0.23134069792952236,0.15384615384615383,0.6666759127458952,None + Linear-SVM,unconscious,unconscious,False,Image,False,7,1,3,8
1182,sub-04,rh-fusiform,0.6424242424242425,0.05454545454545454,0.45454545454545453,0.6741458866397758,None + Linear-SVM,unconscious,unconscious,False,Image,False,9,5,6,6
1183,sub-04,rh-fusiform,0.35,-0.09607689228305229,0.380952380952381,0.6968767899231123,None + Linear-SVM,unconscious,unconscious,False,Image,False,6,4,4,9
1184,sub-04,rh-fusiform,0.6444444444444444,0.09128709291752768,0.4,0.6619334344051859,None + Linear-SVM,unconscious,unconscious,False,Image,False,9,3,3,6
1185,sub-04,rh-fusiform,0.45925925925925926,-0.1943250826893887,0.3,0.6868860234680488,None + Linear-SVM,unconscious,unconscious,False,Image,False,7,3,6,8
1186,sub-04,rh-fusiform,0.6533333333333335,0.30261376633440124,0.5,0.6628318354253986,None + Linear-SVM,unconscious,unconscious,False,Image,False,11,3,2,4
1187,sub-04,rh-fusiform,0.6095238095238096,-0.035634832254989916,0.3529411764705882,0.6666480698224253,None + Linear-SVM,unconscious,unconscious,False,Image,False,8,3,4,7
1188,sub-04,rh-fusiform,0.5641025641025641,0.13846153846153847,0.5384615384615384,0.6853795398428157,None + Linear-SVM,unconscious,unconscious,False,Image,False,9,7,6,6
1189,sub-04,rh-fusiform,0.5733333333333334,-0.11547005383792516,0.26666666666666666,0.6648417837150583,None + Linear-SVM,unconscious,unconscious,False,Image,False,7,2,3,8
1190,sub-04,rh-fusiform,0.6266666666666667,-0.058025885318565944,0.2857142857142857,0.6591377042124182,None + Linear-SVM,unconscious,unconscious,False,Image,False,8,2,3,7
1191,sub-04,rh-fusiform,0.6222222222222222,-0.050964719143762556,0.2,0.6556827662458411,None + Linear-SVM,unconscious,unconscious,False,Image,False,9,1,2,6
1192,sub-04,rh-fusiform,0.5133333333333333,-0.0657951694959769,0.380952380952381,0.683726171054556,None + Linear-SVM,unconscious,unconscious,False,Image,False,8,4,6,7
1193,sub-04,rh-fusiform,0.6,0.09128709291752768,0.4,0.6620427310603061,None + Linear-SVM,unconscious,unconscious,False,Image,False,9,3,3,6
1194,sub-04,rh-fusiform,0.4555555555555556,-0.062017367294604234,0.28571428571428575,0.6699328126296906,None + Linear-SVM,unconscious,unconscious,False,Image,False,9,2,4,6
1195,sub-04,rh-fusiform,0.6166666666666667,0.16265001215808886,0.47058823529411764,0.6732292023852219,None + Linear-SVM,unconscious,unconscious,False,Image,False,10,4,4,5
1196,sub-04,rh-fusiform,0.5925925925925926,0.08606629658238706,0.4761904761904762,0.6755750365737012,None + Linear-SVM,unconscious,unconscious,False,Image,False,8,5,4,7
1197,sub-04,rh-fusiform,0.5555555555555556,-0.12171612389003691,0.26666666666666666,0.6688387380572736,None + Linear-SVM,unconscious,unconscious,False,Image,False,8,2,4,7
1198,sub-04,rh-fusiform,0.4166666666666667,-0.2722178614686481,0.22222222222222224,0.68607408617978,None + Linear-SVM,unconscious,unconscious,False,Image,False,7,2,6,8
1199,sub-04,rh-fusiform,0.5428571428571429,0.02706659809803834,0.375,0.6718734575634291,None + Linear-SVM,unconscious,unconscious,False,Image,False,9,3,4,6
1200,sub-04,rh-fusiform,0.3666666666666667,-0.23570226039551584,0.0,0.659655389323832,None + Linear-SVM,unconscious,unconscious,False,Image,False,10,0,2,5
1201,sub-04,rh-fusiform,0.5666666666666667,0.06900655593423542,0.4444444444444445,0.6828634215396238,None + Linear-SVM,unconscious,unconscious,False,Image,False,4,2,3,2
1202,sub-04,rh-fusiform,0.75,0.4583333333333333,0.7142857142857143,0.6871909688856094,None + Linear-SVM,unconscious,unconscious,False,Image,False,5,5,3,1
1203,sub-04,rh-fusiform,0.5833333333333333,0.08058229640253803,0.5263157894736842,0.7106850731395667,None + Linear-SVM,unconscious,unconscious,False,Image,False,4,5,7,2
1204,sub-04,rh-fusiform,0.6333333333333333,0.06900655593423542,0.4444444444444445,0.6786607686457138,None + Linear-SVM,unconscious,unconscious,False,Image,False,4,2,3,2
1205,sub-04,rh-fusiform,0.625,0.15811388300841897,0.6,0.7049419385228907,None + Linear-SVM,unconscious,unconscious,False,Image,False,4,6,6,2
1206,sub-04,rh-fusiform,0.5666666666666667,-0.1,0.4000000000000001,0.6853006615566685,None + Linear-SVM,unconscious,unconscious,False,Image,False,3,2,3,3
1207,sub-04,rh-fusiform,0.5,-0.07142857142857142,0.4615384615384615,0.7010648742781174,None + Linear-SVM,unconscious,unconscious,False,Image,False,3,3,4,3
1208,sub-04,rh-fusiform,0.27777777777777773,-0.31622776601683794,0.25,0.6920797815831183,None + Linear-SVM,unconscious,unconscious,False,Image,False,2,1,2,4
1209,sub-04,rh-fusiform,0.6428571428571428,0.09759000729485333,0.5,0.6887415370331268,None + Linear-SVM,unconscious,unconscious,False,Image,False,4,3,4,2
1210,sub-04,rh-fusiform,0.4761904761904762,-0.21957751641341997,0.3333333333333333,0.6991308406340315,None + Linear-SVM,unconscious,unconscious,False,Image,False,3,2,5,3
1211,sub-04,rh-fusiform,0.6481481481481481,0.32732683535398854,0.7058823529411765,0.6937787440024031,None + Linear-SVM,unconscious,unconscious,False,Image,False,4,6,3,2
1212,sub-04,rh-fusiform,0.6333333333333333,0.18090680674665818,0.64,0.7148517044078204,None + Linear-SVM,unconscious,unconscious,False,Image,False,4,8,7,2
1213,sub-04,rh-fusiform,0.36111111111111116,-0.25,0.3333333333333333,0.739781758115736,None + Linear-SVM,unconscious,unconscious,False,Image,False,3,3,9,3
1214,sub-04,rh-fusiform,0.75,0.3563483225498992,0.5714285714285715,0.672599393815199,None + Linear-SVM,unconscious,unconscious,False,Image,False,5,2,2,1
1215,sub-04,rh-fusiform,0.4666666666666667,-0.1,0.4000000000000001,0.6914196073728136,None + Linear-SVM,unconscious,unconscious,False,Image,False,3,2,3,3
1216,sub-04,rh-fusiform,0.5909090909090908,-0.04351941398892446,0.5263157894736842,0.707248434647146,None + Linear-SVM,unconscious,unconscious,False,Image,False,3,5,6,3
1217,sub-04,rh-fusiform,0.5,-0.1,0.4000000000000001,0.6867180755459882,None + Linear-SVM,unconscious,unconscious,False,Image,False,3,2,3,3
1218,sub-04,rh-fusiform,0.6025641025641026,0.049416621110740085,0.5,0.7116653057382079,None + Linear-SVM,unconscious,unconscious,False,Image,False,4,5,8,2
1219,sub-04,rh-fusiform,0.4696969696969696,-0.04351941398892446,0.5263157894736842,0.7222607776299438,None + Linear-SVM,unconscious,unconscious,False,Image,False,3,5,6,3
1220,sub-04,rh-fusiform,0.33333333333333337,-0.1690308509457033,0.3636363636363636,0.7062774935088404,None + Linear-SVM,unconscious,unconscious,False,Image,False,3,2,4,3
1221,sub-04,rh-fusiform,0.5833333333333334,0.0,0.3333333333333333,0.6652808751004806,None + Linear-SVM,unconscious,unconscious,False,Image,False,3,1,1,3
1222,sub-04,rh-fusiform,0.6666666666666667,0.3535533905932738,0.6,0.6827193145237068,None + Linear-SVM,unconscious,unconscious,False,Image,False,5,3,3,1
1223,sub-04,rh-fusiform,0.5416666666666667,-0.25,0.25,0.6816066983894477,None + Linear-SVM,unconscious,unconscious,False,Image,False,3,1,3,3
1224,sub-04,rh-fusiform,0.576923076923077,0.1207011373963169,0.5714285714285714,0.7142282156389139,None + Linear-SVM,unconscious,unconscious,False,Image,False,4,6,7,2
1225,sub-04,rh-fusiform,0.7857142857142857,0.4147575310031266,0.6666666666666666,0.6820158572204859,None + Linear-SVM,unconscious,unconscious,False,Image,False,5,4,3,1
1226,sub-04,rh-fusiform,0.6666666666666667,0.16265001215808886,0.588235294117647,0.7004396901164345,None + Linear-SVM,unconscious,unconscious,False,Image,False,4,5,5,2
1227,sub-04,rh-fusiform,0.7777777777777779,0.50709255283711,0.7272727272727272,0.6783691854035648,None + Linear-SVM,unconscious,unconscious,False,Image,False,5,4,2,1
1228,sub-04,rh-fusiform,0.5757575757575758,0.11769797726729993,0.5555555555555556,0.7073706625160245,None + Linear-SVM,unconscious,unconscious,False,Image,False,4,5,6,2
1229,sub-04,rh-fusiform,0.29166666666666663,-0.25,0.25,0.6955027881509924,None + Linear-SVM,unconscious,unconscious,False,Image,False,3,1,3,3
1230,sub-04,rh-fusiform,0.6363636363636364,0.2030905986149808,0.631578947368421,0.7047545428699044,None + Linear-SVM,unconscious,unconscious,False,Image,False,4,6,5,2
1231,sub-04,rh-fusiform,0.35416666666666663,-0.125,0.42857142857142855,0.7246778575557457,None + Linear-SVM,unconscious,unconscious,False,Image,False,3,3,5,3
1232,sub-04,rh-fusiform,0.6944444444444445,0.3333333333333333,0.6666666666666666,0.6775672707122813,None + Linear-SVM,unconscious,unconscious,False,Image,False,4,4,2,2
1233,sub-04,rh-fusiform,0.46296296296296297,-0.16666666666666666,0.4,0.7150810413005158,None + Linear-SVM,unconscious,unconscious,False,Image,False,3,3,6,3
1234,sub-04,rh-fusiform,0.6333333333333333,0.26666666666666666,0.6,0.6870160159147626,None + Linear-SVM,unconscious,unconscious,False,Image,False,4,3,2,2
1235,sub-04,rh-fusiform,0.5952380952380952,-0.05143444998736397,0.36363636363636365,0.6916444308198074,None + Linear-SVM,unconscious,unconscious,False,Image,False,4,2,5,2
1236,sub-04,rh-fusiform,0.5256410256410257,0.049416621110740085,0.5,0.7180318463938044,None + Linear-SVM,unconscious,unconscious,False,Image,False,4,5,8,2
1237,sub-04,rh-fusiform,0.6000000000000001,0.06900655593423542,0.4444444444444445,0.686013119437153,None + Linear-SVM,unconscious,unconscious,False,Image,False,4,2,3,2
1238,sub-04,rh-fusiform,0.6333333333333333,0.06900655593423542,0.4444444444444445,0.6776274343854057,None + Linear-SVM,unconscious,unconscious,False,Image,False,4,2,3,2
1239,sub-04,rh-fusiform,0.5,-0.15811388300841897,0.28571428571428575,0.6740174938090593,None + Linear-SVM,unconscious,unconscious,False,Image,False,3,1,2,3
1240,sub-04,rh-fusiform,0.5333333333333333,0.0,0.5555555555555556,0.7125115037576053,None + Linear-SVM,unconscious,unconscious,False,Image,False,3,5,5,3
1241,sub-04,rh-fusiform,0.5277777777777778,0.0,0.4,0.695156961012889,None + Linear-SVM,unconscious,unconscious,False,Image,False,4,2,4,2
1242,sub-04,rh-fusiform,0.41666666666666674,-0.1690308509457033,0.3636363636363636,0.7003651965068366,None + Linear-SVM,unconscious,unconscious,False,Image,False,3,2,4,3
1243,sub-04,rh-fusiform,0.625,0.16666666666666666,0.5714285714285715,0.6975790794055448,None + Linear-SVM,unconscious,unconscious,False,Image,False,4,4,4,2
1244,sub-04,rh-fusiform,0.6666666666666667,0.21821789023599236,0.6250000000000001,0.6992594909482956,None + Linear-SVM,unconscious,unconscious,False,Image,False,4,5,4,2
1245,sub-04,rh-fusiform,0.5833333333333334,0.0,0.5,0.6910710504953949,None + Linear-SVM,unconscious,unconscious,False,Image,False,3,3,3,3
1246,sub-04,rh-fusiform,0.4166666666666667,-0.25819888974716115,0.3076923076923077,0.7140507809953335,None + Linear-SVM,unconscious,unconscious,False,Image,False,3,2,6,3
1247,sub-04,rh-fusiform,0.5,-0.07142857142857142,0.4615384615384615,0.699149464596677,None + Linear-SVM,unconscious,unconscious,False,Image,False,3,3,4,3
1248,sub-04,rh-fusiform,0.25,-0.4472135954999579,0.0,0.6746166016694437,None + Linear-SVM,unconscious,unconscious,False,Image,False,3,0,2,3
1249,sub-04,rh-fusiform,0.3777777777777778,-0.34426518632954817,0.1818181818181818,0.7030749570648325,None + Linear-SVM,unconscious,unconscious,False,Image,False,4,1,4,5
1250,sub-04,rh-fusiform,0.5138888888888888,-0.2030905986149808,0.28571428571428575,0.6902630752718437,None + Linear-SVM,unconscious,unconscious,False,Image,False,5,2,6,4
1251,sub-04,rh-fusiform,0.41666666666666674,-0.13762047064079508,0.45454545454545453,0.7152171743577771,None + Linear-SVM,unconscious,unconscious,False,Image,False,4,5,7,5
1252,sub-04,rh-fusiform,0.5111111111111111,-0.04303314829119352,0.3636363636363636,0.6841423470111313,None + Linear-SVM,unconscious,unconscious,False,Image,False,5,2,3,4
1253,sub-04,rh-fusiform,0.41666666666666674,-0.11322770341445958,0.4,0.7092798173053309,None + Linear-SVM,unconscious,unconscious,False,Image,False,5,4,8,4
1254,sub-04,rh-fusiform,0.3777777777777778,-0.37777777777777777,0.2857142857142857,0.6994897909516805,None + Linear-SVM,unconscious,unconscious,False,Image,False,2,2,3,7
1255,sub-04,rh-fusiform,0.3333333333333333,-0.015873015873015872,0.42857142857142855,0.7098416515392635,None + Linear-SVM,unconscious,unconscious,False,Image,False,5,3,4,4
1256,sub-04,rh-fusiform,0.14814814814814814,-0.4879500364742666,0.0,0.7297994198313114,None + Linear-SVM,unconscious,unconscious,False,Image,False,4,0,3,5
1257,sub-04,rh-fusiform,0.4444444444444445,-0.1259881576697424,0.39999999999999997,0.6938213146271472,None + Linear-SVM,unconscious,unconscious,False,Image,False,4,3,4,5
1258,sub-04,rh-fusiform,0.25396825396825395,-0.42289003161103106,0.15384615384615383,0.7068563101029421,None + Linear-SVM,unconscious,unconscious,False,Image,False,4,1,6,5
1259,sub-04,rh-fusiform,0.4814814814814815,0.0,0.47058823529411764,0.6970965934294423,None + Linear-SVM,unconscious,unconscious,False,Image,False,5,4,5,4
1260,sub-04,rh-fusiform,0.4740740740740741,0.021591675854376522,0.5384615384615385,0.7074343395352548,None + Linear-SVM,unconscious,unconscious,False,Image,False,5,7,8,4
1261,sub-04,rh-fusiform,0.20370370370370372,-0.4166666666666667,0.28571428571428575,0.7407169249637648,None + Linear-SVM,unconscious,unconscious,False,Image,False,3,3,9,6
1262,sub-04,rh-fusiform,0.41666666666666663,-0.2828894749305018,0.2,0.6908073548055432,None + Linear-SVM,unconscious,unconscious,False,Image,False,4,1,3,5
1263,sub-04,rh-fusiform,0.3111111111111111,-0.34426518632954817,0.1818181818181818,0.7103847551531823,None + Linear-SVM,unconscious,unconscious,False,Image,False,4,1,4,5
1264,sub-04,rh-fusiform,0.4343434343434343,-0.08206099398622181,0.4210526315789474,0.7092563890901522,None + Linear-SVM,unconscious,unconscious,False,Image,False,5,4,7,4
1265,sub-04,rh-fusiform,0.39999999999999997,-0.14907119849998599,0.3333333333333333,0.6907002126518655,None + Linear-SVM,unconscious,unconscious,False,Image,False,4,2,3,5
1266,sub-04,rh-fusiform,0.46153846153846156,-0.24786324786324787,0.3636363636363637,0.7074155158901695,None + Linear-SVM,unconscious,unconscious,False,Image,False,4,4,9,5
1267,sub-04,rh-fusiform,0.2222222222222222,-0.28721347895177635,0.3157894736842105,0.7235744221009447,None + Linear-SVM,unconscious,unconscious,False,Image,False,4,3,8,5
1268,sub-04,rh-fusiform,0.16666666666666669,-0.49099025303098287,0.15384615384615383,0.727074111255079,None + Linear-SVM,unconscious,unconscious,False,Image,False,3,1,5,6
1269,sub-04,rh-fusiform,0.2777777777777778,-0.43033148291193524,0.0,0.6849651503818953,None + Linear-SVM,unconscious,unconscious,False,Image,False,4,0,2,5
1270,sub-04,rh-fusiform,0.5185185185185185,0.16666666666666666,0.5,0.6873838621998354,None + Linear-SVM,unconscious,unconscious,False,Image,False,6,3,3,3
1271,sub-04,rh-fusiform,0.3611111111111111,-0.2828894749305018,0.2,0.6928650524795427,None + Linear-SVM,unconscious,unconscious,False,Image,False,4,1,3,5
1272,sub-04,rh-fusiform,0.45299145299145305,-0.05982905982905983,0.4545454545454546,0.7114095669439143,None + Linear-SVM,unconscious,unconscious,False,Image,False,5,5,8,4
1273,sub-04,rh-fusiform,0.5555555555555556,-0.015873015873015872,0.42857142857142855,0.6832555069423394,None + Linear-SVM,unconscious,unconscious,False,Image,False,5,3,4,4
1274,sub-04,rh-fusiform,0.3888888888888889,-0.044946657497549475,0.4444444444444445,0.7014080738446492,None + Linear-SVM,unconscious,unconscious,False,Image,False,5,4,6,4
1275,sub-04,rh-fusiform,0.6481481481481483,0.32732683535398854,0.6153846153846153,0.6781688965477151,None + Linear-SVM,unconscious,unconscious,False,Image,False,6,4,2,3
1276,sub-04,rh-fusiform,0.38383838383838387,-0.10050378152592121,0.47619047619047616,0.703223406371061,None + Linear-SVM,unconscious,unconscious,False,Image,False,4,5,6,5
1277,sub-04,rh-fusiform,0.11111111111111113,-0.6172133998483676,0.0,0.712018516266659,None + Linear-SVM,unconscious,unconscious,False,Image,False,3,0,4,6
1278,sub-04,rh-fusiform,0.45454545454545453,0.010101010101010102,0.5,0.7029253983921064,None + Linear-SVM,unconscious,unconscious,False,Image,False,5,5,6,4
1279,sub-04,rh-fusiform,0.18055555555555555,-0.4166666666666667,0.25,0.7356978780271719,None + Linear-SVM,unconscious,unconscious,False,Image,False,3,2,6,6
1280,sub-04,rh-fusiform,0.5370370370370371,-0.1111111111111111,0.3333333333333333,0.6815644850119544,None + Linear-SVM,unconscious,unconscious,False,Image,False,5,2,4,4
1281,sub-04,rh-fusiform,0.19753086419753085,-0.34188172937891387,0.25,0.7306546257269045,None + Linear-SVM,unconscious,unconscious,False,Image,False,4,2,7,5
1282,sub-04,rh-fusiform,0.5333333333333334,-0.04303314829119352,0.3636363636363636,0.6903925855576549,None + Linear-SVM,unconscious,unconscious,False,Image,False,5,2,3,4
1283,sub-04,rh-fusiform,0.4603174603174603,-0.16265001215808886,0.30769230769230765,0.6987779761428148,None + Linear-SVM,unconscious,unconscious,False,Image,False,5,2,5,4
1284,sub-04,rh-fusiform,0.3418803418803419,-0.16878989451394444,0.4347826086956522,0.721320070794455,None + Linear-SVM,unconscious,unconscious,False,Image,False,4,5,8,5
1285,sub-04,rh-fusiform,0.4,-0.14907119849998599,0.3333333333333333,0.6945110577634906,None + Linear-SVM,unconscious,unconscious,False,Image,False,4,2,3,5
1286,sub-04,rh-fusiform,0.5777777777777777,-0.04303314829119352,0.3636363636363636,0.6809763567359696,None + Linear-SVM,unconscious,unconscious,False,Image,False,5,2,3,4
1287,sub-04,rh-fusiform,0.2962962962962963,-0.19245008972987526,0.2222222222222222,0.6921699708755122,None + Linear-SVM,unconscious,unconscious,False,Image,False,4,1,2,5
1288,sub-04,rh-fusiform,0.41111111111111115,-0.044946657497549475,0.4444444444444445,0.7120878360777475,None + Linear-SVM,unconscious,unconscious,False,Image,False,5,4,6,4
1289,sub-04,rh-fusiform,0.3518518518518518,-0.05455447255899809,0.42857142857142855,0.7103287833642272,None + Linear-SVM,unconscious,unconscious,False,Image,False,4,3,3,5
1290,sub-04,rh-fusiform,0.24074074074074073,-0.21821789023599236,0.30769230769230765,0.7121970723648844,None + Linear-SVM,unconscious,unconscious,False,Image,False,4,2,4,5
1291,sub-04,rh-fusiform,0.4444444444444444,-0.07042952122737638,0.39999999999999997,0.6966729258736256,None + Linear-SVM,unconscious,unconscious,False,Image,False,5,3,5,4
1292,sub-04,rh-fusiform,0.4444444444444444,0.0,0.47058823529411764,0.6980750748537572,None + Linear-SVM,unconscious,unconscious,False,Image,False,5,4,5,4
1293,sub-04,rh-fusiform,0.35185185185185186,-0.21821789023599236,0.30769230769230765,0.7006990078478522,None + Linear-SVM,unconscious,unconscious,False,Image,False,4,2,4,5
1294,sub-04,rh-fusiform,0.22222222222222224,-0.4166666666666667,0.25,0.7132305581473467,None + Linear-SVM,unconscious,unconscious,False,Image,False,3,2,6,6
1295,sub-04,rh-fusiform,0.4126984126984127,-0.015873015873015872,0.42857142857142855,0.7022180573390423,None + Linear-SVM,unconscious,unconscious,False,Image,False,5,3,4,4
1296,sub-04,rh-fusiform,0.2222222222222222,-0.43033148291193524,0.0,0.6942997164861949,None + Linear-SVM,unconscious,unconscious,False,Image,False,4,0,2,5
1297,sub-04,rh-fusiform,0.56,0.0,0.4444444444444445,0.6893980572207552,None + Linear-SVM,unconscious,unconscious,False,Image,False,3,2,3,2
1298,sub-04,rh-fusiform,0.7,0.09759000729485333,0.5714285714285715,0.6946254657219726,None + Linear-SVM,unconscious,unconscious,False,Image,False,3,4,4,2
1299,sub-04,rh-fusiform,0.5166666666666666,0.015430334996209192,0.5263157894736842,0.7220684176077823,None + Linear-SVM,unconscious,unconscious,False,Image,False,3,5,7,2
1300,sub-04,rh-fusiform,0.52,-0.2182178902359924,0.25,0.6848325824470981,None + Linear-SVM,unconscious,unconscious,False,Image,False,3,1,4,2
1301,sub-04,rh-fusiform,0.48333333333333334,0.015430334996209192,0.5263157894736842,0.7169384403420034,None + Linear-SVM,unconscious,unconscious,False,Image,False,3,5,7,2
1302,sub-04,rh-fusiform,0.48,0.0,0.4444444444444445,0.6958850680191047,None + Linear-SVM,unconscious,unconscious,False,Image,False,3,2,3,2
1303,sub-04,rh-fusiform,0.48571428571428565,0.02857142857142857,0.5,0.7108178757547169,None + Linear-SVM,unconscious,unconscious,False,Image,False,3,3,4,2
1304,sub-04,rh-fusiform,0.19999999999999998,-0.4472135954999579,0.0,0.7023395116697851,None + Linear-SVM,unconscious,unconscious,False,Image,False,3,0,3,2
1305,sub-04,rh-fusiform,0.6285714285714286,0.02857142857142857,0.5,0.6960256324935551,None + Linear-SVM,unconscious,unconscious,False,Image,False,3,3,4,2
1306,sub-04,rh-fusiform,0.45714285714285713,-0.29277002188455997,0.2,0.7054808447084063,None + Linear-SVM,unconscious,unconscious,False,Image,False,3,1,6,2
1307,sub-04,rh-fusiform,0.6666666666666666,0.34426518632954817,0.6666666666666667,0.6993483154443535,None + Linear-SVM,unconscious,unconscious,False,Image,False,4,5,4,1
1308,sub-04,rh-fusiform,0.6799999999999999,0.11547005383792516,0.64,0.7199632572512489,None + Linear-SVM,unconscious,unconscious,False,Image,False,3,8,7,2
1309,sub-04,rh-fusiform,0.3666666666666667,-0.25064020591380154,0.25,0.7462587880521634,None + Linear-SVM,unconscious,unconscious,False,Image,False,3,2,10,2
1310,sub-04,rh-fusiform,0.5499999999999999,-0.15811388300841897,0.28571428571428575,0.6832164324695096,None + Linear-SVM,unconscious,unconscious,False,Image,False,3,1,3,2
1311,sub-04,rh-fusiform,0.44000000000000006,-0.2182178902359924,0.25,0.7013533662549406,None + Linear-SVM,unconscious,unconscious,False,Image,False,3,1,4,2
1312,sub-04,rh-fusiform,0.5272727272727272,-0.034815531191139566,0.4705882352941177,0.7141045487526247,None + Linear-SVM,unconscious,unconscious,False,Image,False,3,4,7,2
1313,sub-04,rh-fusiform,0.6000000000000001,0.0,0.4444444444444445,0.6884169032915841,None + Linear-SVM,unconscious,unconscious,False,Image,False,3,2,3,2
1314,sub-04,rh-fusiform,0.5846153846153846,-0.08770580193070292,0.42105263157894735,0.7189271032980264,None + Linear-SVM,unconscious,unconscious,False,Image,False,3,4,9,2
1315,sub-04,rh-fusiform,0.3818181818181818,-0.12727272727272726,0.37499999999999994,0.7306779538366988,None + Linear-SVM,unconscious,unconscious,False,Image,False,3,3,8,2
1316,sub-04,rh-fusiform,0.4666666666666666,-0.06900655593423542,0.4,0.7065789091363969,None + Linear-SVM,unconscious,unconscious,False,Image,False,3,2,4,2
1317,sub-04,rh-fusiform,0.4,-0.4,0.0,0.6697962925031968,None + Linear-SVM,unconscious,unconscious,False,Image,False,3,0,2,2
1318,sub-04,rh-fusiform,0.7,0.1,0.5454545454545454,0.6877228007293235,None + Linear-SVM,unconscious,unconscious,False,Image,False,3,3,3,2
1319,sub-04,rh-fusiform,0.55,-0.15811388300841897,0.28571428571428575,0.6857516915174542,None + Linear-SVM,unconscious,unconscious,False,Image,False,3,1,3,2
1320,sub-04,rh-fusiform,0.6153846153846154,0.05547001962252291,0.5714285714285714,0.7195275397126283,None + Linear-SVM,unconscious,unconscious,False,Image,False,3,6,7,2
1321,sub-04,rh-fusiform,0.6857142857142857,0.02857142857142857,0.5,0.6895383077876486,None + Linear-SVM,unconscious,unconscious,False,Image,False,3,3,4,2
1322,sub-04,rh-fusiform,0.62,0.0,0.5,0.7072531644044252,None + Linear-SVM,unconscious,unconscious,False,Image,False,3,4,6,2
1323,sub-04,rh-fusiform,0.8,0.26666666666666666,0.6666666666666666,0.6854407254907678,None + Linear-SVM,unconscious,unconscious,False,Image,False,3,4,2,2
1324,sub-04,rh-fusiform,0.5272727272727273,-0.12727272727272726,0.37499999999999994,0.7147289154191883,None + Linear-SVM,unconscious,unconscious,False,Image,False,3,3,8,2
1325,sub-04,rh-fusiform,0.4,-0.47809144373375745,0.0,0.6945456100023176,None + Linear-SVM,unconscious,unconscious,False,Image,False,3,0,4,2
1326,sub-04,rh-fusiform,0.6181818181818182,0.050964719143762556,0.5555555555555556,0.7126921515647804,None + Linear-SVM,unconscious,unconscious,False,Image,False,3,5,6,2
1327,sub-04,rh-fusiform,0.35000000000000003,-0.15811388300841897,0.3333333333333333,0.7357334513336441,None + Linear-SVM,unconscious,unconscious,False,Image,False,3,2,6,2
1328,sub-04,rh-fusiform,0.7666666666666666,0.3105295017040594,0.6,0.6803772813283951,None + Linear-SVM,unconscious,unconscious,False,Image,False,4,3,3,1
1329,sub-04,rh-fusiform,0.4444444444444445,-0.18856180831641267,0.30769230769230765,0.725839025085518,None + Linear-SVM,unconscious,unconscious,False,Image,False,3,2,7,2
1330,sub-04,rh-fusiform,0.52,0.0,0.4444444444444445,0.6969000113531596,None + Linear-SVM,unconscious,unconscious,False,Image,False,3,2,3,2
1331,sub-04,rh-fusiform,0.5428571428571428,-0.11952286093343936,0.36363636363636365,0.6988835135828769,None + Linear-SVM,unconscious,unconscious,False,Image,False,3,2,5,2
1332,sub-04,rh-fusiform,0.49230769230769234,-0.08770580193070292,0.42105263157894735,0.7276000182633919,None + Linear-SVM,unconscious,unconscious,False,Image,False,3,4,9,2
1333,sub-04,rh-fusiform,0.44000000000000006,-0.2182178902359924,0.25,0.6966323337525763,None + Linear-SVM,unconscious,unconscious,False,Image,False,3,1,4,2
1334,sub-04,rh-fusiform,0.68,0.0,0.4444444444444445,0.6813379799856172,None + Linear-SVM,unconscious,unconscious,False,Image,False,3,2,3,2
1335,sub-04,rh-fusiform,0.4666666666666667,-0.06666666666666667,0.3333333333333333,0.6826146499216268,None + Linear-SVM,unconscious,unconscious,False,Image,False,3,1,2,2
1336,sub-04,rh-fusiform,0.52,-0.1,0.4,0.7193937820737673,None + Linear-SVM,unconscious,unconscious,False,Image,False,3,3,7,2
1337,sub-04,rh-fusiform,0.43333333333333335,-0.06900655593423542,0.4,0.7029796846541323,None + Linear-SVM,unconscious,unconscious,False,Image,False,3,2,4,2
1338,sub-04,rh-fusiform,0.3666666666666667,-0.2608745973749754,0.2222222222222222,0.7080144018207232,None + Linear-SVM,unconscious,unconscious,False,Image,False,3,1,5,2
1339,sub-04,rh-fusiform,0.65,0.3,0.6153846153846154,0.7056912846333787,None + Linear-SVM,unconscious,unconscious,False,Image,False,4,4,4,1
1340,sub-04,rh-fusiform,0.5111111111111111,0.04303314829119352,0.5333333333333333,0.7078561798233997,None + Linear-SVM,unconscious,unconscious,False,Image,False,3,4,5,2
1341,sub-04,rh-fusiform,0.5666666666666667,-0.06900655593423542,0.4,0.6990590372903214,None + Linear-SVM,unconscious,unconscious,False,Image,False,3,2,4,2
1342,sub-04,rh-fusiform,0.425,-0.31754264805429416,0.18181818181818182,0.720288533283881,None + Linear-SVM,unconscious,unconscious,False,Image,False,3,1,7,2
1343,sub-04,rh-fusiform,0.5714285714285714,0.02857142857142857,0.5,0.7056999626125205,None + Linear-SVM,unconscious,unconscious,False,Image,False,3,3,4,2
1344,sub-04,rh-fusiform,0.2,-0.5477225575051661,0.0,0.6831104096887268,None + Linear-SVM,unconscious,unconscious,False,Image,False,2,0,2,3
1345,sub-04,rh-fusiform,0.5636363636363637,0.034815531191139566,0.3636363636363636,0.6698958972030631,None + Linear-SVM,unconscious,unconscious,False,Image,False,7,2,3,4
1346,sub-04,rh-fusiform,0.6590909090909091,0.2584432806109095,0.5882352941176471,0.6770359734062193,None + Linear-SVM,unconscious,unconscious,False,Image,False,7,5,3,4
1347,sub-04,rh-fusiform,0.6363636363636364,0.13740858372430334,0.5454545454545454,0.6898049564620856,None + Linear-SVM,unconscious,unconscious,False,Image,False,7,6,6,4
1348,sub-04,rh-fusiform,0.6363636363636364,-0.050964719143762556,0.3333333333333333,0.6686505665852469,None + Linear-SVM,unconscious,unconscious,False,Image,False,6,2,3,5
1349,sub-04,rh-fusiform,0.6287878787878788,0.045454545454545456,0.5217391304347826,0.6840487117508232,None + Linear-SVM,unconscious,unconscious,False,Image,False,6,6,6,5
1350,sub-04,rh-fusiform,0.509090909090909,-0.13483997249264842,0.3076923076923077,0.6700758376931464,None + Linear-SVM,unconscious,unconscious,False,Image,False,5,2,3,6
1351,sub-04,rh-fusiform,0.42857142857142855,-0.11396057645963795,0.375,0.6858661207794663,None + Linear-SVM,unconscious,unconscious,False,Image,False,5,3,4,6
1352,sub-04,rh-fusiform,0.303030303030303,-0.3373495424699933,0.16666666666666666,0.6712345403229085,None + Linear-SVM,unconscious,unconscious,False,Image,False,3,1,2,8
1353,sub-04,rh-fusiform,0.6753246753246753,0.20385887657505022,0.5333333333333333,0.675120344762338,None + Linear-SVM,unconscious,unconscious,False,Image,False,7,4,3,4
1354,sub-04,rh-fusiform,0.4675324675324675,-0.11396057645963795,0.375,0.6793949727587075,None + Linear-SVM,unconscious,unconscious,False,Image,False,5,3,4,6
1355,sub-04,rh-fusiform,0.6464646464646465,0.1919191919191919,0.5555555555555556,0.6785847291793118,None + Linear-SVM,unconscious,unconscious,False,Image,False,7,5,4,4
1356,sub-04,rh-fusiform,0.6666666666666666,0.0778498944161523,0.5714285714285715,0.6967929309096075,None + Linear-SVM,unconscious,unconscious,False,Image,False,6,8,7,5
1357,sub-04,rh-fusiform,0.4393939393939394,-0.12878787878787878,0.43478260869565216,0.706253231054343,None + Linear-SVM,unconscious,unconscious,False,Image,False,5,5,7,6
1358,sub-04,rh-fusiform,0.6590909090909091,0.12309149097933272,0.4,0.6646784101359985,None + Linear-SVM,unconscious,unconscious,False,Image,False,7,2,2,4
1359,sub-04,rh-fusiform,0.4727272727272727,-0.13483997249264842,0.3076923076923077,0.6733532600019212,None + Linear-SVM,unconscious,unconscious,False,Image,False,5,2,3,6
1360,sub-04,rh-fusiform,0.6033057851239669,0.18257418583505536,0.5714285714285713,0.6888371832040645,None + Linear-SVM,unconscious,unconscious,False,Image,False,7,6,5,4
1361,sub-04,rh-fusiform,0.4727272727272727,-0.050964719143762556,0.3333333333333333,0.6738036827258391,None + Linear-SVM,unconscious,unconscious,False,Image,False,6,2,3,5
1362,sub-04,rh-fusiform,0.5524475524475525,0.006993006993006993,0.4999999999999999,0.6941580785238365,None + Linear-SVM,unconscious,unconscious,False,Image,False,6,6,7,5
1363,sub-04,rh-fusiform,0.4793388429752066,-0.09245003270420485,0.39999999999999997,0.6975955031440543,None + Linear-SVM,unconscious,unconscious,False,Image,False,6,4,7,5
1364,sub-04,rh-fusiform,0.40909090909090906,-0.2030905986149808,0.28571428571428575,0.6823615220409132,None + Linear-SVM,unconscious,unconscious,False,Image,False,5,2,4,6
1365,sub-04,rh-fusiform,0.5454545454545454,0.03289758474798845,0.25,0.6577446540933026,None + Linear-SVM,unconscious,unconscious,False,Image,False,6,1,1,5
1366,sub-04,rh-fusiform,0.696969696969697,0.13241022442571243,0.4615384615384615,0.6696627605211293,None + Linear-SVM,unconscious,unconscious,False,Image,False,7,3,3,4
1367,sub-04,rh-fusiform,0.5454545454545454,-0.10660035817780521,0.22222222222222224,0.6648477518189151,None + Linear-SVM,unconscious,unconscious,False,Image,False,7,1,3,4
1368,sub-04,rh-fusiform,0.6293706293706294,0.08362420100070908,0.5599999999999999,0.6948609254977258,None + Linear-SVM,unconscious,unconscious,False,Image,False,6,7,6,5
1369,sub-04,rh-fusiform,0.6753246753246753,0.20385887657505022,0.5333333333333333,0.6739338419166329,None + Linear-SVM,unconscious,unconscious,False,Image,False,7,4,3,4
1370,sub-04,rh-fusiform,0.7,0.03739787960033829,0.4444444444444445,0.6837440514537384,None + Linear-SVM,unconscious,unconscious,False,Image,False,7,4,6,4
1371,sub-04,rh-fusiform,0.8333333333333334,0.48484848484848486,0.6666666666666666,0.6666713803625559,None + Linear-SVM,unconscious,unconscious,False,Image,False,9,4,2,2
1372,sub-04,rh-fusiform,0.628099173553719,0.18257418583505536,0.5714285714285713,0.6876010974263468,None + Linear-SVM,unconscious,unconscious,False,Image,False,7,6,5,4
1373,sub-04,rh-fusiform,0.38636363636363635,-0.2618924633082486,0.18181818181818182,0.6709711153964135,None + Linear-SVM,unconscious,unconscious,False,Image,False,5,1,3,6
1374,sub-04,rh-fusiform,0.652892561983471,0.09090909090909091,0.5454545454545454,0.6886541454902053,None + Linear-SVM,unconscious,unconscious,False,Image,False,6,6,5,5
1375,sub-04,rh-fusiform,0.38636363636363635,-0.1685499656158105,0.35294117647058826,0.6933956124632856,None + Linear-SVM,unconscious,unconscious,False,Image,False,5,3,5,6
1376,sub-04,rh-fusiform,0.7424242424242424,0.29012942659282975,0.5714285714285715,0.6668152375507022,None + Linear-SVM,unconscious,unconscious,False,Image,False,7,4,2,4
1377,sub-04,rh-fusiform,0.4848484848484848,-0.21212121212121213,0.3333333333333333,0.6898962179188268,None + Linear-SVM,unconscious,unconscious,False,Image,False,5,3,6,6
1378,sub-04,rh-fusiform,0.6363636363636365,0.22084711628963774,0.5,0.6706758918141338,None + Linear-SVM,unconscious,unconscious,False,Image,False,7,3,2,4
1379,sub-04,rh-fusiform,0.5714285714285714,-0.025482359571881278,0.39999999999999997,0.6773990787904078,None + Linear-SVM,unconscious,unconscious,False,Image,False,6,3,4,5
1380,sub-04,rh-fusiform,0.5314685314685316,0.006993006993006993,0.4999999999999999,0.6988567570466907,None + Linear-SVM,unconscious,unconscious,False,Image,False,6,6,7,5
1381,sub-04,rh-fusiform,0.6181818181818182,-0.050964719143762556,0.3333333333333333,0.6689422507471501,None + Linear-SVM,unconscious,unconscious,False,Image,False,6,2,3,5
1382,sub-04,rh-fusiform,0.5636363636363637,-0.050964719143762556,0.3333333333333333,0.6692110172344855,None + Linear-SVM,unconscious,unconscious,False,Image,False,6,2,3,5
1383,sub-04,rh-fusiform,0.48484848484848486,-0.10050378152592121,0.2222222222222222,0.6643565158233548,None + Linear-SVM,unconscious,unconscious,False,Image,False,6,1,2,5
1384,sub-04,rh-fusiform,0.5818181818181818,0.045454545454545456,0.5,0.6890596944738798,None + Linear-SVM,unconscious,unconscious,False,Image,False,6,5,5,5
1385,sub-04,rh-fusiform,0.5757575757575758,0.13241022442571243,0.4615384615384615,0.6738942903792546,None + Linear-SVM,unconscious,unconscious,False,Image,False,7,3,3,4
1386,sub-04,rh-fusiform,0.42424242424242425,-0.11769797726729993,0.30769230769230765,0.6799256684639999,None + Linear-SVM,unconscious,unconscious,False,Image,False,6,2,4,5
1387,sub-04,rh-fusiform,0.6022727272727273,0.13636363636363635,0.5,0.6833204932384216,None + Linear-SVM,unconscious,unconscious,False,Image,False,7,4,4,4
1388,sub-04,rh-fusiform,0.6060606060606061,0.08206099398622181,0.47058823529411764,0.6834314773693033,None + Linear-SVM,unconscious,unconscious,False,Image,False,7,4,5,4
1389,sub-04,rh-fusiform,0.5757575757575757,0.04351941398892446,0.42857142857142855,0.6750572846724137,None + Linear-SVM,unconscious,unconscious,False,Image,False,6,3,3,5
1390,sub-04,rh-fusiform,0.4204545454545454,-0.1685499656158105,0.35294117647058826,0.6907811879411689,None + Linear-SVM,unconscious,unconscious,False,Image,False,5,3,5,6
1391,sub-04,rh-fusiform,0.5324675324675324,-0.025482359571881278,0.39999999999999997,0.6817674870899026,None + Linear-SVM,unconscious,unconscious,False,Image,False,6,3,4,5
1392,sub-04,rh-fusiform,0.36363636363636365,-0.2842676218074806,0.0,0.6616499125947912,None + Linear-SVM,unconscious,unconscious,False,Image,False,7,0,2,4
1393,sub-04,rh-fusiform,0.7666666666666666,0.4485426135725303,0.6666666666666665,0.6700317952419189,None + Linear-SVM,unconscious,unconscious,False,Image,False,5,3,2,1
1394,sub-04,rh-fusiform,0.8125000000000001,0.5773502691896257,0.7999999999999999,0.6803029523678336,None + Linear-SVM,unconscious,unconscious,False,Image,False,5,6,2,1
1395,sub-04,rh-fusiform,0.75,0.5533985905294664,0.8181818181818182,0.6982157719606691,None + Linear-SVM,unconscious,unconscious,False,Image,False,5,9,3,1
1396,sub-04,rh-fusiform,0.8,0.4485426135725303,0.6666666666666665,0.6669884169234651,None + Linear-SVM,unconscious,unconscious,False,Image,False,5,3,2,1
1397,sub-04,rh-fusiform,0.7361111111111112,0.4714045207910316,0.761904761904762,0.6949435783739915,None + Linear-SVM,unconscious,unconscious,False,Image,False,5,8,4,1
1398,sub-04,rh-fusiform,0.6333333333333333,0.06900655593423542,0.4444444444444445,0.6728560353392008,None + Linear-SVM,unconscious,unconscious,False,Image,False,4,2,3,2
1399,sub-04,rh-fusiform,0.6428571428571429,0.23809523809523808,0.6153846153846153,0.6950390724091751,None + Linear-SVM,unconscious,unconscious,False,Image,False,4,4,3,2
1400,sub-04,rh-fusiform,0.3888888888888889,-0.15811388300841897,0.28571428571428575,0.672413958697074,None + Linear-SVM,unconscious,unconscious,False,Image,False,3,1,2,3
1401,sub-04,rh-fusiform,0.8333333333333334,0.5476190476190477,0.7692307692307692,0.6785401284727215,None + Linear-SVM,unconscious,unconscious,False,Image,False,5,5,2,1
1402,sub-04,rh-fusiform,0.6904761904761905,0.38095238095238093,0.7142857142857143,0.6853808995078496,None + Linear-SVM,unconscious,unconscious,False,Image,False,4,5,2,2
1403,sub-04,rh-fusiform,0.7777777777777778,0.49099025303098287,0.75,0.6818220198454299,None + Linear-SVM,unconscious,unconscious,False,Image,False,5,6,3,1
1404,sub-04,rh-fusiform,0.8444444444444446,0.5172935265326569,0.8148148148148148,0.7069417752065714,None + Linear-SVM,unconscious,unconscious,False,Image,False,5,11,4,1
1405,sub-04,rh-fusiform,0.5694444444444445,0.31622776601683794,0.7272727272727272,0.7263784874900553,None + Linear-SVM,unconscious,unconscious,False,Image,False,4,8,4,2
1406,sub-04,rh-fusiform,0.7916666666666667,0.3563483225498992,0.5714285714285715,0.6614636005361314,None + Linear-SVM,unconscious,unconscious,False,Image,False,5,2,2,1
1407,sub-04,rh-fusiform,0.6333333333333333,0.06900655593423542,0.4444444444444445,0.677061537361088,None + Linear-SVM,unconscious,unconscious,False,Image,False,4,2,3,2
1408,sub-04,rh-fusiform,0.696969696969697,0.3825184261187248,0.761904761904762,0.7008619286253078,None + Linear-SVM,unconscious,unconscious,False,Image,False,4,8,3,2
1409,sub-04,rh-fusiform,0.8,0.4485426135725303,0.6666666666666665,0.6707261863627008,None + Linear-SVM,unconscious,unconscious,False,Image,False,5,3,2,1
1410,sub-04,rh-fusiform,0.7820512820512822,0.21794871794871795,0.5263157894736842,0.702526293958418,None + Linear-SVM,unconscious,unconscious,False,Image,False,5,5,8,1
1411,sub-04,rh-fusiform,0.6363636363636364,0.2030905986149808,0.631578947368421,0.7137898695901612,None + Linear-SVM,unconscious,unconscious,False,Image,False,4,6,5,2
1412,sub-04,rh-fusiform,0.6666666666666667,0.3333333333333333,0.6666666666666666,0.6870267624997548,None + Linear-SVM,unconscious,unconscious,False,Image,False,4,4,2,2
1413,sub-04,rh-fusiform,0.7500000000000001,0.3333333333333333,0.5,0.6497769562069693,None + Linear-SVM,unconscious,unconscious,False,Image,False,5,1,1,1
1414,sub-04,rh-fusiform,0.8611111111111112,0.50709255283711,0.7272727272727272,0.6669157494289104,None + Linear-SVM,unconscious,unconscious,False,Image,False,5,4,2,1
1415,sub-04,rh-fusiform,0.7083333333333334,0.16666666666666666,0.5,0.6660816983672169,None + Linear-SVM,unconscious,unconscious,False,Image,False,4,2,2,2
1416,sub-04,rh-fusiform,0.7435897435897436,0.28414557138675545,0.6,0.7044154511331723,None + Linear-SVM,unconscious,unconscious,False,Image,False,5,6,7,1
1417,sub-04,rh-fusiform,0.880952380952381,0.5476190476190477,0.7692307692307692,0.6731560551135846,None + Linear-SVM,unconscious,unconscious,False,Image,False,5,5,2,1
1418,sub-04,rh-fusiform,0.8,0.3333333333333333,0.625,0.6923402306591264,None + Linear-SVM,unconscious,unconscious,False,Image,False,5,5,5,1
1419,sub-04,rh-fusiform,0.9166666666666667,0.50709255283711,0.7272727272727272,0.6641090596351633,None + Linear-SVM,unconscious,unconscious,False,Image,False,5,4,2,1
1420,sub-04,rh-fusiform,0.8030303030303031,0.5367394391967351,0.7999999999999999,0.6977914397589265,None + Linear-SVM,unconscious,unconscious,False,Image,False,5,8,3,1
1421,sub-04,rh-fusiform,0.5833333333333334,0.16666666666666666,0.5,0.6754661279261194,None + Linear-SVM,unconscious,unconscious,False,Image,False,4,2,2,2
1422,sub-04,rh-fusiform,0.7727272727272727,0.4497006112188861,0.7368421052631579,0.69781621965987,None + Linear-SVM,unconscious,unconscious,False,Image,False,5,7,4,1
1423,sub-04,rh-fusiform,0.5625,0.16666666666666666,0.5714285714285715,0.7058138018626308,None + Linear-SVM,unconscious,unconscious,False,Image,False,4,4,4,2
1424,sub-04,rh-fusiform,0.8333333333333335,0.50709255283711,0.7272727272727272,0.6665046524491207,None + Linear-SVM,unconscious,unconscious,False,Image,False,5,4,2,1
1425,sub-04,rh-fusiform,0.6481481481481481,0.21821789023599236,0.6250000000000001,0.7048281860399982,None + Linear-SVM,unconscious,unconscious,False,Image,False,4,5,4,2
1426,sub-04,rh-fusiform,0.7000000000000001,0.4485426135725303,0.6666666666666665,0.6742432947836013,None + Linear-SVM,unconscious,unconscious,False,Image,False,5,3,2,1
1427,sub-04,rh-fusiform,0.8095238095238095,0.5476190476190477,0.7692307692307692,0.6779417505524634,None + Linear-SVM,unconscious,unconscious,False,Image,False,5,5,2,1
1428,sub-04,rh-fusiform,0.7051282051282052,0.41773367652300253,0.7272727272727274,0.7117336418557617,None + Linear-SVM,unconscious,unconscious,False,Image,False,5,8,5,1
1429,sub-04,rh-fusiform,0.8,0.4485426135725303,0.6666666666666665,0.6694763279879976,None + Linear-SVM,unconscious,unconscious,False,Image,False,5,3,2,1
1430,sub-04,rh-fusiform,0.8333333333333334,0.4485426135725303,0.6666666666666665,0.6632404195563824,None + Linear-SVM,unconscious,unconscious,False,Image,False,5,3,2,1
1431,sub-04,rh-fusiform,0.7222222222222223,0.31622776601683794,0.5714285714285715,0.6579974859463099,None + Linear-SVM,unconscious,unconscious,False,Image,False,4,2,1,2
1432,sub-04,rh-fusiform,0.7000000000000001,0.3333333333333333,0.625,0.7011213577822335,None + Linear-SVM,unconscious,unconscious,False,Image,False,5,5,5,1
1433,sub-04,rh-fusiform,0.6666666666666667,0.50709255283711,0.7272727272727272,0.6777310497903323,None + Linear-SVM,unconscious,unconscious,False,Image,False,5,4,2,1
1434,sub-04,rh-fusiform,0.6666666666666667,0.3333333333333333,0.6666666666666666,0.6883020278571733,None + Linear-SVM,unconscious,unconscious,False,Image,False,4,4,2,2
1435,sub-04,rh-fusiform,0.75,0.4583333333333333,0.7142857142857143,0.6904824029111722,None + Linear-SVM,unconscious,unconscious,False,Image,False,5,5,3,1
1436,sub-04,rh-fusiform,0.7777777777777779,0.49099025303098287,0.75,0.6887545514191931,None + Linear-SVM,unconscious,unconscious,False,Image,False,5,6,3,1
1437,sub-04,rh-fusiform,0.7222222222222223,0.3333333333333333,0.6666666666666666,0.6768160107349316,None + Linear-SVM,unconscious,unconscious,False,Image,False,4,4,2,2
1438,sub-04,rh-fusiform,0.6875,0.4166666666666667,0.75,0.7011802586581645,None + Linear-SVM,unconscious,unconscious,False,Image,False,4,6,2,2
1439,sub-04,rh-fusiform,0.6904761904761904,0.38095238095238093,0.7142857142857143,0.6843976326852883,None + Linear-SVM,unconscious,unconscious,False,Image,False,4,5,2,2
1440,sub-04,rh-fusiform,0.5,-0.2182178902359924,0.0,0.6560990393614069,None + Linear-SVM,unconscious,unconscious,False,Image,False,5,0,2,1
1441,sub-04,rh-fusiform,0.68,0.18898223650461363,0.5,0.6661636102087732,None + Linear-SVM,unconscious,unconscious,False,Image,False,6,3,2,4
1442,sub-04,rh-fusiform,0.7875000000000001,0.5533985905294664,0.7142857142857143,0.6781829519839304,None + Linear-SVM,unconscious,unconscious,False,Image,False,9,5,3,1
1443,sub-04,rh-fusiform,0.6833333333333333,0.4666666666666667,0.7272727272727272,0.693103547416218,None + Linear-SVM,unconscious,unconscious,False,Image,False,8,8,4,2
1444,sub-04,rh-fusiform,0.68,0.09449111825230681,0.4615384615384615,0.6711550570576006,None + Linear-SVM,unconscious,unconscious,False,Image,False,5,3,2,5
1445,sub-04,rh-fusiform,0.625,0.18257418583505536,0.6086956521739131,0.6926031995369215,None + Linear-SVM,unconscious,unconscious,False,Image,False,6,7,5,4
1446,sub-04,rh-fusiform,0.54,-0.18898223650461363,0.3076923076923077,0.6700501281150689,None + Linear-SVM,unconscious,unconscious,False,Image,False,4,2,3,6
1447,sub-04,rh-fusiform,0.5428571428571428,0.13241022442571243,0.4615384615384615,0.6886469958533971,None + Linear-SVM,unconscious,unconscious,False,Image,False,7,3,4,3
1448,sub-04,rh-fusiform,0.3333333333333333,-0.42600643361512924,0.16666666666666666,0.6637527168683628,None + Linear-SVM,unconscious,unconscious,False,Image,False,2,1,2,8
1449,sub-04,rh-fusiform,0.7571428571428571,0.3825184261187248,0.6153846153846153,0.676422270449546,None + Linear-SVM,unconscious,unconscious,False,Image,False,8,4,3,2
1450,sub-04,rh-fusiform,0.5285714285714286,-0.07042952122737638,0.39999999999999997,0.6817312863602408,None + Linear-SVM,unconscious,unconscious,False,Image,False,5,3,4,5
1451,sub-04,rh-fusiform,0.6888888888888888,0.47193990372426947,0.7058823529411765,0.6783242590609224,None + Linear-SVM,unconscious,unconscious,False,Image,False,8,6,3,2
1452,sub-04,rh-fusiform,0.7466666666666667,0.3595462477533374,0.7142857142857142,0.6980322321484498,None + Linear-SVM,unconscious,unconscious,False,Image,False,7,10,5,3
1453,sub-04,rh-fusiform,0.525,0.1,0.5454545454545454,0.7088369845125088,None + Linear-SVM,unconscious,unconscious,False,Image,False,6,6,6,4
1454,sub-04,rh-fusiform,0.725,0.3,0.5,0.6644469726796628,None + Linear-SVM,unconscious,unconscious,False,Image,False,8,2,2,2
1455,sub-04,rh-fusiform,0.4600000000000001,-0.09449111825230681,0.3333333333333333,0.6775046147510226,None + Linear-SVM,unconscious,unconscious,False,Image,False,5,2,3,5
1456,sub-04,rh-fusiform,0.6090909090909091,0.14545454545454545,0.5714285714285713,0.6901475417093044,None + Linear-SVM,unconscious,unconscious,False,Image,False,6,6,5,4
1457,sub-04,rh-fusiform,0.76,0.4,0.6,0.6707662287025543,None + Linear-SVM,unconscious,unconscious,False,Image,False,8,3,2,2
1458,sub-04,rh-fusiform,0.6538461538461539,0.13740858372430334,0.5833333333333334,0.6957398687513385,None + Linear-SVM,unconscious,unconscious,False,Image,False,6,7,6,4
1459,sub-04,rh-fusiform,0.4636363636363636,0.05504818825631803,0.5,0.7024009798636162,None + Linear-SVM,unconscious,unconscious,False,Image,False,6,5,6,4
1460,sub-04,rh-fusiform,0.5166666666666666,-0.09759000729485331,0.4,0.6803164735131124,None + Linear-SVM,unconscious,unconscious,False,Image,False,4,3,3,6
1461,sub-04,rh-fusiform,0.7,0.07559289460184544,0.28571428571428575,0.6566389507839789,None + Linear-SVM,unconscious,unconscious,False,Image,False,6,1,1,4
1462,sub-04,rh-fusiform,0.7333333333333334,0.2581988897471611,0.5714285714285715,0.6699463199497868,None + Linear-SVM,unconscious,unconscious,False,Image,False,6,4,2,4
1463,sub-04,rh-fusiform,0.55,-0.18856180831641267,0.30769230769230765,0.6673691142511334,None + Linear-SVM,unconscious,unconscious,False,Image,False,3,2,2,7
1464,sub-04,rh-fusiform,0.6923076923076923,0.23846153846153847,0.608695652173913,0.694907541094068,None + Linear-SVM,unconscious,unconscious,False,Image,False,7,7,6,3
1465,sub-04,rh-fusiform,0.7857142857142857,0.5142857142857142,0.7142857142857143,0.6731134454213665,None + Linear-SVM,unconscious,unconscious,False,Image,False,8,5,2,2
1466,sub-04,rh-fusiform,0.8,0.502518907629606,0.7368421052631577,0.6851058348680249,None + Linear-SVM,unconscious,unconscious,False,Image,False,8,7,3,2
1467,sub-04,rh-fusiform,0.8166666666666667,0.5918640302493726,0.7272727272727272,0.6671429046531394,None + Linear-SVM,unconscious,unconscious,False,Image,False,9,4,2,1
1468,sub-04,rh-fusiform,0.7636363636363637,0.5272727272727272,0.761904761904762,0.691297236764471,None + Linear-SVM,unconscious,unconscious,False,Image,False,8,8,3,2
1469,sub-04,rh-fusiform,0.44999999999999996,-0.05,0.25,0.673343347252415,None + Linear-SVM,unconscious,unconscious,False,Image,False,7,1,3,3
1470,sub-04,rh-fusiform,0.7,0.23636363636363636,0.6363636363636364,0.6888411452224815,None + Linear-SVM,unconscious,unconscious,False,Image,False,6,7,4,4
1471,sub-04,rh-fusiform,0.475,-0.125,0.375,0.6942539634693692,None + Linear-SVM,unconscious,unconscious,False,Image,False,5,3,5,5
1472,sub-04,rh-fusiform,0.8500000000000001,0.5918640302493726,0.7272727272727272,0.6672620495294396,None + Linear-SVM,unconscious,unconscious,False,Image,False,9,4,2,1
1473,sub-04,rh-fusiform,0.5666666666666667,0.044946657497549475,0.47058823529411764,0.6923957422492352,None + Linear-SVM,unconscious,unconscious,False,Image,False,6,4,5,4
1474,sub-04,rh-fusiform,0.7200000000000001,0.533001790889026,0.6666666666666665,0.6695191191310634,None + Linear-SVM,unconscious,unconscious,False,Image,False,9,3,2,1
1475,sub-04,rh-fusiform,0.6714285714285715,0.2714285714285714,0.5714285714285714,0.6770770473221681,None + Linear-SVM,unconscious,unconscious,False,Image,False,7,4,3,3
1476,sub-04,rh-fusiform,0.6230769230769231,0.34379196935489664,0.6363636363636364,0.7012825770657243,None + Linear-SVM,unconscious,unconscious,False,Image,False,8,7,6,2
1477,sub-04,rh-fusiform,0.66,0.09449111825230681,0.4615384615384615,0.6710908616741161,None + Linear-SVM,unconscious,unconscious,False,Image,False,5,3,2,5
1478,sub-04,rh-fusiform,0.8200000000000001,0.4,0.6,0.6656280690595222,None + Linear-SVM,unconscious,unconscious,False,Image,False,8,3,2,2
1479,sub-04,rh-fusiform,0.6666666666666666,0.03042903097250923,0.28571428571428575,0.6632964432594641,None + Linear-SVM,unconscious,unconscious,False,Image,False,7,1,2,3
1480,sub-04,rh-fusiform,0.61,0.10050378152592121,0.5263157894736842,0.691325284053014,None + Linear-SVM,unconscious,unconscious,False,Image,False,6,5,5,4
1481,sub-04,rh-fusiform,0.7000000000000001,0.4666666666666667,0.6666666666666666,0.6761987083737498,None + Linear-SVM,unconscious,unconscious,False,Image,False,8,4,2,2
1482,sub-04,rh-fusiform,0.55,0.0,0.42857142857142855,0.6809449032171011,None + Linear-SVM,unconscious,unconscious,False,Image,False,5,3,3,5
1483,sub-04,rh-fusiform,0.6625000000000001,0.325,0.625,0.6840638590017122,None + Linear-SVM,unconscious,unconscious,False,Image,False,7,5,3,3
1484,sub-04,rh-fusiform,0.6777777777777778,0.3680349649825889,0.6250000000000001,0.6847546118633092,None + Linear-SVM,unconscious,unconscious,False,Image,False,8,5,4,2
1485,sub-04,rh-fusiform,0.6499999999999999,0.2,0.5,0.6743781423323381,None + Linear-SVM,unconscious,unconscious,False,Image,False,7,3,3,3
1486,sub-04,rh-fusiform,0.47500000000000003,-0.125,0.375,0.6926392871702989,None + Linear-SVM,unconscious,unconscious,False,Image,False,5,3,5,5
1487,sub-04,rh-fusiform,0.5857142857142856,0.1690308509457033,0.5333333333333333,0.6827272850513747,None + Linear-SVM,unconscious,unconscious,False,Image,False,6,4,3,4
1488,sub-04,rh-fusiform,0.45,-0.13483997249264842,0.0,0.659186696827214,None + Linear-SVM,unconscious,unconscious,False,Image,False,9,0,2,1
1489,sub-04,rh-fusiform,0.5750000000000001,0.025,0.4000000000000001,0.6812850258323728,None + Linear-SVM,unconscious,unconscious,False,Image,False,5,2,3,3
1490,sub-04,rh-fusiform,0.765625,0.629940788348712,0.823529411764706,0.6865741574012878,None + Linear-SVM,unconscious,unconscious,False,Image,False,6,7,1,2
1491,sub-04,rh-fusiform,0.53125,0.12309149097933272,0.5714285714285715,0.7075424328930435,None + Linear-SVM,unconscious,unconscious,False,Image,False,5,6,6,3
1492,sub-04,rh-fusiform,0.7,0.35,0.6,0.6747532821536606,None + Linear-SVM,unconscious,unconscious,False,Image,False,6,3,2,2
1493,sub-04,rh-fusiform,0.5833333333333334,0.2041241452319315,0.6363636363636365,0.70145652605127,None + Linear-SVM,unconscious,unconscious,False,Image,False,5,7,5,3
1494,sub-04,rh-fusiform,0.42500000000000004,-0.21957751641341997,0.3333333333333333,0.6871161654503861,None + Linear-SVM,unconscious,unconscious,False,Image,False,3,2,3,5
1495,sub-04,rh-fusiform,0.4821428571428571,0.05455447255899809,0.4615384615384615,0.6956449477768898,None + Linear-SVM,unconscious,unconscious,False,Image,False,5,3,4,3
1496,sub-04,rh-fusiform,0.25,-0.38575837490522974,0.2,0.6938443110538257,None + Linear-SVM,unconscious,unconscious,False,Image,False,2,1,2,6
1497,sub-04,rh-fusiform,0.6785714285714286,0.32732683535398854,0.6153846153846153,0.6841404777775401,None + Linear-SVM,unconscious,unconscious,False,Image,False,6,4,3,2
1498,sub-04,rh-fusiform,0.4464285714285714,-0.07142857142857142,0.42857142857142855,0.69083460876854,None + Linear-SVM,unconscious,unconscious,False,Image,False,4,3,4,4
1499,sub-04,rh-fusiform,0.6111111111111112,0.3098898934004561,0.6250000000000001,0.6900926628543109,None + Linear-SVM,unconscious,unconscious,False,Image,False,6,5,4,2
1500,sub-04,rh-fusiform,0.6166666666666667,0.15096490996388545,0.6153846153846153,0.7083712334608725,None + Linear-SVM,unconscious,unconscious,False,Image,False,5,8,7,3
1501,sub-04,rh-fusiform,0.3854166666666667,-0.16666666666666666,0.4,0.7272061789602502,None + Linear-SVM,unconscious,unconscious,False,Image,False,4,4,8,4
1502,sub-04,rh-fusiform,0.625,0.25,0.5,0.6743018230562375,None + Linear-SVM,unconscious,unconscious,False,Image,False,6,2,2,2
1503,sub-04,rh-fusiform,0.375,-0.09759000729485333,0.3636363636363636,0.6879637684804432,None + Linear-SVM,unconscious,unconscious,False,Image,False,4,2,3,4
1504,sub-04,rh-fusiform,0.5340909090909092,0.1685499656158105,0.6,0.7012901309362538,None + Linear-SVM,unconscious,unconscious,False,Image,False,5,6,5,3
1505,sub-04,rh-fusiform,0.7,0.35,0.6,0.6784390032984933,None + Linear-SVM,unconscious,unconscious,False,Image,False,6,3,2,2
1506,sub-04,rh-fusiform,0.6057692307692308,0.1589409883014377,0.608695652173913,0.703708865098666,None + Linear-SVM,unconscious,unconscious,False,Image,False,5,7,6,3
1507,sub-04,rh-fusiform,0.40909090909090906,-0.044946657497549475,0.5,0.7146434463522491,None + Linear-SVM,unconscious,unconscious,False,Image,False,4,5,6,4
1508,sub-04,rh-fusiform,0.3958333333333333,-0.16666666666666666,0.3333333333333333,0.6956369086064427,None + Linear-SVM,unconscious,unconscious,False,Image,False,4,2,4,4
1509,sub-04,rh-fusiform,0.5625,0.0,0.28571428571428575,0.6669237580364192,None + Linear-SVM,unconscious,unconscious,False,Image,False,4,1,1,4
1510,sub-04,rh-fusiform,0.6458333333333334,0.4166666666666667,0.6666666666666666,0.6792856369925514,None + Linear-SVM,unconscious,unconscious,False,Image,False,6,4,2,2
1511,sub-04,rh-fusiform,0.5,0.0,0.28571428571428575,0.674786934139776,None + Linear-SVM,unconscious,unconscious,False,Image,False,6,1,3,2
1512,sub-04,rh-fusiform,0.5288461538461539,0.1589409883014377,0.608695652173913,0.7067205055273801,None + Linear-SVM,unconscious,unconscious,False,Image,False,5,7,6,3
1513,sub-04,rh-fusiform,0.7142857142857142,0.4642857142857143,0.7142857142857143,0.6812250202270657,None + Linear-SVM,unconscious,unconscious,False,Image,False,6,5,2,2
1514,sub-04,rh-fusiform,0.7,0.35,0.6666666666666665,0.6942986776233053,None + Linear-SVM,unconscious,unconscious,False,Image,False,6,6,4,2
1515,sub-04,rh-fusiform,0.7083333333333333,0.4166666666666667,0.6666666666666666,0.6754114337655611,None + Linear-SVM,unconscious,unconscious,False,Image,False,6,4,2,2
1516,sub-04,rh-fusiform,0.7045454545454546,0.47193990372426947,0.761904761904762,0.6998269813973002,None + Linear-SVM,unconscious,unconscious,False,Image,False,6,8,3,2
1517,sub-04,rh-fusiform,0.375,-0.23904572186687872,0.22222222222222224,0.6874477288211658,None + Linear-SVM,unconscious,unconscious,False,Image,False,4,1,3,4
1518,sub-04,rh-fusiform,0.5340909090909091,0.07954545454545454,0.5263157894736842,0.7017880116518076,None + Linear-SVM,unconscious,unconscious,False,Image,False,5,5,6,3
1519,sub-04,rh-fusiform,0.390625,-0.1259881576697424,0.39999999999999997,0.714475853951299,None + Linear-SVM,unconscious,unconscious,False,Image,False,4,3,5,4
1520,sub-04,rh-fusiform,0.75,0.4166666666666667,0.6666666666666666,0.6755026423532166,None + Linear-SVM,unconscious,unconscious,False,Image,False,6,4,2,2
1521,sub-04,rh-fusiform,0.3888888888888889,-0.1690308509457033,0.375,0.7075743192951266,None + Linear-SVM,unconscious,unconscious,False,Image,False,4,3,6,4
1522,sub-04,rh-fusiform,0.6250000000000001,0.35,0.6,0.6827378546309449,None + Linear-SVM,unconscious,unconscious,False,Image,False,6,3,2,2
1523,sub-04,rh-fusiform,0.6428571428571429,0.32732683535398854,0.6153846153846153,0.6843113596720283,None + Linear-SVM,unconscious,unconscious,False,Image,False,6,4,3,2
1524,sub-04,rh-fusiform,0.5192307692307693,0.1589409883014377,0.608695652173913,0.7120694499352871,None + Linear-SVM,unconscious,unconscious,False,Image,False,5,7,6,3
1525,sub-04,rh-fusiform,0.49999999999999994,0.025,0.4000000000000001,0.6851930766994001,None + Linear-SVM,unconscious,unconscious,False,Image,False,5,2,3,3
1526,sub-04,rh-fusiform,0.7,0.35,0.6,0.67607158457864,None + Linear-SVM,unconscious,unconscious,False,Image,False,6,3,2,2
1527,sub-04,rh-fusiform,0.5416666666666666,-0.14907119849998599,0.25,0.67282636779251,None + Linear-SVM,unconscious,unconscious,False,Image,False,4,1,2,4
1528,sub-04,rh-fusiform,0.55,0.125,0.5555555555555556,0.7033954009639106,None + Linear-SVM,unconscious,unconscious,False,Image,False,5,5,5,3
1529,sub-04,rh-fusiform,0.5833333333333334,0.25819888974716115,0.5454545454545454,0.6873654208442626,None + Linear-SVM,unconscious,unconscious,False,Image,False,6,3,3,2
1530,sub-04,rh-fusiform,0.41666666666666663,-0.04303314829119352,0.3636363636363636,0.6939147751781753,None + Linear-SVM,unconscious,unconscious,False,Image,False,5,2,4,3
1531,sub-04,rh-fusiform,0.578125,0.2581988897471611,0.5714285714285715,0.6945878022587605,None + Linear-SVM,unconscious,unconscious,False,Image,False,6,4,4,2
1532,sub-04,rh-fusiform,0.5833333333333333,0.18055555555555555,0.5882352941176471,0.6957826020276588,None + Linear-SVM,unconscious,unconscious,False,Image,False,5,5,4,3
1533,sub-04,rh-fusiform,0.5625,0.125,0.5,0.6852343529008481,None + Linear-SVM,unconscious,unconscious,False,Image,False,5,3,3,3
1534,sub-04,rh-fusiform,0.390625,-0.2581988897471611,0.28571428571428575,0.7036345465815784,None + Linear-SVM,unconscious,unconscious,False,Image,False,4,2,6,4
1535,sub-04,rh-fusiform,0.5,0.05455447255899809,0.4615384615384615,0.693414388009097,None + Linear-SVM,unconscious,unconscious,False,Image,False,5,3,4,3
1536,sub-04,rh-fusiform,0.375,-0.25,0.0,0.6737126319045321,None + Linear-SVM,unconscious,unconscious,False,Image,False,6,0,2,2
1537,sub-04,rh-fusiform,0.6666666666666667,0.2581988897471611,0.6666666666666665,0.6995197698769369,None + Linear-SVM,unconscious,unconscious,False,Image,False,2,3,2,1
1538,sub-04,rh-fusiform,0.7916666666666667,0.5590169943749475,0.7692307692307693,0.709341846399294,None + Linear-SVM,unconscious,unconscious,False,Image,False,3,5,3,0
1539,sub-04,rh-fusiform,0.6111111111111112,0.1336306209562122,0.631578947368421,0.7310427219979565,None + Linear-SVM,unconscious,unconscious,False,Image,False,2,6,6,1
1540,sub-04,rh-fusiform,0.7333333333333334,0.2581988897471611,0.6666666666666665,0.6968585720923757,None + Linear-SVM,unconscious,unconscious,False,Image,False,2,3,2,1
1541,sub-04,rh-fusiform,0.6944444444444444,0.2004459314343183,0.7000000000000001,0.7247392198899452,None + Linear-SVM,unconscious,unconscious,False,Image,False,2,7,5,1
1542,sub-04,rh-fusiform,0.4666666666666667,0.06666666666666667,0.5,0.706992003603777,None + Linear-SVM,unconscious,unconscious,False,Image,False,2,2,3,1
1543,sub-04,rh-fusiform,0.4761904761904762,0.0890870806374748,0.5454545454545454,0.7293601887952198,None + Linear-SVM,unconscious,unconscious,False,Image,False,2,3,4,1
1544,sub-04,rh-fusiform,0.3333333333333333,-0.3333333333333333,0.3333333333333333,0.721186632517211,None + Linear-SVM,unconscious,unconscious,False,Image,False,1,1,2,2
1545,sub-04,rh-fusiform,0.6666666666666667,0.2182178902359924,0.6666666666666666,0.7091709636041607,None + Linear-SVM,unconscious,unconscious,False,Image,False,2,4,3,1
1546,sub-04,rh-fusiform,0.4285714285714286,-0.047619047619047616,0.4,0.7209917660055727,None + Linear-SVM,unconscious,unconscious,False,Image,False,2,2,5,1
1547,sub-04,rh-fusiform,0.7407407407407408,0.5773502691896257,0.8,0.7082006736082792,None + Linear-SVM,unconscious,unconscious,False,Image,False,3,6,3,0
1548,sub-04,rh-fusiform,0.7333333333333334,0.2548235957188128,0.7692307692307692,0.7321165707565087,None + Linear-SVM,unconscious,unconscious,False,Image,False,2,10,5,1
1549,sub-04,rh-fusiform,0.36111111111111116,0.0,0.47058823529411764,0.7593395014254015,None + Linear-SVM,unconscious,unconscious,False,Image,False,2,4,8,1
1550,sub-04,rh-fusiform,0.75,0.5477225575051661,0.6666666666666666,0.6928773120006083,None + Linear-SVM,unconscious,unconscious,False,Image,False,3,2,2,0
1551,sub-04,rh-fusiform,0.4,0.06666666666666667,0.5,0.7186711790719966,None + Linear-SVM,unconscious,unconscious,False,Image,False,2,2,3,1
1552,sub-04,rh-fusiform,0.5757575757575757,0.17407765595569785,0.6666666666666665,0.7272530035791415,None + Linear-SVM,unconscious,unconscious,False,Image,False,2,6,5,1
1553,sub-04,rh-fusiform,0.6666666666666667,0.06666666666666667,0.5,0.7052041612428529,None + Linear-SVM,unconscious,unconscious,False,Image,False,2,2,3,1
1554,sub-04,rh-fusiform,0.5641025641025641,0.041344911529736156,0.5263157894736842,0.7328811610828176,None + Linear-SVM,unconscious,unconscious,False,Image,False,2,5,8,1
1555,sub-04,rh-fusiform,0.45454545454545453,0.10050378152592121,0.5882352941176471,0.7459114894766682,None + Linear-SVM,unconscious,unconscious,False,Image,False,2,5,6,1
1556,sub-04,rh-fusiform,0.33333333333333337,0.0,0.4444444444444444,0.7292170145054242,None + Linear-SVM,unconscious,unconscious,False,Image,False,2,2,4,1
1557,sub-04,rh-fusiform,0.6666666666666667,0.16666666666666666,0.5,0.67771650273404,None + Linear-SVM,unconscious,unconscious,False,Image,False,2,1,1,1
1558,sub-04,rh-fusiform,0.7222222222222223,0.31622776601683794,0.7272727272727272,0.7000383589643486,None + Linear-SVM,unconscious,unconscious,False,Image,False,2,4,2,1
1559,sub-04,rh-fusiform,0.5,0.3535533905932738,0.4,0.7004915487948474,None + Linear-SVM,unconscious,unconscious,False,Image,False,3,1,3,0
1560,sub-04,rh-fusiform,0.6153846153846154,0.10087125544480041,0.6,0.7323861180471534,None + Linear-SVM,unconscious,unconscious,False,Image,False,2,6,7,1
1561,sub-04,rh-fusiform,0.8095238095238095,0.6546536707079772,0.8333333333333333,0.7029230564519034,None + Linear-SVM,unconscious,unconscious,False,Image,False,3,5,2,0
1562,sub-04,rh-fusiform,0.7,0.14085904245475275,0.625,0.7187870698064333,None + Linear-SVM,unconscious,unconscious,False,Image,False,2,5,5,1
1563,sub-04,rh-fusiform,0.8333333333333334,0.6324555320336759,0.8,0.6944689775037297,None + Linear-SVM,unconscious,unconscious,False,Image,False,3,4,2,0
1564,sub-04,rh-fusiform,0.696969696969697,0.251259453814803,0.7368421052631579,0.7271805986227201,None + Linear-SVM,unconscious,unconscious,False,Image,False,2,7,4,1
1565,sub-04,rh-fusiform,0.25,-0.09128709291752768,0.3333333333333333,0.7204076487219877,None + Linear-SVM,unconscious,unconscious,False,Image,False,2,1,3,1
1566,sub-04,rh-fusiform,0.6969696969696969,0.17407765595569785,0.6666666666666665,0.7250448787108701,None + Linear-SVM,unconscious,unconscious,False,Image,False,2,6,5,1
1567,sub-04,rh-fusiform,0.37500000000000006,0.03857583749052298,0.5,0.7502028146613821,None + Linear-SVM,unconscious,unconscious,False,Image,False,2,3,5,1
1568,sub-04,rh-fusiform,0.888888888888889,0.6324555320336759,0.8,0.6957254449663915,None + Linear-SVM,unconscious,unconscious,False,Image,False,3,4,2,0
1569,sub-04,rh-fusiform,0.4444444444444444,0.0,0.46153846153846156,0.7355110983384652,None + Linear-SVM,unconscious,unconscious,False,Image,False,2,3,6,1
1570,sub-04,rh-fusiform,0.8,0.6,0.7499999999999999,0.7059031133545464,None + Linear-SVM,unconscious,unconscious,False,Image,False,3,3,2,0
1571,sub-04,rh-fusiform,0.7142857142857143,0.5345224838248488,0.7272727272727273,0.7116955784656587,None + Linear-SVM,unconscious,unconscious,False,Image,False,3,4,3,0
1572,sub-04,rh-fusiform,0.6153846153846154,0.16012815380508713,0.6666666666666667,0.7380287536814938,None + Linear-SVM,unconscious,unconscious,False,Image,False,2,7,6,1
1573,sub-04,rh-fusiform,0.6,0.06666666666666667,0.5,0.7050288364733236,None + Linear-SVM,unconscious,unconscious,False,Image,False,2,2,3,1
1574,sub-04,rh-fusiform,0.7333333333333334,0.2581988897471611,0.6666666666666665,0.6955454613741248,None + Linear-SVM,unconscious,unconscious,False,Image,False,2,3,2,1
1575,sub-04,rh-fusiform,0.4444444444444444,0.0,0.4,0.6952818757002582,None + Linear-SVM,unconscious,unconscious,False,Image,False,2,1,2,1
1576,sub-04,rh-fusiform,0.5,0.36514837167011077,0.5714285714285715,0.7348979267776165,None + Linear-SVM,unconscious,unconscious,False,Image,False,3,4,6,0
1577,sub-04,rh-fusiform,0.7222222222222223,0.31622776601683794,0.7272727272727272,0.7172526446190306,None + Linear-SVM,unconscious,unconscious,False,Image,False,2,4,2,1
1578,sub-04,rh-fusiform,0.38888888888888895,0.0,0.4444444444444444,0.7253757943465617,None + Linear-SVM,unconscious,unconscious,False,Image,False,2,2,4,1
1579,sub-04,rh-fusiform,0.6666666666666666,0.2608745973749754,0.7142857142857143,0.7191194023376289,None + Linear-SVM,unconscious,unconscious,False,Image,False,2,5,3,1
1580,sub-04,rh-fusiform,0.6666666666666667,0.19245008972987526,0.6666666666666667,0.7199316782259296,None + Linear-SVM,unconscious,unconscious,False,Image,False,2,5,4,1
1581,sub-04,rh-fusiform,0.6111111111111112,0.15811388300841897,0.6,0.7096430532094407,None + Linear-SVM,unconscious,unconscious,False,Image,False,2,3,3,1
1582,sub-04,rh-fusiform,0.33333333333333337,-0.08333333333333333,0.36363636363636365,0.7366540814890548,None + Linear-SVM,unconscious,unconscious,False,Image,False,2,2,6,1
1583,sub-04,rh-fusiform,0.47619047619047616,0.0890870806374748,0.5454545454545454,0.7221011833296501,None + Linear-SVM,unconscious,unconscious,False,Image,False,2,3,4,1
1584,sub-04,rh-fusiform,0.5,0.0,0.0,0.6901518789820795,None + Linear-SVM,unconscious,unconscious,False,Image,False,3,0,2,0
1585,sub-04,rh-fusiform,0.26666666666666666,-0.4666666666666667,0.20000000000000004,0.7010458377715947,None + Linear-SVM,unconscious,unconscious,False,Image,False,2,1,4,4
1586,sub-04,rh-fusiform,0.5,0.16666666666666666,0.5714285714285715,0.6998055754723113,None + Linear-SVM,unconscious,unconscious,False,Image,False,4,4,4,2
1587,sub-04,rh-fusiform,0.4027777777777778,-0.07905694150420949,0.5,0.7207820441154696,None + Linear-SVM,unconscious,unconscious,False,Image,False,3,5,7,3
1588,sub-04,rh-fusiform,0.4,-0.1,0.4000000000000001,0.6906421519769317,None + Linear-SVM,unconscious,unconscious,False,Image,False,3,2,3,3
1589,sub-04,rh-fusiform,0.33333333333333337,-0.16116459280507606,0.4210526315789474,0.7193814572873206,None + Linear-SVM,unconscious,unconscious,False,Image,False,3,4,8,3
1590,sub-04,rh-fusiform,0.33333333333333337,-0.14907119849998599,0.25,0.707009468210681,None + Linear-SVM,unconscious,unconscious,False,Image,False,4,1,4,2
1591,sub-04,rh-fusiform,0.2857142857142857,-0.21957751641341997,0.3333333333333333,0.7119944822578219,None + Linear-SVM,unconscious,unconscious,False,Image,False,3,2,5,3
1592,sub-04,rh-fusiform,0.11111111111111112,-0.6324555320336759,0.0,0.7185808851337453,None + Linear-SVM,unconscious,unconscious,False,Image,False,2,0,3,4
1593,sub-04,rh-fusiform,0.3571428571428572,-0.05143444998736397,0.36363636363636365,0.7000903136137909,None + Linear-SVM,unconscious,unconscious,False,Image,False,4,2,5,2
1594,sub-04,rh-fusiform,0.16666666666666663,-0.5367450401216932,0.16666666666666666,0.7114631187012338,None + Linear-SVM,unconscious,unconscious,False,Image,False,2,1,6,4
1595,sub-04,rh-fusiform,0.5,0.05455447255899809,0.5882352941176471,0.7021253299541972,None + Linear-SVM,unconscious,unconscious,False,Image,False,3,5,4,3
1596,sub-04,rh-fusiform,0.5333333333333333,0.4472135954999579,0.6363636363636364,0.7191173111271125,None + Linear-SVM,unconscious,unconscious,False,Image,False,6,7,8,0
1597,sub-04,rh-fusiform,0.16666666666666669,-0.5,0.2222222222222222,0.7530896782868214,None + Linear-SVM,unconscious,unconscious,False,Image,False,2,2,10,4
1598,sub-04,rh-fusiform,0.5,-0.0890870806374748,0.28571428571428575,0.6873367502407526,None + Linear-SVM,unconscious,unconscious,False,Image,False,4,1,3,2
1599,sub-04,rh-fusiform,0.2,-0.6333333333333333,0.1818181818181818,0.7163771893806681,None + Linear-SVM,unconscious,unconscious,False,Image,False,1,1,4,5
1600,sub-04,rh-fusiform,0.4090909090909091,-0.13241022442571243,0.4444444444444444,0.7151928552173491,None + Linear-SVM,unconscious,unconscious,False,Image,False,3,4,7,3
1601,sub-04,rh-fusiform,0.23333333333333334,-0.4666666666666667,0.20000000000000004,0.697534481972875,None + Linear-SVM,unconscious,unconscious,False,Image,False,2,1,4,4
1602,sub-04,rh-fusiform,0.39743589743589747,-0.1086310236566852,0.4761904761904762,0.7170816449739333,None + Linear-SVM,unconscious,unconscious,False,Image,False,3,5,8,3
1603,sub-04,rh-fusiform,0.22727272727272724,-0.3825184261187248,0.33333333333333326,0.7337185402180608,None + Linear-SVM,unconscious,unconscious,False,Image,False,2,3,8,4
1604,sub-04,rh-fusiform,0.22222222222222224,-0.50709255283711,0.30769230769230765,0.7132766234372397,None + Linear-SVM,unconscious,unconscious,False,Image,False,1,2,4,5
1605,sub-04,rh-fusiform,0.16666666666666669,-0.5773502691896258,0.0,0.6875463289141859,None + Linear-SVM,unconscious,unconscious,False,Image,False,2,0,2,4
1606,sub-04,rh-fusiform,0.5833333333333333,0.1690308509457033,0.5454545454545454,0.691683209222667,None + Linear-SVM,unconscious,unconscious,False,Image,False,4,3,3,2
1607,sub-04,rh-fusiform,0.33333333333333337,-0.25,0.25,0.6965631147650158,None + Linear-SVM,unconscious,unconscious,False,Image,False,3,1,3,3
1608,sub-04,rh-fusiform,0.4230769230769231,-0.1086310236566852,0.4761904761904762,0.7195669148030278,None + Linear-SVM,unconscious,unconscious,False,Image,False,3,5,8,3
1609,sub-04,rh-fusiform,0.6428571428571428,0.09759000729485333,0.5,0.6921441864318603,None + Linear-SVM,unconscious,unconscious,False,Image,False,4,3,4,2
1610,sub-04,rh-fusiform,0.3,-0.5163977794943222,0.33333333333333326,0.7112024579694958,None + Linear-SVM,unconscious,unconscious,False,Image,False,1,3,7,5
1611,sub-04,rh-fusiform,0.7222222222222223,0.50709255283711,0.7272727272727272,0.6880846311215852,None + Linear-SVM,unconscious,unconscious,False,Image,False,5,4,2,1
1612,sub-04,rh-fusiform,0.25757575757575757,-0.22727272727272727,0.3529411764705882,0.7158300141878111,None + Linear-SVM,unconscious,unconscious,False,Image,False,3,3,8,3
1613,sub-04,rh-fusiform,0.0,-0.816496580927726,0.0,0.7175616096902399,None + Linear-SVM,unconscious,unconscious,False,Image,False,1,0,4,5
1614,sub-04,rh-fusiform,0.409090909090909,0.030303030303030304,0.4705882352941177,0.7159001032011506,None + Linear-SVM,unconscious,unconscious,False,Image,False,4,4,7,2
1615,sub-04,rh-fusiform,0.14583333333333334,-0.5594309277855158,0.15384615384615385,0.7382578088568403,None + Linear-SVM,unconscious,unconscious,False,Image,False,2,1,7,4
1616,sub-04,rh-fusiform,0.3888888888888889,-0.1690308509457033,0.3636363636363636,0.6916107763409216,None + Linear-SVM,unconscious,unconscious,False,Image,False,3,2,4,3
1617,sub-04,rh-fusiform,0.18518518518518517,-0.600099198148979,0.25,0.7286771706333676,None + Linear-SVM,unconscious,unconscious,False,Image,False,1,2,7,5
1618,sub-04,rh-fusiform,0.43333333333333335,0.06900655593423542,0.4444444444444445,0.7041378819060163,None + Linear-SVM,unconscious,unconscious,False,Image,False,4,2,3,2
1619,sub-04,rh-fusiform,0.3095238095238095,-0.38095238095238093,0.30769230769230765,0.7058032913102631,None + Linear-SVM,unconscious,unconscious,False,Image,False,2,2,5,4
1620,sub-04,rh-fusiform,0.33333333333333337,-0.18531232916527532,0.4,0.7274019522732373,None + Linear-SVM,unconscious,unconscious,False,Image,False,3,4,9,3
1621,sub-04,rh-fusiform,0.33333333333333337,-0.14907119849998599,0.25,0.700734955377931,None + Linear-SVM,unconscious,unconscious,False,Image,False,4,1,4,2
1622,sub-04,rh-fusiform,0.4,-0.1,0.4000000000000001,0.6924508551690529,None + Linear-SVM,unconscious,unconscious,False,Image,False,3,2,3,3
1623,sub-04,rh-fusiform,0.05555555555555554,-0.6324555320336759,0.0,0.6980571565581695,None + Linear-SVM,unconscious,unconscious,False,Image,False,2,0,3,4
1624,sub-04,rh-fusiform,0.26666666666666666,-0.4666666666666667,0.25,0.7234263930516058,None + Linear-SVM,unconscious,unconscious,False,Image,False,2,2,8,4
1625,sub-04,rh-fusiform,0.2777777777777778,-0.1690308509457033,0.3636363636363636,0.7090175403068574,None + Linear-SVM,unconscious,unconscious,False,Image,False,3,2,4,3
1626,sub-04,rh-fusiform,0.08333333333333333,-0.6666666666666666,0.16666666666666666,0.7170695063253132,None + Linear-SVM,unconscious,unconscious,False,Image,False,1,1,5,5
1627,sub-04,rh-fusiform,0.375,-0.125,0.42857142857142855,0.7088871228906513,None + Linear-SVM,unconscious,unconscious,False,Image,False,3,3,5,3
1628,sub-04,rh-fusiform,0.33333333333333337,-0.16666666666666666,0.4,0.7121054649604138,None + Linear-SVM,unconscious,unconscious,False,Image,False,3,3,6,3
1629,sub-04,rh-fusiform,0.3611111111111111,-0.1690308509457033,0.3636363636363636,0.7056214203179315,None + Linear-SVM,unconscious,unconscious,False,Image,False,3,2,4,3
1630,sub-04,rh-fusiform,0.10416666666666667,-0.7083333333333334,0.14285714285714288,0.7232576526678705,None + Linear-SVM,unconscious,unconscious,False,Image,False,1,1,7,5
1631,sub-04,rh-fusiform,0.2857142857142857,-0.21957751641341997,0.3333333333333333,0.7126195654786096,None + Linear-SVM,unconscious,unconscious,False,Image,False,3,2,5,3
1632,sub-04,rh-fusiform,0.08333333333333331,-0.5773502691896258,0.0,0.7013366608777866,None + Linear-SVM,unconscious,unconscious,False,Image,False,2,0,2,4
1633,sub-04,rh-fusiform,0.6285714285714286,0.29277002188455997,0.5,0.6769970882890833,None + Linear-SVM,unconscious,unconscious,False,Image,False,6,2,3,1
1634,sub-04,rh-fusiform,0.8214285714285714,0.3392857142857143,0.6666666666666666,0.684192941174381,None + Linear-SVM,unconscious,unconscious,False,Image,False,5,5,3,2
1635,sub-04,rh-fusiform,0.6428571428571429,0.06900655593423542,0.5714285714285715,0.7037562069433259,None + Linear-SVM,unconscious,unconscious,False,Image,False,4,6,6,3
1636,sub-04,rh-fusiform,0.7142857142857143,0.1690308509457033,0.5454545454545454,0.675027805187283,None + Linear-SVM,unconscious,unconscious,False,Image,False,4,3,2,3
1637,sub-04,rh-fusiform,0.7023809523809523,0.3680349649825889,0.7272727272727272,0.6976702070065374,None + Linear-SVM,unconscious,unconscious,False,Image,False,5,8,4,2
1638,sub-04,rh-fusiform,0.4285714285714286,-0.3142857142857143,0.3333333333333333,0.6821754935050423,None + Linear-SVM,unconscious,unconscious,False,Image,False,2,2,3,5
1639,sub-04,rh-fusiform,0.4489795918367347,0.0,0.4615384615384615,0.7018043681470595,None + Linear-SVM,unconscious,unconscious,False,Image,False,4,3,4,3
1640,sub-04,rh-fusiform,0.3333333333333333,-0.5238095238095238,0.2,0.6820877918432712,None + Linear-SVM,unconscious,unconscious,False,Image,False,1,1,2,6
1641,sub-04,rh-fusiform,0.673469387755102,0.28867513459481287,0.6153846153846153,0.686642617418225,None + Linear-SVM,unconscious,unconscious,False,Image,False,5,4,3,2
1642,sub-04,rh-fusiform,0.40816326530612246,-0.28867513459481287,0.30769230769230765,0.690980621917876,None + Linear-SVM,unconscious,unconscious,False,Image,False,3,2,5,4
1643,sub-04,rh-fusiform,0.746031746031746,0.5238095238095238,0.75,0.6840003186463801,None + Linear-SVM,unconscious,unconscious,False,Image,False,6,6,3,1
1644,sub-04,rh-fusiform,0.7047619047619048,0.2927700218845599,0.6923076923076923,0.7088456158117584,None + Linear-SVM,unconscious,unconscious,False,Image,False,5,9,6,2
1645,sub-04,rh-fusiform,0.369047619047619,-0.3680349649825889,0.380952380952381,0.725482264730491,None + Linear-SVM,unconscious,unconscious,False,Image,False,2,4,8,5
1646,sub-04,rh-fusiform,0.7142857142857143,0.38575837490522974,0.5714285714285715,0.672614986759363,None + Linear-SVM,unconscious,unconscious,False,Image,False,6,2,2,1
1647,sub-04,rh-fusiform,0.4571428571428571,-0.02857142857142857,0.4000000000000001,0.6855760876112281,None + Linear-SVM,unconscious,unconscious,False,Image,False,4,2,3,3
1648,sub-04,rh-fusiform,0.5974025974025974,0.2548235957188128,0.631578947368421,0.7020025192780773,None + Linear-SVM,unconscious,unconscious,False,Image,False,5,6,5,2
1649,sub-04,rh-fusiform,0.6285714285714286,0.11952286093343936,0.4444444444444445,0.6812946256870691,None + Linear-SVM,unconscious,unconscious,False,Image,False,5,2,3,2
1650,sub-04,rh-fusiform,0.4835164835164836,-0.04279604925109129,0.4761904761904762,0.7076669288643241,None + Linear-SVM,unconscious,unconscious,False,Image,False,4,5,8,3
1651,sub-04,rh-fusiform,0.45454545454545453,-0.11396057645963795,0.5,0.7157037998665695,None + Linear-SVM,unconscious,unconscious,False,Image,False,3,5,6,4
1652,sub-04,rh-fusiform,0.45238095238095244,-0.09759000729485333,0.3636363636363636,0.6950912350936611,None + Linear-SVM,unconscious,unconscious,False,Image,False,4,2,4,3
1653,sub-04,rh-fusiform,0.5,-0.1889822365046136,0.25,0.662927934071633,None + Linear-SVM,unconscious,unconscious,False,Image,False,2,1,1,5
1654,sub-04,rh-fusiform,0.7857142857142857,0.5367450401216932,0.7272727272727272,0.6780822770517175,None + Linear-SVM,unconscious,unconscious,False,Image,False,6,4,2,1
1655,sub-04,rh-fusiform,0.5,-0.03857583749052298,0.28571428571428575,0.6745543056502178,None + Linear-SVM,unconscious,unconscious,False,Image,False,5,1,3,2
1656,sub-04,rh-fusiform,0.5604395604395604,0.17118419700436516,0.5714285714285714,0.7074532621855162,None + Linear-SVM,unconscious,unconscious,False,Image,False,5,6,7,2
1657,sub-04,rh-fusiform,0.7551020408163264,0.4472135954999579,0.6666666666666666,0.6807524521866758,None + Linear-SVM,unconscious,unconscious,False,Image,False,6,4,3,1
1658,sub-04,rh-fusiform,0.6857142857142857,0.3098898934004561,0.6666666666666665,0.6953655304411406,None + Linear-SVM,unconscious,unconscious,False,Image,False,5,6,4,2
1659,sub-04,rh-fusiform,0.8571428571428572,0.7200822998230956,0.8,0.6729540678400748,None + Linear-SVM,unconscious,unconscious,False,Image,False,7,4,2,0
1660,sub-04,rh-fusiform,0.7662337662337663,0.48416483186574427,0.7368421052631579,0.6995186693018421,None + Linear-SVM,unconscious,unconscious,False,Image,False,6,7,4,1
1661,sub-04,rh-fusiform,0.3214285714285714,-0.3105295017040594,0.22222222222222224,0.68678097620626,None + Linear-SVM,unconscious,unconscious,False,Image,False,3,1,3,4
1662,sub-04,rh-fusiform,0.6103896103896104,0.2548235957188128,0.631578947368421,0.7005661482372575,None + Linear-SVM,unconscious,unconscious,False,Image,False,5,6,5,2
1663,sub-04,rh-fusiform,0.48214285714285715,-0.05455447255899809,0.42857142857142855,0.7110306619119389,None + Linear-SVM,unconscious,unconscious,False,Image,False,4,3,5,3
1664,sub-04,rh-fusiform,0.8095238095238095,0.5367450401216932,0.7272727272727272,0.6733623153610266,None + Linear-SVM,unconscious,unconscious,False,Image,False,6,4,2,1
1665,sub-04,rh-fusiform,0.3650793650793651,-0.3779644730092272,0.35294117647058826,0.7094614774387591,None + Linear-SVM,unconscious,unconscious,False,Image,False,2,3,6,5
1666,sub-04,rh-fusiform,0.742857142857143,0.47809144373375745,0.6666666666666665,0.680450922700313,None + Linear-SVM,unconscious,unconscious,False,Image,False,6,3,2,1
1667,sub-04,rh-fusiform,0.653061224489796,0.28867513459481287,0.6153846153846153,0.6856801191852543,None + Linear-SVM,unconscious,unconscious,False,Image,False,5,4,3,2
1668,sub-04,rh-fusiform,0.5934065934065934,0.24232015747572203,0.6363636363636364,0.7114910825872366,None + Linear-SVM,unconscious,unconscious,False,Image,False,5,7,6,2
1669,sub-04,rh-fusiform,0.6,0.11952286093343936,0.4444444444444445,0.679912837141529,None + Linear-SVM,unconscious,unconscious,False,Image,False,5,2,3,2
1670,sub-04,rh-fusiform,0.7428571428571429,0.1690308509457033,0.5454545454545454,0.6733177960156972,None + Linear-SVM,unconscious,unconscious,False,Image,False,4,3,2,3
1671,sub-04,rh-fusiform,0.5714285714285714,-0.0890870806374748,0.28571428571428575,0.6698184151836171,None + Linear-SVM,unconscious,unconscious,False,Image,False,4,1,2,3
1672,sub-04,rh-fusiform,0.6000000000000001,0.07042952122737638,0.5555555555555556,0.7043711297685885,None + Linear-SVM,unconscious,unconscious,False,Image,False,4,5,5,3
1673,sub-04,rh-fusiform,0.7619047619047619,0.38095238095238093,0.6666666666666666,0.6858659929180297,None + Linear-SVM,unconscious,unconscious,False,Image,False,5,4,2,2
1674,sub-04,rh-fusiform,0.40476190476190477,-0.23809523809523808,0.3333333333333333,0.6946462311593394,None + Linear-SVM,unconscious,unconscious,False,Image,False,3,2,4,4
1675,sub-04,rh-fusiform,0.625,0.37796447300922725,0.6153846153846154,0.6949765421988322,None + Linear-SVM,unconscious,unconscious,False,Image,False,6,4,4,1
1676,sub-04,rh-fusiform,0.7301587301587301,0.42289003161103106,0.6666666666666667,0.6928912858695714,None + Linear-SVM,unconscious,unconscious,False,Image,False,6,5,4,1
1677,sub-04,rh-fusiform,0.5952380952380952,-0.07142857142857142,0.4615384615384615,0.6828538781893333,None + Linear-SVM,unconscious,unconscious,False,Image,False,3,3,3,4
1678,sub-04,rh-fusiform,0.3392857142857143,-0.4642857142857143,0.26666666666666666,0.7036364465161309,None + Linear-SVM,unconscious,unconscious,False,Image,False,2,2,6,5
1679,sub-04,rh-fusiform,0.6326530612244898,0.28867513459481287,0.6153846153846153,0.6894158995029779,None + Linear-SVM,unconscious,unconscious,False,Image,False,5,4,3,2
1680,sub-04,rh-fusiform,0.4285714285714286,-0.1889822365046136,0.0,0.6690609443371134,None + Linear-SVM,unconscious,unconscious,False,Image,False,6,0,2,1
1681,sub-04,rh-fusiform,0.4,-0.2182178902359924,0.25,0.6997510289620561,None + Linear-SVM,unconscious,unconscious,False,Image,False,3,1,4,2
1682,sub-04,rh-fusiform,0.5499999999999999,-0.025,0.4615384615384615,0.6999108865692226,None + Linear-SVM,unconscious,unconscious,False,Image,False,3,3,5,2
1683,sub-04,rh-fusiform,0.44999999999999996,0.015430334996209192,0.5263157894736842,0.7228416114077318,None + Linear-SVM,unconscious,unconscious,False,Image,False,3,5,7,2
1684,sub-04,rh-fusiform,0.52,0.0,0.4444444444444445,0.688490245556693,None + Linear-SVM,unconscious,unconscious,False,Image,False,3,2,3,2
1685,sub-04,rh-fusiform,0.44999999999999996,0.015430334996209192,0.5263157894736842,0.7171573463585866,None + Linear-SVM,unconscious,unconscious,False,Image,False,3,5,7,2
1686,sub-04,rh-fusiform,0.4,-0.2,0.4000000000000001,0.7034135243393305,None + Linear-SVM,unconscious,unconscious,False,Image,False,2,2,3,3
1687,sub-04,rh-fusiform,0.2857142857142857,-0.3142857142857143,0.3333333333333333,0.720112250500561,None + Linear-SVM,unconscious,unconscious,False,Image,False,2,2,5,3
1688,sub-04,rh-fusiform,0.2666666666666666,-0.2581988897471611,0.28571428571428575,0.7187008626656184,None + Linear-SVM,unconscious,unconscious,False,Image,False,2,1,2,3
1689,sub-04,rh-fusiform,0.4285714285714285,-0.11952286093343936,0.36363636363636365,0.7030527201677105,None + Linear-SVM,unconscious,unconscious,False,Image,False,3,2,5,2
1690,sub-04,rh-fusiform,0.28571428571428564,-0.47809144373375745,0.18181818181818182,0.7137192473669981,None + Linear-SVM,unconscious,unconscious,False,Image,False,2,1,6,3
1691,sub-04,rh-fusiform,0.5555555555555555,0.14907119849998599,0.6250000000000001,0.7027689220700102,None + Linear-SVM,unconscious,unconscious,False,Image,False,3,5,4,2
1692,sub-04,rh-fusiform,0.48,0.058025885318565944,0.5833333333333334,0.7252945465210703,None + Linear-SVM,unconscious,unconscious,False,Image,False,3,7,8,2
1693,sub-04,rh-fusiform,0.24999999999999997,-0.3337119062359573,0.3333333333333333,0.7505637525390102,None + Linear-SVM,unconscious,unconscious,False,Image,False,2,3,9,3
1694,sub-04,rh-fusiform,0.49999999999999994,0.1,0.5,0.6895638636928494,None + Linear-SVM,unconscious,unconscious,False,Image,False,3,2,2,2
1695,sub-04,rh-fusiform,0.24,-0.408248290463863,0.22222222222222224,0.7206718389388364,None + Linear-SVM,unconscious,unconscious,False,Image,False,2,1,4,3
1696,sub-04,rh-fusiform,0.509090909090909,0.050964719143762556,0.5555555555555556,0.7184349946430104,None + Linear-SVM,unconscious,unconscious,False,Image,False,3,5,6,2
1697,sub-04,rh-fusiform,0.31999999999999995,-0.408248290463863,0.22222222222222224,0.6999016901231407,None + Linear-SVM,unconscious,unconscious,False,Image,False,2,1,4,3
1698,sub-04,rh-fusiform,0.4769230769230769,-0.01413506985480439,0.5,0.7208847474369292,None + Linear-SVM,unconscious,unconscious,False,Image,False,3,5,8,2
1699,sub-04,rh-fusiform,0.32727272727272727,-0.22084711628963774,0.4444444444444444,0.7346167023931303,None + Linear-SVM,unconscious,unconscious,False,Image,False,2,4,7,3
1700,sub-04,rh-fusiform,0.29999999999999993,-0.26666666666666666,0.3636363636363636,0.7176774564013115,None + Linear-SVM,unconscious,unconscious,False,Image,False,2,2,4,3
1701,sub-04,rh-fusiform,0.39999999999999997,-0.4,0.0,0.680348985309929,None + Linear-SVM,unconscious,unconscious,False,Image,False,3,0,2,2
1702,sub-04,rh-fusiform,0.5666666666666667,0.1,0.5454545454545454,0.694438150246529,None + Linear-SVM,unconscious,unconscious,False,Image,False,3,3,3,2
1703,sub-04,rh-fusiform,0.4,-0.15811388300841897,0.28571428571428575,0.70031999022126,None + Linear-SVM,unconscious,unconscious,False,Image,False,3,1,3,2
1704,sub-04,rh-fusiform,0.49230769230769234,0.05547001962252291,0.5714285714285714,0.7239611812494671,None + Linear-SVM,unconscious,unconscious,False,Image,False,3,6,7,2
1705,sub-04,rh-fusiform,0.5714285714285714,0.02857142857142857,0.5,0.6943568414796158,None + Linear-SVM,unconscious,unconscious,False,Image,False,3,3,4,2
1706,sub-04,rh-fusiform,0.5,0.0,0.5,0.7097529115704307,None + Linear-SVM,unconscious,unconscious,False,Image,False,3,4,6,2
1707,sub-04,rh-fusiform,0.7,0.4666666666666667,0.7272727272727272,0.6889137402802301,None + Linear-SVM,unconscious,unconscious,False,Image,False,4,4,2,1
1708,sub-04,rh-fusiform,0.3818181818181818,-0.034815531191139566,0.4705882352941177,0.7184758434032938,None + Linear-SVM,unconscious,unconscious,False,Image,False,3,4,7,2
1709,sub-04,rh-fusiform,0.09999999999999998,-0.6324555320336759,0.0,0.7135741684898682,None + Linear-SVM,unconscious,unconscious,False,Image,False,2,0,4,3
1710,sub-04,rh-fusiform,0.4363636363636363,-0.034815531191139566,0.4705882352941177,0.717465613180792,None + Linear-SVM,unconscious,unconscious,False,Image,False,3,4,7,2
1711,sub-04,rh-fusiform,0.175,-0.5006939628599933,0.16666666666666666,0.7411846838953328,None + Linear-SVM,unconscious,unconscious,False,Image,False,2,1,7,3
1712,sub-04,rh-fusiform,0.5333333333333333,-0.06900655593423542,0.4,0.6915736272794409,None + Linear-SVM,unconscious,unconscious,False,Image,False,3,2,4,2
1713,sub-04,rh-fusiform,0.33333333333333326,-0.25819888974716115,0.4,0.7286621357411167,None + Linear-SVM,unconscious,unconscious,False,Image,False,2,3,6,3
1714,sub-04,rh-fusiform,0.48,0.0,0.4444444444444445,0.7009016331273574,None + Linear-SVM,unconscious,unconscious,False,Image,False,3,2,3,2
1715,sub-04,rh-fusiform,0.42857142857142855,-0.3142857142857143,0.3333333333333333,0.7047249156498738,None + Linear-SVM,unconscious,unconscious,False,Image,False,2,2,5,3
1716,sub-04,rh-fusiform,0.3692307692307692,-0.01413506985480439,0.5,0.7328899931274115,None + Linear-SVM,unconscious,unconscious,False,Image,False,3,5,8,2
1717,sub-04,rh-fusiform,0.4,-0.2182178902359924,0.25,0.7034040154142351,None + Linear-SVM,unconscious,unconscious,False,Image,False,3,1,4,2
1718,sub-04,rh-fusiform,0.52,0.0,0.4444444444444445,0.6906032153175874,None + Linear-SVM,unconscious,unconscious,False,Image,False,3,2,3,2
1719,sub-04,rh-fusiform,0.33333333333333326,-0.2581988897471611,0.28571428571428575,0.689364006040635,None + Linear-SVM,unconscious,unconscious,False,Image,False,2,1,2,3
1720,sub-04,rh-fusiform,0.36,-0.28867513459481287,0.37499999999999994,0.7245478742259295,None + Linear-SVM,unconscious,unconscious,False,Image,False,2,3,7,3
1721,sub-04,rh-fusiform,0.29999999999999993,-0.26666666666666666,0.3636363636363636,0.7142976872778987,None + Linear-SVM,unconscious,unconscious,False,Image,False,2,2,4,3
1722,sub-04,rh-fusiform,0.2666666666666666,-0.4485426135725303,0.2,0.7184936340840342,None + Linear-SVM,unconscious,unconscious,False,Image,False,2,1,5,3
1723,sub-04,rh-fusiform,0.425,0.09759000729485333,0.5714285714285715,0.7105081773339872,None + Linear-SVM,unconscious,unconscious,False,Image,False,3,4,4,2
1724,sub-04,rh-fusiform,0.4444444444444444,0.04303314829119352,0.5333333333333333,0.7104570321223614,None + Linear-SVM,unconscious,unconscious,False,Image,False,3,4,5,2
1725,sub-04,rh-fusiform,0.39999999999999997,-0.06900655593423542,0.4,0.7057805405816026,None + Linear-SVM,unconscious,unconscious,False,Image,False,3,2,4,2
1726,sub-04,rh-fusiform,0.24999999999999994,-0.5006939628599933,0.16666666666666666,0.7243228713252107,None + Linear-SVM,unconscious,unconscious,False,Image,False,2,1,7,3
1727,sub-04,rh-fusiform,0.4285714285714285,-0.11952286093343936,0.36363636363636365,0.7132529147457864,None + Linear-SVM,unconscious,unconscious,False,Image,False,3,2,5,2
1728,sub-04,rh-fusiform,0.3,-0.4,0.0,0.6886703284251132,None + Linear-SVM,unconscious,unconscious,False,Image,False,3,0,2,2
1729,sub-04,rh-fusiform,0.5111111111111111,-0.04303314829119352,0.3636363636363636,0.6821600314924924,None + Linear-SVM,unconscious,unconscious,False,Image,False,5,2,3,4
1730,sub-04,rh-fusiform,0.45833333333333337,-0.07042952122737638,0.39999999999999997,0.6920537751767638,None + Linear-SVM,unconscious,unconscious,False,Image,False,5,3,5,4
1731,sub-04,rh-fusiform,0.39814814814814814,-0.13762047064079508,0.45454545454545453,0.7093121962460057,None + Linear-SVM,unconscious,unconscious,False,Image,False,4,5,7,5
1732,sub-04,rh-fusiform,0.5111111111111112,-0.04303314829119352,0.3636363636363636,0.6801676194762711,None + Linear-SVM,unconscious,unconscious,False,Image,False,5,2,3,4
1733,sub-04,rh-fusiform,0.4722222222222222,-0.027777777777777776,0.4761904761904762,0.7026107751649063,None + Linear-SVM,unconscious,unconscious,False,Image,False,5,5,7,4
1734,sub-04,rh-fusiform,0.4444444444444445,-0.37777777777777777,0.2857142857142857,0.6893454052408331,None + Linear-SVM,unconscious,unconscious,False,Image,False,2,2,3,7
1735,sub-04,rh-fusiform,0.25396825396825395,-0.5238095238095238,0.14285714285714285,0.7067785077238946,None + Linear-SVM,unconscious,unconscious,False,Image,False,3,1,6,6
1736,sub-04,rh-fusiform,0.18518518518518517,-0.4879500364742666,0.0,0.7072192109110308,None + Linear-SVM,unconscious,unconscious,False,Image,False,4,0,3,5
1737,sub-04,rh-fusiform,0.4603174603174603,-0.23809523809523808,0.375,0.6896419156674976,None + Linear-SVM,unconscious,unconscious,False,Image,False,3,3,4,6
1738,sub-04,rh-fusiform,0.31746031746031744,-0.3779644730092272,0.26666666666666666,0.6936135289494358,None + Linear-SVM,unconscious,unconscious,False,Image,False,3,2,5,6
1739,sub-04,rh-fusiform,0.6296296296296295,0.34188172937891387,0.6250000000000001,0.688020821063215,None + Linear-SVM,unconscious,unconscious,False,Image,False,7,5,4,2
1740,sub-04,rh-fusiform,0.5185185185185185,-0.021591675854376522,0.5714285714285715,0.7059065993358814,None + Linear-SVM,unconscious,unconscious,False,Image,False,4,8,7,5
1741,sub-04,rh-fusiform,0.25,-0.4166666666666667,0.28571428571428575,0.7349117003729511,None + Linear-SVM,unconscious,unconscious,False,Image,False,3,3,9,6
1742,sub-04,rh-fusiform,0.4722222222222222,-0.18446619684315546,0.22222222222222224,0.6812811575199007,None + Linear-SVM,unconscious,unconscious,False,Image,False,5,1,3,4
1743,sub-04,rh-fusiform,0.31111111111111117,-0.4472135954999579,0.16666666666666666,0.7045212699248682,None + Linear-SVM,unconscious,unconscious,False,Image,False,3,1,4,6
1744,sub-04,rh-fusiform,0.47474747474747475,-0.21212121212121213,0.45454545454545453,0.7011548830856229,None + Linear-SVM,unconscious,unconscious,False,Image,False,3,5,6,6
1745,sub-04,rh-fusiform,0.288888888888889,-0.24444444444444444,0.20000000000000004,0.6898882140569976,None + Linear-SVM,unconscious,unconscious,False,Image,False,5,1,4,4
1746,sub-04,rh-fusiform,0.4273504273504274,-0.16878989451394444,0.4347826086956522,0.703862005250762,None + Linear-SVM,unconscious,unconscious,False,Image,False,4,5,8,5
1747,sub-04,rh-fusiform,0.32323232323232326,-0.30151134457776363,0.380952380952381,0.7211489966639657,None + Linear-SVM,unconscious,unconscious,False,Image,False,3,4,7,6
1748,sub-04,rh-fusiform,0.3148148148148149,-0.4444444444444444,0.26666666666666666,0.6995648978977017,None + Linear-SVM,unconscious,unconscious,False,Image,False,2,2,4,7
1749,sub-04,rh-fusiform,0.33333333333333337,-0.3563483225498992,0.0,0.6771693706973324,None + Linear-SVM,unconscious,unconscious,False,Image,False,5,0,2,4
1750,sub-04,rh-fusiform,0.5740740740740741,0.16666666666666666,0.5,0.6849141025325308,None + Linear-SVM,unconscious,unconscious,False,Image,False,6,3,3,3
1751,sub-04,rh-fusiform,0.4166666666666667,-0.18446619684315546,0.22222222222222224,0.6892813885308247,None + Linear-SVM,unconscious,unconscious,False,Image,False,5,1,3,4
1752,sub-04,rh-fusiform,0.4358974358974359,-0.16878989451394444,0.4347826086956522,0.7078536435183692,None + Linear-SVM,unconscious,unconscious,False,Image,False,4,5,8,5
1753,sub-04,rh-fusiform,0.5873015873015872,-0.015873015873015872,0.42857142857142855,0.6802967192359676,None + Linear-SVM,unconscious,unconscious,False,Image,False,5,3,4,4
1754,sub-04,rh-fusiform,0.5111111111111111,-0.044946657497549475,0.4444444444444445,0.6915318093442028,None + Linear-SVM,unconscious,unconscious,False,Image,False,5,4,6,4
1755,sub-04,rh-fusiform,0.6481481481481481,0.28867513459481287,0.5454545454545454,0.6774072407783964,None + Linear-SVM,unconscious,unconscious,False,Image,False,7,3,3,2
1756,sub-04,rh-fusiform,0.5151515151515151,-0.17910620335162064,0.33333333333333326,0.6975980024033455,None + Linear-SVM,unconscious,unconscious,False,Image,False,5,3,8,4
1757,sub-04,rh-fusiform,0.1666666666666667,-0.6172133998483676,0.0,0.6989243100296838,None + Linear-SVM,unconscious,unconscious,False,Image,False,3,0,4,6
1758,sub-04,rh-fusiform,0.45454545454545453,0.0316069770620507,0.4444444444444444,0.7036647659642132,None + Linear-SVM,unconscious,unconscious,False,Image,False,6,4,7,3
1759,sub-04,rh-fusiform,0.2777777777777778,-0.4166666666666667,0.25,0.7261835721547,None + Linear-SVM,unconscious,unconscious,False,Image,False,3,2,6,6
1760,sub-04,rh-fusiform,0.537037037037037,-0.05455447255899809,0.42857142857142855,0.6768408397361464,None + Linear-SVM,unconscious,unconscious,False,Image,False,4,3,3,5
1761,sub-04,rh-fusiform,0.271604938271605,-0.4472135954999579,0.23529411764705882,0.7163659379014621,None + Linear-SVM,unconscious,unconscious,False,Image,False,3,2,7,6
1762,sub-04,rh-fusiform,0.5333333333333334,-0.04303314829119352,0.3636363636363636,0.6884998950763491,None + Linear-SVM,unconscious,unconscious,False,Image,False,5,2,3,4
1763,sub-04,rh-fusiform,0.34920634920634924,-0.3779644730092272,0.26666666666666666,0.702421088566487,None + Linear-SVM,unconscious,unconscious,False,Image,False,3,2,5,6
1764,sub-04,rh-fusiform,0.32478632478632485,-0.2773500981126146,0.41666666666666663,0.7191314290583999,None + Linear-SVM,unconscious,unconscious,False,Image,False,3,5,8,6
1765,sub-04,rh-fusiform,0.4444444444444445,-0.14907119849998599,0.3333333333333333,0.6868326682170875,None + Linear-SVM,unconscious,unconscious,False,Image,False,4,2,3,5
1766,sub-04,rh-fusiform,0.5333333333333333,-0.04303314829119352,0.3636363636363636,0.6795617902927523,None + Linear-SVM,unconscious,unconscious,False,Image,False,5,2,3,4
1767,sub-04,rh-fusiform,0.2962962962962963,-0.29277002188455997,0.2,0.684110726589053,None + Linear-SVM,unconscious,unconscious,False,Image,False,3,1,2,6
1768,sub-04,rh-fusiform,0.41111111111111115,-0.044946657497549475,0.4444444444444445,0.7055292117823856,None + Linear-SVM,unconscious,unconscious,False,Image,False,5,4,6,4
1769,sub-04,rh-fusiform,0.24074074074074076,-0.49099025303098287,0.15384615384615383,0.7065962423048424,None + Linear-SVM,unconscious,unconscious,False,Image,False,3,1,5,6
1770,sub-04,rh-fusiform,0.2777777777777778,-0.3888888888888889,0.16666666666666666,0.7017055448354387,None + Linear-SVM,unconscious,unconscious,False,Image,False,4,1,5,5
1771,sub-04,rh-fusiform,0.5694444444444444,0.29012942659282975,0.5714285714285715,0.6894924867820196,None + Linear-SVM,unconscious,unconscious,False,Image,False,7,4,4,2
1772,sub-04,rh-fusiform,0.5061728395061729,0.11396057645963795,0.5,0.6950786039052814,None + Linear-SVM,unconscious,unconscious,False,Image,False,6,4,5,3
1773,sub-04,rh-fusiform,0.4444444444444445,-0.1111111111111111,0.3333333333333333,0.6923402356978049,None + Linear-SVM,unconscious,unconscious,False,Image,False,5,2,4,4
1774,sub-04,rh-fusiform,0.23611111111111116,-0.4166666666666667,0.25,0.7076957474944785,None + Linear-SVM,unconscious,unconscious,False,Image,False,3,2,6,6
1775,sub-04,rh-fusiform,0.4285714285714286,-0.1259881576697424,0.39999999999999997,0.6978064719752313,None + Linear-SVM,unconscious,unconscious,False,Image,False,4,3,4,5
1776,sub-04,rh-fusiform,0.4444444444444445,-0.2222222222222222,0.0,0.679414462978242,None + Linear-SVM,unconscious,unconscious,False,Image,False,7,0,2,2
1777,sub-04,rh-fusiform,0.5454545454545454,0.034815531191139566,0.3636363636363636,0.6783885860351163,None + Linear-SVM,unconscious,unconscious,False,Image,False,7,2,3,4
1778,sub-04,rh-fusiform,0.6363636363636364,0.13636363636363635,0.5,0.676044827195358,None + Linear-SVM,unconscious,unconscious,False,Image,False,7,4,4,4
1779,sub-04,rh-fusiform,0.48484848484848486,-0.0381690510345287,0.45454545454545453,0.6992832175955119,None + Linear-SVM,unconscious,unconscious,False,Image,False,6,5,7,5
1780,sub-04,rh-fusiform,0.6000000000000001,-0.050964719143762556,0.3333333333333333,0.6750444577412142,None + Linear-SVM,unconscious,unconscious,False,Image,False,6,2,3,5
1781,sub-04,rh-fusiform,0.48484848484848486,-0.0381690510345287,0.45454545454545453,0.6963856160048227,None + Linear-SVM,unconscious,unconscious,False,Image,False,6,5,7,5
1782,sub-04,rh-fusiform,0.4363636363636364,-0.3133397807202561,0.26666666666666666,0.6847544491662456,None + Linear-SVM,unconscious,unconscious,False,Image,False,3,2,3,8
1783,sub-04,rh-fusiform,0.37662337662337664,-0.11396057645963795,0.375,0.6995665015008071,None + Linear-SVM,unconscious,unconscious,False,Image,False,5,3,4,6
1784,sub-04,rh-fusiform,0.2727272727272727,-0.4403855060505443,0.15384615384615383,0.6965793507903398,None + Linear-SVM,unconscious,unconscious,False,Image,False,2,1,2,9
1785,sub-04,rh-fusiform,0.5194805194805194,-0.025482359571881278,0.39999999999999997,0.683234690642595,None + Linear-SVM,unconscious,unconscious,False,Image,False,6,3,4,5
1786,sub-04,rh-fusiform,0.40259740259740256,-0.2548235957188128,0.26666666666666666,0.6924638836894612,None + Linear-SVM,unconscious,unconscious,False,Image,False,5,2,5,6
1787,sub-04,rh-fusiform,0.5656565656565657,0.1919191919191919,0.5555555555555556,0.6836907909010522,None + Linear-SVM,unconscious,unconscious,False,Image,False,7,5,4,4
1788,sub-04,rh-fusiform,0.5636363636363637,0.16817499303650435,0.5925925925925926,0.6965045147428908,None + Linear-SVM,unconscious,unconscious,False,Image,False,7,8,7,4
1789,sub-04,rh-fusiform,0.3787878787878788,-0.21374668579336073,0.3636363636363636,0.717041454055543,None + Linear-SVM,unconscious,unconscious,False,Image,False,5,4,8,6
1790,sub-04,rh-fusiform,0.5227272727272727,0.040291148201269014,0.36363636363636365,0.6748651117618129,None + Linear-SVM,unconscious,unconscious,False,Image,False,6,2,2,5
1791,sub-04,rh-fusiform,0.36363636363636365,-0.32277655457716287,0.16666666666666666,0.6989915791049869,None + Linear-SVM,unconscious,unconscious,False,Image,False,5,1,4,6
1792,sub-04,rh-fusiform,0.4793388429752067,0.0,0.47619047619047616,0.6948805303194213,None + Linear-SVM,unconscious,unconscious,False,Image,False,6,5,6,5
1793,sub-04,rh-fusiform,0.5454545454545455,-0.050964719143762556,0.3333333333333333,0.676879576988632,None + Linear-SVM,unconscious,unconscious,False,Image,False,6,2,3,5
1794,sub-04,rh-fusiform,0.5314685314685315,-0.07067534927402196,0.4347826086956522,0.6957575936567602,None + Linear-SVM,unconscious,unconscious,False,Image,False,6,5,8,5
1795,sub-04,rh-fusiform,0.34710743801652894,-0.18257418583505536,0.380952380952381,0.7164786518392036,None + Linear-SVM,unconscious,unconscious,False,Image,False,5,4,7,6
1796,sub-04,rh-fusiform,0.3484848484848485,-0.2030905986149808,0.28571428571428575,0.6951028120288861,None + Linear-SVM,unconscious,unconscious,False,Image,False,5,2,4,6
1797,sub-04,rh-fusiform,0.45454545454545453,-0.2842676218074806,0.0,0.6739974474925494,None + Linear-SVM,unconscious,unconscious,False,Image,False,7,0,2,4
1798,sub-04,rh-fusiform,0.5757575757575757,0.13241022442571243,0.4615384615384615,0.6779011919079602,None + Linear-SVM,unconscious,unconscious,False,Image,False,7,3,3,4
1799,sub-04,rh-fusiform,0.4318181818181818,-0.1846372364689991,0.2,0.6784835482140283,None + Linear-SVM,unconscious,unconscious,False,Image,False,6,1,3,5
1800,sub-04,rh-fusiform,0.5244755244755245,-0.07067534927402196,0.4347826086956522,0.6968504028960432,None + Linear-SVM,unconscious,unconscious,False,Image,False,6,5,8,5
1801,sub-04,rh-fusiform,0.6493506493506493,0.20385887657505022,0.5333333333333333,0.6723298362503511,None + Linear-SVM,unconscious,unconscious,False,Image,False,7,4,3,4
1802,sub-04,rh-fusiform,0.5363636363636364,-0.1589409883014377,0.33333333333333326,0.6885445218666254,None + Linear-SVM,unconscious,unconscious,False,Image,False,6,3,7,5
1803,sub-04,rh-fusiform,0.6515151515151515,0.3825184261187248,0.6153846153846153,0.6713979488397486,None + Linear-SVM,unconscious,unconscious,False,Image,False,8,4,2,3
1804,sub-04,rh-fusiform,0.5041322314049587,-0.18898223650461363,0.3157894736842105,0.6927493943833504,None + Linear-SVM,unconscious,unconscious,False,Image,False,6,3,8,5
1805,sub-04,rh-fusiform,0.2727272727272727,-0.3424747597107866,0.16666666666666666,0.6916313674704374,None + Linear-SVM,unconscious,unconscious,False,Image,False,4,1,3,7
1806,sub-04,rh-fusiform,0.5041322314049588,0.0,0.47619047619047616,0.6951044122410589,None + Linear-SVM,unconscious,unconscious,False,Image,False,6,5,6,5
1807,sub-04,rh-fusiform,0.38636363636363635,-0.1685499656158105,0.35294117647058826,0.7118913851051075,None + Linear-SVM,unconscious,unconscious,False,Image,False,5,3,5,6
1808,sub-04,rh-fusiform,0.5909090909090909,0.04351941398892446,0.42857142857142855,0.6730909008188602,None + Linear-SVM,unconscious,unconscious,False,Image,False,6,3,3,5
1809,sub-04,rh-fusiform,0.30303030303030304,-0.41414141414141414,0.2222222222222222,0.7136510161557095,None + Linear-SVM,unconscious,unconscious,False,Image,False,4,2,7,7
1810,sub-04,rh-fusiform,0.49090909090909096,-0.050964719143762556,0.3333333333333333,0.685730514737215,None + Linear-SVM,unconscious,unconscious,False,Image,False,6,2,3,5
1811,sub-04,rh-fusiform,0.4805194805194805,-0.025482359571881278,0.39999999999999997,0.6822129610287593,None + Linear-SVM,unconscious,unconscious,False,Image,False,6,3,4,5
1812,sub-04,rh-fusiform,0.4125874125874126,0.006993006993006993,0.4999999999999999,0.7119916323995108,None + Linear-SVM,unconscious,unconscious,False,Image,False,6,6,7,5
1813,sub-04,rh-fusiform,0.4,-0.050964719143762556,0.3333333333333333,0.6905251873578253,None + Linear-SVM,unconscious,unconscious,False,Image,False,6,2,3,5
1814,sub-04,rh-fusiform,0.6000000000000001,0.034815531191139566,0.3636363636363636,0.6730747825375544,None + Linear-SVM,unconscious,unconscious,False,Image,False,7,2,3,4
1815,sub-04,rh-fusiform,0.4848484848484848,-0.10050378152592121,0.2222222222222222,0.6737281931719584,None + Linear-SVM,unconscious,unconscious,False,Image,False,6,1,2,5
1816,sub-04,rh-fusiform,0.44545454545454544,-0.05504818825631803,0.4210526315789474,0.7004652398300453,None + Linear-SVM,unconscious,unconscious,False,Image,False,6,4,6,5
1817,sub-04,rh-fusiform,0.48484848484848486,0.04351941398892446,0.42857142857142855,0.6907754882414522,None + Linear-SVM,unconscious,unconscious,False,Image,False,6,3,3,5
1818,sub-04,rh-fusiform,0.3484848484848485,-0.2030905986149808,0.28571428571428575,0.6955764559112839,None + Linear-SVM,unconscious,unconscious,False,Image,False,5,2,4,6
1819,sub-04,rh-fusiform,0.43181818181818177,-0.07954545454545454,0.375,0.690466127072294,None + Linear-SVM,unconscious,unconscious,False,Image,False,6,3,5,5
1820,sub-04,rh-fusiform,0.5252525252525253,-0.010101010101010102,0.4444444444444444,0.6924912197434557,None + Linear-SVM,unconscious,unconscious,False,Image,False,6,4,5,5
1821,sub-04,rh-fusiform,0.45454545454545453,-0.11769797726729993,0.30769230769230765,0.6862808807593542,None + Linear-SVM,unconscious,unconscious,False,Image,False,6,2,4,5
1822,sub-04,rh-fusiform,0.36363636363636365,-0.1685499656158105,0.35294117647058826,0.700611470155093,None + Linear-SVM,unconscious,unconscious,False,Image,False,5,3,5,6
1823,sub-04,rh-fusiform,0.4805194805194805,-0.025482359571881278,0.39999999999999997,0.688353117343527,None + Linear-SVM,unconscious,unconscious,False,Image,False,6,3,4,5
1824,sub-04,rh-fusiform,0.27272727272727276,-0.39477101697586137,0.0,0.6842711476166146,None + Linear-SVM,unconscious,unconscious,False,Image,False,5,0,2,6
1825,sub-04,rh-fusiform,0.7,0.4485426135725303,0.6666666666666665,0.6764403903713415,None + Linear-SVM,unconscious,unconscious,False,Image,False,5,3,2,1
1826,sub-04,rh-fusiform,0.875,0.5773502691896257,0.7999999999999999,0.6858169190281832,None + Linear-SVM,unconscious,unconscious,False,Image,False,5,6,2,1
1827,sub-04,rh-fusiform,0.7361111111111113,0.5533985905294664,0.8181818181818182,0.7057844330245612,None + Linear-SVM,unconscious,unconscious,False,Image,False,5,9,3,1
1828,sub-04,rh-fusiform,0.9000000000000001,0.4485426135725303,0.6666666666666665,0.6722896084217542,None + Linear-SVM,unconscious,unconscious,False,Image,False,5,3,2,1
1829,sub-04,rh-fusiform,0.6944444444444444,0.31622776601683794,0.7272727272727272,0.7009160461831155,None + Linear-SVM,unconscious,unconscious,False,Image,False,4,8,4,2
1830,sub-04,rh-fusiform,0.5,0.06900655593423542,0.4444444444444445,0.6788961621771802,None + Linear-SVM,unconscious,unconscious,False,Image,False,4,2,3,2
1831,sub-04,rh-fusiform,0.5714285714285714,0.23809523809523808,0.6153846153846153,0.7006810201648747,None + Linear-SVM,unconscious,unconscious,False,Image,False,4,4,3,2
1832,sub-04,rh-fusiform,0.3333333333333333,-0.5,0.2222222222222222,0.678598350403821,None + Linear-SVM,unconscious,unconscious,False,Image,False,1,1,2,5
1833,sub-04,rh-fusiform,0.8095238095238095,0.4147575310031266,0.6666666666666666,0.6878273568790886,None + Linear-SVM,unconscious,unconscious,False,Image,False,5,4,3,1
1834,sub-04,rh-fusiform,0.5,-0.05143444998736397,0.36363636363636365,0.6968144645583497,None + Linear-SVM,unconscious,unconscious,False,Image,False,4,2,5,2
1835,sub-04,rh-fusiform,0.7407407407407407,0.49099025303098287,0.75,0.6877184538530774,None + Linear-SVM,unconscious,unconscious,False,Image,False,5,6,3,1
1836,sub-04,rh-fusiform,0.8222222222222223,0.45226701686664544,0.7692307692307692,0.7110144294770552,None + Linear-SVM,unconscious,unconscious,False,Image,False,5,10,5,1
1837,sub-04,rh-fusiform,0.5277777777777778,0.07905694150420949,0.6363636363636365,0.7269355029378476,None + Linear-SVM,unconscious,unconscious,False,Image,False,3,7,5,3
1838,sub-04,rh-fusiform,0.7083333333333333,0.3563483225498992,0.5714285714285715,0.6694750558409014,None + Linear-SVM,unconscious,unconscious,False,Image,False,5,2,2,1
1839,sub-04,rh-fusiform,0.5,0.06900655593423542,0.4444444444444445,0.6852928463670093,None + Linear-SVM,unconscious,unconscious,False,Image,False,4,2,3,2
1840,sub-04,rh-fusiform,0.6818181818181819,0.4497006112188861,0.7368421052631579,0.7034322382455498,None + Linear-SVM,unconscious,unconscious,False,Image,False,5,7,4,1
1841,sub-04,rh-fusiform,0.8,0.4485426135725303,0.6666666666666665,0.6774146558229321,None + Linear-SVM,unconscious,unconscious,False,Image,False,5,3,2,1
1842,sub-04,rh-fusiform,0.7435897435897436,0.4200412794412907,0.8,0.7096411918380191,None + Linear-SVM,unconscious,unconscious,False,Image,False,4,10,3,2
1843,sub-04,rh-fusiform,0.5,0.11769797726729993,0.5555555555555556,0.7200399153913623,None + Linear-SVM,unconscious,unconscious,False,Image,False,4,5,6,2
1844,sub-04,rh-fusiform,0.4444444444444445,0.0,0.4,0.6959242242077522,None + Linear-SVM,unconscious,unconscious,False,Image,False,4,2,4,2
1845,sub-04,rh-fusiform,0.7500000000000001,0.3333333333333333,0.5,0.6568870644135942,None + Linear-SVM,unconscious,unconscious,False,Image,False,5,1,1,1
1846,sub-04,rh-fusiform,0.8611111111111112,0.50709255283711,0.7272727272727272,0.6755728463165277,None + Linear-SVM,unconscious,unconscious,False,Image,False,5,4,2,1
1847,sub-04,rh-fusiform,0.6666666666666667,0.16666666666666666,0.5,0.6696634501245655,None + Linear-SVM,unconscious,unconscious,False,Image,False,4,2,2,2
1848,sub-04,rh-fusiform,0.7564102564102564,0.35003329844931896,0.6666666666666667,0.7095882651591829,None + Linear-SVM,unconscious,unconscious,False,Image,False,5,7,6,1
1849,sub-04,rh-fusiform,0.8333333333333334,0.5476190476190477,0.7692307692307692,0.6807922313994345,None + Linear-SVM,unconscious,unconscious,False,Image,False,5,5,2,1
1850,sub-04,rh-fusiform,0.7666666666666666,0.5163977794943222,0.7777777777777777,0.6991575892765001,None + Linear-SVM,unconscious,unconscious,False,Image,False,5,7,3,1
1851,sub-04,rh-fusiform,0.9166666666666667,0.7071067811865476,0.8,0.6748099028235375,None + Linear-SVM,unconscious,unconscious,False,Image,False,6,4,2,0
1852,sub-04,rh-fusiform,0.8484848484848485,0.5367394391967351,0.7999999999999999,0.7032998935287639,None + Linear-SVM,unconscious,unconscious,False,Image,False,5,8,3,1
1853,sub-04,rh-fusiform,0.5416666666666667,0.16666666666666666,0.5,0.6777964550096535,None + Linear-SVM,unconscious,unconscious,False,Image,False,4,2,2,2
1854,sub-04,rh-fusiform,0.7424242424242424,0.29012942659282975,0.7000000000000001,0.7039372536428665,None + Linear-SVM,unconscious,unconscious,False,Image,False,4,7,4,2
1855,sub-04,rh-fusiform,0.5625,0.16666666666666666,0.5714285714285715,0.7095410447407914,None + Linear-SVM,unconscious,unconscious,False,Image,False,4,4,4,2
1856,sub-04,rh-fusiform,0.888888888888889,0.50709255283711,0.7272727272727272,0.6729395138154897,None + Linear-SVM,unconscious,unconscious,False,Image,False,5,4,2,1
1857,sub-04,rh-fusiform,0.5370370370370371,-0.05455447255899809,0.5,0.7078098871011993,None + Linear-SVM,unconscious,unconscious,False,Image,False,3,4,5,3
1858,sub-04,rh-fusiform,0.7333333333333334,0.4485426135725303,0.6666666666666665,0.6819937619514489,None + Linear-SVM,unconscious,unconscious,False,Image,False,5,3,2,1
1859,sub-04,rh-fusiform,0.761904761904762,0.4147575310031266,0.6666666666666666,0.6846893546092344,None + Linear-SVM,unconscious,unconscious,False,Image,False,5,4,3,1
1860,sub-04,rh-fusiform,0.641025641025641,0.26257545381445874,0.6956521739130435,0.7163481264235642,None + Linear-SVM,unconscious,unconscious,False,Image,False,4,8,5,2
1861,sub-04,rh-fusiform,0.7666666666666666,0.4485426135725303,0.6666666666666665,0.6756779230005514,None + Linear-SVM,unconscious,unconscious,False,Image,False,5,3,2,1
1862,sub-04,rh-fusiform,0.8333333333333334,0.4485426135725303,0.6666666666666665,0.6725213290586701,None + Linear-SVM,unconscious,unconscious,False,Image,False,5,3,2,1
1863,sub-04,rh-fusiform,0.6666666666666667,0.0,0.3333333333333333,0.6682366774727996,None + Linear-SVM,unconscious,unconscious,False,Image,False,4,1,2,2
1864,sub-04,rh-fusiform,0.6333333333333333,0.0,0.5555555555555556,0.706812692531316,None + Linear-SVM,unconscious,unconscious,False,Image,False,3,5,5,3
1865,sub-04,rh-fusiform,0.8055555555555556,0.50709255283711,0.7272727272727272,0.6845669818177379,None + Linear-SVM,unconscious,unconscious,False,Image,False,5,4,2,1
1866,sub-04,rh-fusiform,0.5833333333333334,0.1690308509457033,0.5454545454545454,0.6930707253497399,None + Linear-SVM,unconscious,unconscious,False,Image,False,4,3,3,2
1867,sub-04,rh-fusiform,0.6875,0.4583333333333333,0.7142857142857143,0.6966737199661223,None + Linear-SVM,unconscious,unconscious,False,Image,False,5,5,3,1
1868,sub-04,rh-fusiform,0.7592592592592593,0.32732683535398854,0.7058823529411765,0.6955503284096215,None + Linear-SVM,unconscious,unconscious,False,Image,False,4,6,3,2
1869,sub-04,rh-fusiform,0.638888888888889,0.1690308509457033,0.5454545454545454,0.6832204736556111,None + Linear-SVM,unconscious,unconscious,False,Image,False,4,3,3,2
1870,sub-04,rh-fusiform,0.5833333333333334,0.16666666666666666,0.5714285714285715,0.7044308321856637,None + Linear-SVM,unconscious,unconscious,False,Image,False,4,4,4,2
1871,sub-04,rh-fusiform,0.7142857142857142,0.23809523809523808,0.6153846153846153,0.6908013501134947,None + Linear-SVM,unconscious,unconscious,False,Image,False,4,4,3,2
1872,sub-04,rh-fusiform,0.4166666666666667,-0.2182178902359924,0.0,0.6631158137589018,None + Linear-SVM,unconscious,unconscious,False,Image,False,5,0,2,1
1873,sub-04,rh-fusiform,0.6333333333333333,0.06900655593423542,0.4444444444444445,0.6815880817810261,None + Linear-SVM,unconscious,unconscious,False,Image,False,4,2,3,2
1874,sub-04,rh-fusiform,0.75,0.4583333333333333,0.7142857142857143,0.6908429522129718,None + Linear-SVM,unconscious,unconscious,False,Image,False,5,5,3,1
1875,sub-04,rh-fusiform,0.5972222222222223,0.2357022603955158,0.6666666666666666,0.7116923461876633,None + Linear-SVM,unconscious,unconscious,False,Image,False,4,7,5,2
1876,sub-04,rh-fusiform,0.7,0.06900655593423542,0.4444444444444445,0.6817074167219224,None + Linear-SVM,unconscious,unconscious,False,Image,False,4,2,3,2
1877,sub-04,rh-fusiform,0.5972222222222223,0.15811388300841897,0.6,0.7046712002338786,None + Linear-SVM,unconscious,unconscious,False,Image,False,4,6,6,2
1878,sub-04,rh-fusiform,0.43333333333333335,0.06900655593423542,0.4444444444444445,0.691888707428557,None + Linear-SVM,unconscious,unconscious,False,Image,False,4,2,3,2
1879,sub-04,rh-fusiform,0.47619047619047616,0.23809523809523808,0.6153846153846153,0.7106071694916228,None + Linear-SVM,unconscious,unconscious,False,Image,False,4,4,3,2
1880,sub-04,rh-fusiform,0.27777777777777773,-0.31622776601683794,0.25,0.7000007472199026,None + Linear-SVM,unconscious,unconscious,False,Image,False,2,1,2,4
1881,sub-04,rh-fusiform,0.6904761904761905,0.23809523809523808,0.6153846153846153,0.6908391283891645,None + Linear-SVM,unconscious,unconscious,False,Image,False,4,4,3,2
1882,sub-04,rh-fusiform,0.47619047619047616,-0.21957751641341997,0.3333333333333333,0.7020392009255588,None + Linear-SVM,unconscious,unconscious,False,Image,False,3,2,5,3
1883,sub-04,rh-fusiform,0.6481481481481483,0.49099025303098287,0.75,0.6939254671595197,None + Linear-SVM,unconscious,unconscious,False,Image,False,5,6,3,1
1884,sub-04,rh-fusiform,0.6444444444444445,0.18090680674665818,0.64,0.7150642608860467,None + Linear-SVM,unconscious,unconscious,False,Image,False,4,8,7,2
1885,sub-04,rh-fusiform,0.29166666666666663,-0.16116459280507606,0.4210526315789474,0.7487396217656348,None + Linear-SVM,unconscious,unconscious,False,Image,False,3,4,8,3
1886,sub-04,rh-fusiform,0.625,0.16666666666666666,0.5,0.677696613935881,None + Linear-SVM,unconscious,unconscious,False,Image,False,4,2,2,2
1887,sub-04,rh-fusiform,0.3666666666666667,-0.1,0.4000000000000001,0.7025400375825671,None + Linear-SVM,unconscious,unconscious,False,Image,False,3,2,3,3
1888,sub-04,rh-fusiform,0.5454545454545454,0.2030905986149808,0.631578947368421,0.7079451599121397,None + Linear-SVM,unconscious,unconscious,False,Image,False,4,6,5,2
1889,sub-04,rh-fusiform,0.5666666666666667,0.06900655593423542,0.4444444444444445,0.6901724880165839,None + Linear-SVM,unconscious,unconscious,False,Image,False,4,2,3,2
1890,sub-04,rh-fusiform,0.6153846153846154,0.19096396641051544,0.6363636363636364,0.7122375530069918,None + Linear-SVM,unconscious,unconscious,False,Image,False,4,7,6,2
1891,sub-04,rh-fusiform,0.42424242424242425,-0.13241022442571243,0.4444444444444444,0.7277195918343239,None + Linear-SVM,unconscious,unconscious,False,Image,False,3,4,7,3
1892,sub-04,rh-fusiform,0.33333333333333337,-0.1690308509457033,0.3636363636363636,0.7050973067955963,None + Linear-SVM,unconscious,unconscious,False,Image,False,3,2,4,3
1893,sub-04,rh-fusiform,0.6666666666666667,0.14907119849998599,0.4,0.6667153240249116,None + Linear-SVM,unconscious,unconscious,False,Image,False,4,1,1,2
1894,sub-04,rh-fusiform,0.6666666666666667,0.3333333333333333,0.6666666666666666,0.684879843082372,None + Linear-SVM,unconscious,unconscious,False,Image,False,4,4,2,2
1895,sub-04,rh-fusiform,0.4166666666666667,-0.0890870806374748,0.28571428571428575,0.6837124067490825,None + Linear-SVM,unconscious,unconscious,False,Image,False,4,1,3,2
1896,sub-04,rh-fusiform,0.6153846153846154,0.26257545381445874,0.6956521739130435,0.7138410470758862,None + Linear-SVM,unconscious,unconscious,False,Image,False,4,8,5,2
1897,sub-04,rh-fusiform,0.6904761904761905,0.23809523809523808,0.6153846153846153,0.687470668604957,None + Linear-SVM,unconscious,unconscious,False,Image,False,4,4,3,2
1898,sub-04,rh-fusiform,0.6666666666666666,0.2581988897471611,0.6666666666666665,0.7007032312930461,None + Linear-SVM,unconscious,unconscious,False,Image,False,4,6,4,2
1899,sub-04,rh-fusiform,0.75,0.50709255283711,0.7272727272727272,0.6770773606588764,None + Linear-SVM,unconscious,unconscious,False,Image,False,5,4,2,1
1900,sub-04,rh-fusiform,0.696969696969697,0.48484848484848486,0.8181818181818182,0.7061269106815429,None + Linear-SVM,unconscious,unconscious,False,Image,False,4,9,2,2
1901,sub-04,rh-fusiform,0.3333333333333333,-0.25,0.25,0.6967514459831471,None + Linear-SVM,unconscious,unconscious,False,Image,False,3,1,3,3
1902,sub-04,rh-fusiform,0.6363636363636362,0.2030905986149808,0.631578947368421,0.7053255127465892,None + Linear-SVM,unconscious,unconscious,False,Image,False,4,6,5,2
1903,sub-04,rh-fusiform,0.3541666666666667,-0.125,0.42857142857142855,0.7356975743843736,None + Linear-SVM,unconscious,unconscious,False,Image,False,3,3,5,3
1904,sub-04,rh-fusiform,0.8055555555555556,0.50709255283711,0.7272727272727272,0.6791989911678752,None + Linear-SVM,unconscious,unconscious,False,Image,False,5,4,2,1
1905,sub-04,rh-fusiform,0.5185185185185185,-0.12309149097933272,0.30769230769230765,0.7172058260762287,None + Linear-SVM,unconscious,unconscious,False,Image,False,4,2,7,2
1906,sub-04,rh-fusiform,0.6000000000000001,0.26666666666666666,0.6,0.6885609088813083,None + Linear-SVM,unconscious,unconscious,False,Image,False,4,3,2,2
1907,sub-04,rh-fusiform,0.5238095238095238,0.09759000729485333,0.5,0.6950634868365222,None + Linear-SVM,unconscious,unconscious,False,Image,False,4,3,4,2
1908,sub-04,rh-fusiform,0.5128205128205128,0.1207011373963169,0.5714285714285714,0.7220942279056409,None + Linear-SVM,unconscious,unconscious,False,Image,False,4,6,7,2
1909,sub-04,rh-fusiform,0.5666666666666667,0.06900655593423542,0.4444444444444445,0.6893640970141595,None + Linear-SVM,unconscious,unconscious,False,Image,False,4,2,3,2
1910,sub-04,rh-fusiform,0.7666666666666666,0.4485426135725303,0.6666666666666665,0.6768073034607291,None + Linear-SVM,unconscious,unconscious,False,Image,False,5,3,2,1
1911,sub-04,rh-fusiform,0.5555555555555556,-0.15811388300841897,0.28571428571428575,0.6798556829465712,None + Linear-SVM,unconscious,unconscious,False,Image,False,3,1,2,3
1912,sub-04,rh-fusiform,0.5333333333333334,0.06666666666666667,0.5,0.7146619808907193,None + Linear-SVM,unconscious,unconscious,False,Image,False,4,4,6,2
1913,sub-04,rh-fusiform,0.6111111111111113,0.3333333333333333,0.6666666666666666,0.6957120576037314,None + Linear-SVM,unconscious,unconscious,False,Image,False,4,4,2,2
1914,sub-04,rh-fusiform,0.44444444444444453,0.0,0.5,0.7059888531193708,None + Linear-SVM,unconscious,unconscious,False,Image,False,3,3,3,3
1915,sub-04,rh-fusiform,0.625,0.28867513459481287,0.6666666666666666,0.6982661962051494,None + Linear-SVM,unconscious,unconscious,False,Image,False,4,5,3,2
1916,sub-04,rh-fusiform,0.6296296296296297,0.21821789023599236,0.6250000000000001,0.7004803540311193,None + Linear-SVM,unconscious,unconscious,False,Image,False,4,5,4,2
1917,sub-04,rh-fusiform,0.6111111111111112,0.1690308509457033,0.5454545454545454,0.6919541654586322,None + Linear-SVM,unconscious,unconscious,False,Image,False,4,3,3,2
1918,sub-04,rh-fusiform,0.375,0.0,0.5333333333333333,0.7129750111227465,None + Linear-SVM,unconscious,unconscious,False,Image,False,3,4,4,3
1919,sub-04,rh-fusiform,0.5714285714285714,0.23809523809523808,0.6153846153846153,0.6985677191740514,None + Linear-SVM,unconscious,unconscious,False,Image,False,4,4,3,2
1920,sub-04,rh-fusiform,0.4166666666666667,-0.2182178902359924,0.0,0.6782089491596613,None + Linear-SVM,unconscious,unconscious,False,Image,False,5,0,2,1
1921,sub-04,rh-fusiform,0.64,0.0,0.4444444444444445,0.6818561356713682,None + Linear-SVM,unconscious,unconscious,False,Image,False,3,2,3,2
1922,sub-04,rh-fusiform,0.875,0.4147575310031266,0.7142857142857143,0.6886057853411013,None + Linear-SVM,unconscious,unconscious,False,Image,False,4,5,3,1
1923,sub-04,rh-fusiform,0.7,0.20658356100321165,0.5555555555555556,0.7096057965593598,None + Linear-SVM,unconscious,unconscious,False,Image,False,4,5,7,1
1924,sub-04,rh-fusiform,0.76,0.408248290463863,0.6666666666666665,0.6770744651482661,None + Linear-SVM,unconscious,unconscious,False,Image,False,4,3,2,1
1925,sub-04,rh-fusiform,0.6333333333333333,0.3337119062359573,0.7826086956521738,0.7095807810697016,None + Linear-SVM,unconscious,unconscious,False,Image,False,3,9,3,2
1926,sub-04,rh-fusiform,0.64,0.0,0.4444444444444445,0.685884811792152,None + Linear-SVM,unconscious,unconscious,False,Image,False,3,2,3,2
1927,sub-04,rh-fusiform,0.5142857142857142,0.02857142857142857,0.5,0.7087873346122718,None + Linear-SVM,unconscious,unconscious,False,Image,False,3,3,4,2
1928,sub-04,rh-fusiform,0.39999999999999997,-0.06666666666666667,0.3333333333333333,0.6898929627457511,None + Linear-SVM,unconscious,unconscious,False,Image,False,3,1,2,2
1929,sub-04,rh-fusiform,0.7142857142857143,0.23904572186687872,0.5454545454545454,0.6937914590699871,None + Linear-SVM,unconscious,unconscious,False,Image,False,4,3,4,1
1930,sub-04,rh-fusiform,0.5428571428571428,0.02857142857142857,0.5,0.7007172689840998,None + Linear-SVM,unconscious,unconscious,False,Image,False,3,3,4,2
1931,sub-04,rh-fusiform,0.7777777777777777,0.4472135954999579,0.75,0.6932468206248007,None + Linear-SVM,unconscious,unconscious,False,Image,False,4,6,3,1
1932,sub-04,rh-fusiform,0.8,0.34641016151377546,0.7200000000000001,0.7153657594269905,None + Linear-SVM,unconscious,unconscious,False,Image,False,4,9,6,1
1933,sub-04,rh-fusiform,0.5,0.16735967034880075,0.6666666666666666,0.7391420589001989,None + Linear-SVM,unconscious,unconscious,False,Image,False,3,7,5,2
1934,sub-04,rh-fusiform,0.7000000000000001,0.31622776601683794,0.5714285714285715,0.6738363802458158,None + Linear-SVM,unconscious,unconscious,False,Image,False,4,2,2,1
1935,sub-04,rh-fusiform,0.52,0.0,0.4444444444444445,0.6950768195955936,None + Linear-SVM,unconscious,unconscious,False,Image,False,3,2,3,2
1936,sub-04,rh-fusiform,0.6000000000000001,0.13483997249264842,0.631578947368421,0.7098919404414599,None + Linear-SVM,unconscious,unconscious,False,Image,False,3,6,5,2
1937,sub-04,rh-fusiform,0.6799999999999999,0.0,0.28571428571428575,0.6847861101155629,None + Linear-SVM,unconscious,unconscious,False,Image,False,4,1,4,1
1938,sub-04,rh-fusiform,0.6461538461538462,0.12403473458920847,0.6363636363636364,0.7155807124351902,None + Linear-SVM,unconscious,unconscious,False,Image,False,3,7,6,2
1939,sub-04,rh-fusiform,0.47272727272727266,0.050964719143762556,0.5555555555555556,0.7302043478099403,None + Linear-SVM,unconscious,unconscious,False,Image,False,3,5,6,2
1940,sub-04,rh-fusiform,0.4333333333333333,-0.06900655593423542,0.4,0.7042569195233997,None + Linear-SVM,unconscious,unconscious,False,Image,False,3,2,4,2
1941,sub-04,rh-fusiform,0.7,0.3,0.5,0.6597114913961237,None + Linear-SVM,unconscious,unconscious,False,Image,False,4,1,1,1
1942,sub-04,rh-fusiform,0.7999999999999999,0.4666666666666667,0.7272727272727272,0.680222639355643,None + Linear-SVM,unconscious,unconscious,False,Image,False,4,4,2,1
1943,sub-04,rh-fusiform,0.6,-0.15811388300841897,0.28571428571428575,0.682441462206021,None + Linear-SVM,unconscious,unconscious,False,Image,False,3,1,3,2
1944,sub-04,rh-fusiform,0.7230769230769232,0.24029618753167464,0.6,0.7140554863350436,None + Linear-SVM,unconscious,unconscious,False,Image,False,4,6,7,1
1945,sub-04,rh-fusiform,0.7428571428571429,0.23904572186687872,0.5454545454545454,0.6866019396664763,None + Linear-SVM,unconscious,unconscious,False,Image,False,4,3,4,1
1946,sub-04,rh-fusiform,0.72,0.2,0.5333333333333333,0.7017790616686201,None + Linear-SVM,unconscious,unconscious,False,Image,False,4,4,6,1
1947,sub-04,rh-fusiform,0.9,0.6900655593423543,0.8,0.6753888852960327,None + Linear-SVM,unconscious,unconscious,False,Image,False,5,4,2,0
1948,sub-04,rh-fusiform,0.7272727272727273,0.16363636363636364,0.5000000000000001,0.7086667415879402,None + Linear-SVM,unconscious,unconscious,False,Image,False,4,4,7,1
1949,sub-04,rh-fusiform,0.44999999999999996,-0.15811388300841897,0.28571428571428575,0.6924134316783292,None + Linear-SVM,unconscious,unconscious,False,Image,False,3,1,3,2
1950,sub-04,rh-fusiform,0.709090909090909,0.22084711628963774,0.7000000000000001,0.7107025829762701,None + Linear-SVM,unconscious,unconscious,False,Image,False,3,7,4,2
1951,sub-04,rh-fusiform,0.5,0.09759000729485333,0.5714285714285715,0.7174259897315933,None + Linear-SVM,unconscious,unconscious,False,Image,False,3,4,4,2
1952,sub-04,rh-fusiform,0.7666666666666666,0.4666666666666667,0.7272727272727272,0.6766169572177125,None + Linear-SVM,unconscious,unconscious,False,Image,False,4,4,2,1
1953,sub-04,rh-fusiform,0.5777777777777777,0.04303314829119352,0.5333333333333333,0.7160672998598149,None + Linear-SVM,unconscious,unconscious,False,Image,False,3,4,5,2
1954,sub-04,rh-fusiform,0.64,0.2182178902359924,0.5,0.6851019682942847,None + Linear-SVM,unconscious,unconscious,False,Image,False,4,2,3,1
1955,sub-04,rh-fusiform,0.6857142857142857,0.1690308509457033,0.6153846153846153,0.6925163879833685,None + Linear-SVM,unconscious,unconscious,False,Image,False,3,4,3,2
1956,sub-04,rh-fusiform,0.6461538461538462,0.12403473458920847,0.6363636363636364,0.7209443428725391,None + Linear-SVM,unconscious,unconscious,False,Image,False,3,7,6,2
1957,sub-04,rh-fusiform,0.72,0.2182178902359924,0.5,0.6810348314325368,None + Linear-SVM,unconscious,unconscious,False,Image,False,4,2,3,1
1958,sub-04,rh-fusiform,0.76,0.408248290463863,0.6666666666666665,0.6762654918014004,None + Linear-SVM,unconscious,unconscious,False,Image,False,4,3,2,1
1959,sub-04,rh-fusiform,0.6,-0.06666666666666667,0.3333333333333333,0.6743652581059347,None + Linear-SVM,unconscious,unconscious,False,Image,False,3,1,2,2
1960,sub-04,rh-fusiform,0.5800000000000001,0.0,0.5,0.7150071332656638,None + Linear-SVM,unconscious,unconscious,False,Image,False,3,4,6,2
1961,sub-04,rh-fusiform,0.5666666666666667,0.26666666666666666,0.6666666666666666,0.6942358489484679,None + Linear-SVM,unconscious,unconscious,False,Image,False,3,4,2,2
1962,sub-04,rh-fusiform,0.5,-0.06900655593423542,0.4,0.7053186702648765,None + Linear-SVM,unconscious,unconscious,False,Image,False,3,2,4,2
1963,sub-04,rh-fusiform,0.675,0.3,0.6153846153846154,0.7028912881313777,None + Linear-SVM,unconscious,unconscious,False,Image,False,4,4,4,1
1964,sub-04,rh-fusiform,0.7555555555555555,0.34426518632954817,0.6666666666666667,0.7016174344333775,None + Linear-SVM,unconscious,unconscious,False,Image,False,4,5,4,1
1965,sub-04,rh-fusiform,0.6333333333333333,0.1,0.5454545454545454,0.6924944936837685,None + Linear-SVM,unconscious,unconscious,False,Image,False,3,3,3,2
1966,sub-04,rh-fusiform,0.6000000000000001,0.09759000729485333,0.5714285714285715,0.7108448150324018,None + Linear-SVM,unconscious,unconscious,False,Image,False,3,4,4,2
1967,sub-04,rh-fusiform,0.657142857142857,0.1690308509457033,0.6153846153846153,0.6972708999209067,None + Linear-SVM,unconscious,unconscious,False,Image,False,3,4,3,2
1968,sub-04,rh-fusiform,0.3,-0.4,0.0,0.6694623624128404,None + Linear-SVM,unconscious,unconscious,False,Image,False,3,0,2,2
1969,sub-04,rh-fusiform,0.6000000000000001,0.4,0.5714285714285715,0.7113809056282937,None + Linear-SVM,unconscious,unconscious,False,Image,False,2,2,3,0
1970,sub-04,rh-fusiform,0.6875,0.3273268353539886,0.5454545454545454,0.7158683850665685,None + Linear-SVM,unconscious,unconscious,False,Image,False,2,3,5,0
1971,sub-04,rh-fusiform,0.625,0.3042903097250923,0.5882352941176471,0.7403117209384144,None + Linear-SVM,unconscious,unconscious,False,Image,False,2,5,7,0
1972,sub-04,rh-fusiform,0.6,0.2581988897471611,0.33333333333333337,0.7058120714487289,None + Linear-SVM,unconscious,unconscious,False,Image,False,2,1,4,0
1973,sub-04,rh-fusiform,0.5416666666666667,0.21320071635561044,0.4,0.7341943122175444,None + Linear-SVM,unconscious,unconscious,False,Image,False,2,3,9,0
1974,sub-04,rh-fusiform,0.5,0.4,0.5714285714285715,0.7176650233640112,None + Linear-SVM,unconscious,unconscious,False,Image,False,2,2,3,0
1975,sub-04,rh-fusiform,0.4285714285714286,0.05976143046671968,0.6666666666666666,0.7399387830504764,None + Linear-SVM,unconscious,unconscious,False,Image,False,1,4,3,1
1976,sub-04,rh-fusiform,0.3333333333333333,-0.16666666666666666,0.4,0.7391317209211907,None + Linear-SVM,unconscious,unconscious,False,Image,False,1,1,2,1
1977,sub-04,rh-fusiform,0.7142857142857143,0.3779644730092272,0.6,0.7182779888238092,None + Linear-SVM,unconscious,unconscious,False,Image,False,2,3,4,0
1978,sub-04,rh-fusiform,0.5,0.1889822365046136,0.7692307692307692,0.7311825816475152,None + Linear-SVM,unconscious,unconscious,False,Image,False,1,5,2,1
1979,sub-04,rh-fusiform,0.6111111111111112,0.3563483225498992,0.6153846153846153,0.7181902725511984,None + Linear-SVM,unconscious,unconscious,False,Image,False,2,4,5,0
1980,sub-04,rh-fusiform,0.7333333333333334,0.3055050463303894,0.6363636363636364,0.7396092997405005,None + Linear-SVM,unconscious,unconscious,False,Image,False,2,7,8,0
1981,sub-04,rh-fusiform,0.4583333333333333,0.12171612389003691,0.761904761904762,0.7714176290908387,None + Linear-SVM,unconscious,unconscious,False,Image,False,1,8,4,1
1982,sub-04,rh-fusiform,0.625,0.31622776601683794,0.4,0.7035675674851717,None + Linear-SVM,unconscious,unconscious,False,Image,False,2,1,3,0
1983,sub-04,rh-fusiform,0.4,-0.09128709291752768,0.5,0.7342898633906397,None + Linear-SVM,unconscious,unconscious,False,Image,False,1,2,3,1
1984,sub-04,rh-fusiform,0.5909090909090909,0.2842676218074806,0.5333333333333333,0.7367235589469373,None + Linear-SVM,unconscious,unconscious,False,Image,False,2,4,7,0
1985,sub-04,rh-fusiform,0.5,0.0,0.0,0.7147076659146896,None + Linear-SVM,unconscious,unconscious,False,Image,False,2,0,5,0
1986,sub-04,rh-fusiform,0.6153846153846154,0.23652495839563303,0.47058823529411764,0.7399743027364496,None + Linear-SVM,unconscious,unconscious,False,Image,False,2,4,9,0
1987,sub-04,rh-fusiform,0.45454545454545453,0.03289758474798845,0.6666666666666665,0.7579868735118684,None + Linear-SVM,unconscious,unconscious,False,Image,False,1,6,5,1
1988,sub-04,rh-fusiform,0.5,0.2182178902359924,0.2857142857142857,0.7385919009177244,None + Linear-SVM,unconscious,unconscious,False,Image,False,2,1,5,0
1989,sub-04,rh-fusiform,0.5,0.0,0.0,0.6899372226707077,None + Linear-SVM,unconscious,unconscious,False,Image,False,2,0,2,0
1990,sub-04,rh-fusiform,0.75,0.4472135954999579,0.6666666666666666,0.7082152101586581,None + Linear-SVM,unconscious,unconscious,False,Image,False,2,3,3,0
1991,sub-04,rh-fusiform,0.625,0.31622776601683794,0.4,0.7107691964045655,None + Linear-SVM,unconscious,unconscious,False,Image,False,2,1,3,0
1992,sub-04,rh-fusiform,0.6538461538461539,0.2773500981126146,0.5555555555555556,0.7412281243049302,None + Linear-SVM,unconscious,unconscious,False,Image,False,2,5,8,0
1993,sub-04,rh-fusiform,0.7142857142857143,0.3779644730092272,0.6,0.7103259157127721,None + Linear-SVM,unconscious,unconscious,False,Image,False,2,3,4,0
1994,sub-04,rh-fusiform,0.65,0.25819888974716115,0.4615384615384615,0.7279764064960732,None + Linear-SVM,unconscious,unconscious,False,Image,False,2,3,7,0
1995,sub-04,rh-fusiform,0.9166666666666667,0.5773502691896258,0.8,0.6999762451179191,None + Linear-SVM,unconscious,unconscious,False,Image,False,2,4,2,0
1996,sub-04,rh-fusiform,0.6363636363636364,0.23354968324845687,0.42857142857142855,0.7347422817626149,None + Linear-SVM,unconscious,unconscious,False,Image,False,2,3,8,0
1997,sub-04,rh-fusiform,0.375,0.0,0.5714285714285715,0.7335066768476932,None + Linear-SVM,unconscious,unconscious,False,Image,False,1,2,2,1
1998,sub-04,rh-fusiform,0.6363636363636364,0.2842676218074806,0.5333333333333333,0.7353107496663204,None + Linear-SVM,unconscious,unconscious,False,Image,False,2,4,7,0
1999,sub-04,rh-fusiform,0.4375,0.10206207261596577,0.7142857142857143,0.7628909840770141,None + Linear-SVM,unconscious,unconscious,False,Image,False,1,5,3,1
2000,sub-04,rh-fusiform,0.6666666666666666,0.3333333333333333,0.5,0.6994814666390612,None + Linear-SVM,unconscious,unconscious,False,Image,False,2,2,4,0
2001,sub-04,rh-fusiform,0.3888888888888889,-0.04303314829119352,0.5714285714285714,0.7519716220703551,None + Linear-SVM,unconscious,unconscious,False,Image,False,1,4,5,1
2002,sub-04,rh-fusiform,0.6000000000000001,0.4,0.5714285714285715,0.719327570719018,None + Linear-SVM,unconscious,unconscious,False,Image,False,2,2,3,0
2003,sub-04,rh-fusiform,0.6428571428571428,0.2857142857142857,0.4444444444444445,0.7214751865342339,None + Linear-SVM,unconscious,unconscious,False,Image,False,2,2,5,0
2004,sub-04,rh-fusiform,0.5769230769230769,0.23652495839563303,0.47058823529411764,0.7487735255214134,None + Linear-SVM,unconscious,unconscious,False,Image,False,2,4,9,0
2005,sub-04,rh-fusiform,0.6,0.2581988897471611,0.33333333333333337,0.7184643477358267,None + Linear-SVM,unconscious,unconscious,False,Image,False,2,1,4,0
2006,sub-04,rh-fusiform,0.7,0.4,0.5714285714285715,0.7009437831675284,None + Linear-SVM,unconscious,unconscious,False,Image,False,2,2,3,0
2007,sub-04,rh-fusiform,0.5,0.0,0.0,0.7057622643438635,None + Linear-SVM,unconscious,unconscious,False,Image,False,2,0,3,0
2008,sub-04,rh-fusiform,0.55,0.2,0.33333333333333337,0.7436638652067864,None + Linear-SVM,unconscious,unconscious,False,Image,False,2,2,8,0
2009,sub-04,rh-fusiform,0.5833333333333334,0.3333333333333333,0.5,0.7256554953546532,None + Linear-SVM,unconscious,unconscious,False,Image,False,2,2,4,0
2010,sub-04,rh-fusiform,0.5,0.2182178902359924,0.2857142857142857,0.7358259894277233,None + Linear-SVM,unconscious,unconscious,False,Image,False,2,1,5,0
2011,sub-04,rh-fusiform,0.5,0.16666666666666666,0.2222222222222222,0.7280903480049405,None + Linear-SVM,unconscious,unconscious,False,Image,False,2,1,7,0
2012,sub-04,rh-fusiform,0.6666666666666666,0.28867513459481287,0.5,0.7282690500035166,None + Linear-SVM,unconscious,unconscious,False,Image,False,2,3,6,0
2013,sub-04,rh-fusiform,0.5833333333333334,0.3333333333333333,0.5,0.7208453446300768,None + Linear-SVM,unconscious,unconscious,False,Image,False,2,2,4,0
2014,sub-04,rh-fusiform,0.5625,0.16666666666666666,0.2222222222222222,0.7462990461792206,None + Linear-SVM,unconscious,unconscious,False,Image,False,2,1,7,0
2015,sub-04,rh-fusiform,0.6428571428571428,0.3779644730092272,0.6,0.7305105641537832,None + Linear-SVM,unconscious,unconscious,False,Image,False,2,3,4,0
2016,sub-04,rh-fusiform,0.25,-0.5773502691896258,0.0,0.7044850159005254,None + Linear-SVM,unconscious,unconscious,False,Image,False,1,0,2,1
2017,sub-04,rh-fusiform,0.6666666666666666,0.378489059622558,0.5,0.6654061417273731,None + Linear-SVM,unconscious,unconscious,False,Image,False,11,2,3,1
2018,sub-04,rh-fusiform,0.8333333333333333,0.4923659639173309,0.7058823529411765,0.6735625286010616,None + Linear-SVM,unconscious,unconscious,False,Image,False,9,6,2,3
2019,sub-04,rh-fusiform,0.6527777777777777,0.2508726030021272,0.6086956521739131,0.6869263500917532,None + Linear-SVM,unconscious,unconscious,False,Image,False,8,7,5,4
2020,sub-04,rh-fusiform,0.55,0.06356417261637282,0.3636363636363636,0.6702546097113659,None + Linear-SVM,unconscious,unconscious,False,Image,False,8,2,3,4
2021,sub-04,rh-fusiform,0.6527777777777778,0.08362420100070908,0.5217391304347826,0.6846420340198259,None + Linear-SVM,unconscious,unconscious,False,Image,False,7,6,6,5
2022,sub-04,rh-fusiform,0.5,-0.3337119062359573,0.25000000000000006,0.6694381533660171,None + Linear-SVM,unconscious,unconscious,False,Image,False,3,2,3,9
2023,sub-04,rh-fusiform,0.5,0.011631052629980886,0.39999999999999997,0.6823136469492359,None + Linear-SVM,unconscious,unconscious,False,Image,False,7,3,4,5
2024,sub-04,rh-fusiform,0.38888888888888884,-0.35355339059327373,0.15384615384615383,0.6631811587743136,None + Linear-SVM,unconscious,unconscious,False,Image,False,3,1,2,9
2025,sub-04,rh-fusiform,0.6190476190476191,0.2326210525996177,0.5333333333333333,0.6743861195266059,None + Linear-SVM,unconscious,unconscious,False,Image,False,8,4,3,4
2026,sub-04,rh-fusiform,0.38095238095238093,-0.3680349649825889,0.23529411764705882,0.6787795591914901,None + Linear-SVM,unconscious,unconscious,False,Image,False,4,2,5,8
2027,sub-04,rh-fusiform,0.7037037037037037,0.408248290463863,0.6250000000000001,0.6770843731591413,None + Linear-SVM,unconscious,unconscious,False,Image,False,10,5,4,2
2028,sub-04,rh-fusiform,0.6944444444444444,0.26519741765271837,0.6428571428571429,0.6939805867602565,None + Linear-SVM,unconscious,unconscious,False,Image,False,8,9,6,4
2029,sub-04,rh-fusiform,0.4375,-0.2508726030021272,0.34782608695652173,0.6980998963207607,None + Linear-SVM,unconscious,unconscious,False,Image,False,5,4,8,7
2030,sub-04,rh-fusiform,0.6666666666666666,0.14907119849998599,0.4,0.666243187374961,None + Linear-SVM,unconscious,unconscious,False,Image,False,8,2,2,4
2031,sub-04,rh-fusiform,0.4,-0.3337119062359573,0.25000000000000006,0.675794881457723,None + Linear-SVM,unconscious,unconscious,False,Image,False,3,2,3,9
2032,sub-04,rh-fusiform,0.5757575757575757,0.21452908258025827,0.5263157894736842,0.6879322941183222,None + Linear-SVM,unconscious,unconscious,False,Image,False,9,5,6,3
2033,sub-04,rh-fusiform,0.65,0.25064020591380154,0.4444444444444445,0.6691974728418789,None + Linear-SVM,unconscious,unconscious,False,Image,False,10,2,3,2
2034,sub-04,rh-fusiform,0.5448717948717949,-0.11613144917081457,0.41666666666666663,0.6920195441362806,None + Linear-SVM,unconscious,unconscious,False,Image,False,6,5,8,6
2035,sub-04,rh-fusiform,0.43939393939393934,-0.2196969696969697,0.36363636363636365,0.6954778829441184,None + Linear-SVM,unconscious,unconscious,False,Image,False,5,4,7,7
2036,sub-04,rh-fusiform,0.5,0.08770580193070292,0.3636363636363636,0.6768862949154675,None + Linear-SVM,unconscious,unconscious,False,Image,False,9,2,4,3
2037,sub-04,rh-fusiform,0.75,0.19364916731037085,0.3333333333333333,0.6563104198654617,None + Linear-SVM,unconscious,unconscious,False,Image,False,9,1,1,3
2038,sub-04,rh-fusiform,0.7083333333333334,0.25,0.5,0.6705816092882018,None + Linear-SVM,unconscious,unconscious,False,Image,False,9,3,3,3
2039,sub-04,rh-fusiform,0.47916666666666663,-0.14907119849998599,0.2,0.6684626357657157,None + Linear-SVM,unconscious,unconscious,False,Image,False,7,1,3,5
2040,sub-04,rh-fusiform,0.6025641025641025,0.038461538461538464,0.5384615384615384,0.6911676211438702,None + Linear-SVM,unconscious,unconscious,False,Image,False,6,7,6,6
2041,sub-04,rh-fusiform,0.5714285714285714,-0.06900655593423542,0.375,0.6732719421218044,None + Linear-SVM,unconscious,unconscious,False,Image,False,6,3,4,6
2042,sub-04,rh-fusiform,0.7583333333333333,0.3651483716701107,0.6666666666666666,0.6794594626637598,None + Linear-SVM,unconscious,unconscious,False,Image,False,8,7,3,4
2043,sub-04,rh-fusiform,0.875,0.7559289460184544,0.8,0.667961455542054,None + Linear-SVM,unconscious,unconscious,False,Image,False,12,4,2,0
2044,sub-04,rh-fusiform,0.5303030303030303,-0.045454545454545456,0.45454545454545453,0.6895426098182196,None + Linear-SVM,unconscious,unconscious,False,Image,False,6,5,6,6
2045,sub-04,rh-fusiform,0.3125,-0.363696483726654,0.15384615384615383,0.6722098829754476,None + Linear-SVM,unconscious,unconscious,False,Image,False,4,1,3,8
2046,sub-04,rh-fusiform,0.5909090909090908,0.21452908258025827,0.5263157894736842,0.687892309681304,None + Linear-SVM,unconscious,unconscious,False,Image,False,9,5,6,3
2047,sub-04,rh-fusiform,0.5520833333333333,-0.25677629550654774,0.380952380952381,0.6835010335471751,None + Linear-SVM,unconscious,unconscious,False,Image,False,3,4,4,9
2048,sub-04,rh-fusiform,0.8333333333333334,0.5,0.6666666666666666,0.665653675491335,None + Linear-SVM,unconscious,unconscious,False,Image,False,10,4,2,2
2049,sub-04,rh-fusiform,0.4629629629629629,-0.24771684715343112,0.3157894736842105,0.6865223739010778,None + Linear-SVM,unconscious,unconscious,False,Image,False,5,3,6,7
2050,sub-04,rh-fusiform,0.6333333333333333,0.06356417261637282,0.3636363636363636,0.6683398567692372,None + Linear-SVM,unconscious,unconscious,False,Image,False,8,2,3,4
2051,sub-04,rh-fusiform,0.6071428571428571,0.09523809523809523,0.42857142857142855,0.6738813905422392,None + Linear-SVM,unconscious,unconscious,False,Image,False,8,3,4,4
2052,sub-04,rh-fusiform,0.5641025641025641,0.045162230233094555,0.4999999999999999,0.694754808091362,None + Linear-SVM,unconscious,unconscious,False,Image,False,7,6,7,5
2053,sub-04,rh-fusiform,0.6833333333333333,0.16735967034880075,0.4615384615384615,0.6655771323384058,None + Linear-SVM,unconscious,unconscious,False,Image,False,7,3,2,5
2054,sub-04,rh-fusiform,0.65,0.25064020591380154,0.4444444444444445,0.6662581040710801,None + Linear-SVM,unconscious,unconscious,False,Image,False,10,2,3,2
2055,sub-04,rh-fusiform,0.4722222222222222,-0.2721655269759087,0.16666666666666666,0.6630624947193696,None + Linear-SVM,unconscious,unconscious,False,Image,False,4,1,2,8
2056,sub-04,rh-fusiform,0.575,0.0,0.47619047619047616,0.6860631516274363,None + Linear-SVM,unconscious,unconscious,False,Image,False,6,5,5,6
2057,sub-04,rh-fusiform,0.5833333333333334,0.16116459280507606,0.4615384615384615,0.6749213013349412,None + Linear-SVM,unconscious,unconscious,False,Image,False,8,3,3,4
2058,sub-04,rh-fusiform,0.4027777777777778,-0.31622776601683794,0.25,0.6755556809636526,None + Linear-SVM,unconscious,unconscious,False,Image,False,4,2,4,8
2059,sub-04,rh-fusiform,0.5520833333333333,0.0,0.4444444444444445,0.6826088313990176,None + Linear-SVM,unconscious,unconscious,False,Image,False,6,4,4,6
2060,sub-04,rh-fusiform,0.6666666666666667,0.13762047064079508,0.5263157894736842,0.6809758139375545,None + Linear-SVM,unconscious,unconscious,False,Image,False,7,5,4,5
2061,sub-04,rh-fusiform,0.5833333333333334,-0.07905694150420949,0.37499999999999994,0.6698820358851537,None + Linear-SVM,unconscious,unconscious,False,Image,False,5,3,3,7
2062,sub-04,rh-fusiform,0.40625,-0.25,0.25,0.6834339856631755,None + Linear-SVM,unconscious,unconscious,False,Image,False,6,2,6,6
2063,sub-04,rh-fusiform,0.6309523809523809,0.2326210525996177,0.5333333333333333,0.6750513875718407,None + Linear-SVM,unconscious,unconscious,False,Image,False,8,4,3,4
2064,sub-04,rh-fusiform,0.5416666666666666,-0.19364916731037085,0.16666666666666669,0.6563259164711862,None + Linear-SVM,unconscious,unconscious,False,Image,False,3,1,1,9
2065,sub-04,rh-fusiform,0.4545454545454546,-0.050964719143762556,0.3333333333333333,0.68491342714243,None + Linear-SVM,unconscious,unconscious,False,Image,False,6,2,3,5
2066,sub-04,rh-fusiform,0.6477272727272727,0.3522727272727273,0.625,0.6830409278060866,None + Linear-SVM,unconscious,unconscious,False,Image,False,8,5,3,3
2067,sub-04,rh-fusiform,0.553030303030303,0.2196969696969697,0.6086956521739131,0.6986245699532839,None + Linear-SVM,unconscious,unconscious,False,Image,False,7,7,5,4
2068,sub-04,rh-fusiform,0.5818181818181818,0.12727272727272726,0.4000000000000001,0.6763379802868628,None + Linear-SVM,unconscious,unconscious,False,Image,False,8,2,3,3
2069,sub-04,rh-fusiform,0.5303030303030303,0.045454545454545456,0.5217391304347826,0.698538175103584,None + Linear-SVM,unconscious,unconscious,False,Image,False,6,6,6,5
2070,sub-04,rh-fusiform,0.4,-0.3133397807202561,0.26666666666666666,0.6835808834300887,None + Linear-SVM,unconscious,unconscious,False,Image,False,3,2,3,8
2071,sub-04,rh-fusiform,0.2857142857142857,-0.34188172937891387,0.25,0.7027093480944013,None + Linear-SVM,unconscious,unconscious,False,Image,False,4,2,5,7
2072,sub-04,rh-fusiform,0.30303030303030304,-0.4403855060505443,0.15384615384615383,0.6935540464874015,None + Linear-SVM,unconscious,unconscious,False,Image,False,2,1,2,9
2073,sub-04,rh-fusiform,0.5844155844155844,0.11396057645963795,0.5,0.683480374996392,None + Linear-SVM,unconscious,unconscious,False,Image,False,6,4,3,5
2074,sub-04,rh-fusiform,0.3376623376623376,-0.4332001127219817,0.23529411764705882,0.69005938437848,None + Linear-SVM,unconscious,unconscious,False,Image,False,3,2,5,8
2075,sub-04,rh-fusiform,0.6161616161616161,0.28721347895177635,0.5882352941176471,0.6852348471679853,None + Linear-SVM,unconscious,unconscious,False,Image,False,8,5,4,3
2076,sub-04,rh-fusiform,0.5757575757575757,0.2606060606060606,0.6153846153846153,0.6980395260533186,None + Linear-SVM,unconscious,unconscious,False,Image,False,8,8,7,3
2077,sub-04,rh-fusiform,0.3257575757575757,-0.30303030303030304,0.34782608695652173,0.7205471768485603,None + Linear-SVM,unconscious,unconscious,False,Image,False,4,4,8,7
2078,sub-04,rh-fusiform,0.5,-0.040291148201269014,0.3333333333333333,0.681350135058007,None + Linear-SVM,unconscious,unconscious,False,Image,False,5,2,2,6
2079,sub-04,rh-fusiform,0.2909090909090909,-0.49265895172303803,0.14285714285714285,0.6899699680953223,None + Linear-SVM,unconscious,unconscious,False,Image,False,3,1,4,8
2080,sub-04,rh-fusiform,0.487603305785124,0.0,0.47619047619047616,0.6993355355371461,None + Linear-SVM,unconscious,unconscious,False,Image,False,6,5,6,5
2081,sub-04,rh-fusiform,0.4181818181818182,-0.22084711628963774,0.2857142857142857,0.6837190948439584,None + Linear-SVM,unconscious,unconscious,False,Image,False,4,2,3,7
2082,sub-04,rh-fusiform,0.46853146853146854,-0.07067534927402196,0.4347826086956522,0.698286501907647,None + Linear-SVM,unconscious,unconscious,False,Image,False,6,5,8,5
2083,sub-04,rh-fusiform,0.34710743801652894,-0.3651483716701107,0.34782608695652173,0.7123993060783668,None + Linear-SVM,unconscious,unconscious,False,Image,False,3,4,7,8
2084,sub-04,rh-fusiform,0.3484848484848485,-0.29012942659282975,0.26666666666666666,0.6966124136002526,None + Linear-SVM,unconscious,unconscious,False,Image,False,4,2,4,7
2085,sub-04,rh-fusiform,0.45454545454545453,-0.23354968324845687,0.0,0.6724552286749914,None + Linear-SVM,unconscious,unconscious,False,Image,False,8,0,2,3
2086,sub-04,rh-fusiform,0.5454545454545454,0.04351941398892446,0.42857142857142855,0.6840352297411809,None + Linear-SVM,unconscious,unconscious,False,Image,False,6,3,3,5
2087,sub-04,rh-fusiform,0.4545454545454546,-0.022727272727272728,0.25,0.6852839326557988,None + Linear-SVM,unconscious,unconscious,False,Image,False,8,1,3,3
2088,sub-04,rh-fusiform,0.49650349650349657,0.006993006993006993,0.4999999999999999,0.6996201801921472,None + Linear-SVM,unconscious,unconscious,False,Image,False,6,6,7,5
2089,sub-04,rh-fusiform,0.5584415584415584,0.06493506493506493,0.42857142857142855,0.6813950880578206,None + Linear-SVM,unconscious,unconscious,False,Image,False,7,3,4,4
2090,sub-04,rh-fusiform,0.5272727272727272,-0.14545454545454545,0.4000000000000001,0.6897627917992709,None + Linear-SVM,unconscious,unconscious,False,Image,False,5,4,6,6
2091,sub-04,rh-fusiform,0.7121212121212122,0.48484848484848486,0.6666666666666666,0.6771892813925874,None + Linear-SVM,unconscious,unconscious,False,Image,False,9,4,2,2
2092,sub-04,rh-fusiform,0.5371900826446281,0.18257418583505536,0.5714285714285713,0.6967703544982605,None + Linear-SVM,unconscious,unconscious,False,Image,False,7,6,5,4
2093,sub-04,rh-fusiform,0.15909090909090906,-0.6446583712203042,0.0,0.6981544878861625,None + Linear-SVM,unconscious,unconscious,False,Image,False,3,0,4,8
2094,sub-04,rh-fusiform,0.5041322314049587,-0.09090909090909091,0.45454545454545453,0.6950252653087736,None + Linear-SVM,unconscious,unconscious,False,Image,False,5,5,6,6
2095,sub-04,rh-fusiform,0.3522727272727273,-0.1685499656158105,0.35294117647058826,0.7085745266994902,None + Linear-SVM,unconscious,unconscious,False,Image,False,5,3,5,6
2096,sub-04,rh-fusiform,0.696969696969697,0.3825184261187248,0.6153846153846153,0.6752913318763036,None + Linear-SVM,unconscious,unconscious,False,Image,False,8,4,2,3
2097,sub-04,rh-fusiform,0.34343434343434337,-0.32824397594488725,0.23529411764705882,0.7048828578872307,None + Linear-SVM,unconscious,unconscious,False,Image,False,5,2,7,6
2098,sub-04,rh-fusiform,0.5454545454545455,0.12727272727272726,0.4000000000000001,0.6889970919919285,None + Linear-SVM,unconscious,unconscious,False,Image,False,8,2,3,3
2099,sub-04,rh-fusiform,0.41558441558441556,-0.34188172937891387,0.25,0.6894794739909632,None + Linear-SVM,unconscious,unconscious,False,Image,False,4,2,5,7
2100,sub-04,rh-fusiform,0.48951048951048953,0.17482517482517482,0.5833333333333334,0.7054489548011594,None + Linear-SVM,unconscious,unconscious,False,Image,False,7,7,6,4
2101,sub-04,rh-fusiform,0.4909090909090909,0.034815531191139566,0.3636363636363636,0.6832843137570322,None + Linear-SVM,unconscious,unconscious,False,Image,False,7,2,3,4
2102,sub-04,rh-fusiform,0.6000000000000001,0.12727272727272726,0.4000000000000001,0.6764148895216543,None + Linear-SVM,unconscious,unconscious,False,Image,False,8,2,3,3
2103,sub-04,rh-fusiform,0.3333333333333333,-0.3373495424699933,0.16666666666666666,0.6805480864480822,None + Linear-SVM,unconscious,unconscious,False,Image,False,3,1,2,8
2104,sub-04,rh-fusiform,0.4727272727272728,-0.14545454545454545,0.4000000000000001,0.6983416452096792,None + Linear-SVM,unconscious,unconscious,False,Image,False,5,4,6,6
2105,sub-04,rh-fusiform,0.5454545454545454,0.13241022442571243,0.4615384615384615,0.6944026676240652,None + Linear-SVM,unconscious,unconscious,False,Image,False,7,3,3,4
2106,sub-04,rh-fusiform,0.4090909090909091,-0.11769797726729993,0.30769230769230765,0.6955621662382433,None + Linear-SVM,unconscious,unconscious,False,Image,False,6,2,4,5
2107,sub-04,rh-fusiform,0.5340909090909091,0.13636363636363635,0.5,0.6866542957996598,None + Linear-SVM,unconscious,unconscious,False,Image,False,7,4,4,4
2108,sub-04,rh-fusiform,0.5454545454545454,0.08206099398622181,0.47058823529411764,0.6898962222453895,None + Linear-SVM,unconscious,unconscious,False,Image,False,7,4,5,4
2109,sub-04,rh-fusiform,0.45454545454545453,-0.030303030303030304,0.3333333333333333,0.6890243518396382,None + Linear-SVM,unconscious,unconscious,False,Image,False,7,2,4,4
2110,sub-04,rh-fusiform,0.28409090909090906,-0.47193990372426947,0.22222222222222224,0.702121470465916,None + Linear-SVM,unconscious,unconscious,False,Image,False,3,2,6,8
2111,sub-04,rh-fusiform,0.4025974025974026,-0.2987012987012987,0.33333333333333326,0.6955872478865094,None + Linear-SVM,unconscious,unconscious,False,Image,False,3,3,4,8
2112,sub-04,rh-fusiform,0.4090909090909091,-0.23354968324845687,0.0,0.6782602873014054,None + Linear-SVM,unconscious,unconscious,False,Image,False,8,0,2,3
2113,sub-04,rh-fusiform,0.4857142857142857,-0.02857142857142857,0.4000000000000001,0.686056405784699,None + Linear-SVM,unconscious,unconscious,False,Image,False,4,2,3,3
2114,sub-04,rh-fusiform,0.6785714285714286,0.07142857142857142,0.5333333333333333,0.6900615702081793,None + Linear-SVM,unconscious,unconscious,False,Image,False,4,4,4,3
2115,sub-04,rh-fusiform,0.6071428571428572,0.20935894733965593,0.6,0.706553676553918,None + Linear-SVM,unconscious,unconscious,False,Image,False,5,6,6,2
2116,sub-04,rh-fusiform,0.5428571428571429,-0.02857142857142857,0.4000000000000001,0.6806715779179013,None + Linear-SVM,unconscious,unconscious,False,Image,False,4,2,3,3
2117,sub-04,rh-fusiform,0.5833333333333333,0.06900655593423542,0.5714285714285715,0.7027270290183116,None + Linear-SVM,unconscious,unconscious,False,Image,False,4,6,6,3
2118,sub-04,rh-fusiform,0.4285714285714286,-0.3142857142857143,0.3333333333333333,0.6857357283045852,None + Linear-SVM,unconscious,unconscious,False,Image,False,2,2,3,5
2119,sub-04,rh-fusiform,0.3469387755102041,-0.14285714285714285,0.42857142857142855,0.7052336687521347,None + Linear-SVM,unconscious,unconscious,False,Image,False,3,3,4,4
2120,sub-04,rh-fusiform,0.2857142857142857,-0.5238095238095238,0.2,0.6900384462026368,None + Linear-SVM,unconscious,unconscious,False,Image,False,1,1,2,6
2121,sub-04,rh-fusiform,0.5918367346938775,0.14285714285714285,0.5714285714285714,0.6903500305372334,None + Linear-SVM,unconscious,unconscious,False,Image,False,4,4,3,3
2122,sub-04,rh-fusiform,0.36734693877551017,-0.28867513459481287,0.30769230769230765,0.6985043560499639,None + Linear-SVM,unconscious,unconscious,False,Image,False,3,2,5,4
2123,sub-04,rh-fusiform,0.6349206349206349,0.2698412698412698,0.6250000000000001,0.6922572085823151,None + Linear-SVM,unconscious,unconscious,False,Image,False,5,5,4,2
2124,sub-04,rh-fusiform,0.6285714285714286,0.09759000729485331,0.6153846153846153,0.711080469165312,None + Linear-SVM,unconscious,unconscious,False,Image,False,4,8,7,3
2125,sub-04,rh-fusiform,0.33333333333333337,-0.3680349649825889,0.380952380952381,0.7289150472532859,None + Linear-SVM,unconscious,unconscious,False,Image,False,2,4,8,5
2126,sub-04,rh-fusiform,0.5,-0.17857142857142858,0.25,0.6789071739943093,None + Linear-SVM,unconscious,unconscious,False,Image,False,4,1,3,3
2127,sub-04,rh-fusiform,0.37142857142857144,-0.1690308509457033,0.3636363636363636,0.6937481142499493,None + Linear-SVM,unconscious,unconscious,False,Image,False,3,2,3,4
2128,sub-04,rh-fusiform,0.5064935064935066,-0.06493506493506493,0.4444444444444444,0.706305049694119,None + Linear-SVM,unconscious,unconscious,False,Image,False,4,4,7,3
2129,sub-04,rh-fusiform,0.5714285714285714,-0.02857142857142857,0.4000000000000001,0.6847284099215932,None + Linear-SVM,unconscious,unconscious,False,Image,False,4,2,3,3
2130,sub-04,rh-fusiform,0.5494505494505495,-0.04279604925109129,0.4761904761904762,0.710391585042003,None + Linear-SVM,unconscious,unconscious,False,Image,False,4,5,8,3
2131,sub-04,rh-fusiform,0.4285714285714286,-0.06493506493506493,0.4444444444444444,0.7181740175646151,None + Linear-SVM,unconscious,unconscious,False,Image,False,4,4,7,3
2132,sub-04,rh-fusiform,0.30952380952380953,-0.23809523809523808,0.3333333333333333,0.7013060872682941,None + Linear-SVM,unconscious,unconscious,False,Image,False,3,2,4,4
2133,sub-04,rh-fusiform,0.6428571428571429,0.05976143046671968,0.3333333333333333,0.6678941911285551,None + Linear-SVM,unconscious,unconscious,False,Image,False,4,1,1,3
2134,sub-04,rh-fusiform,0.7619047619047619,0.38575837490522974,0.6,0.6815426786853644,None + Linear-SVM,unconscious,unconscious,False,Image,False,6,3,3,1
2135,sub-04,rh-fusiform,0.5357142857142857,-0.21428571428571427,0.36363636363636365,0.6789436181044001,None + Linear-SVM,unconscious,unconscious,False,Image,False,2,2,2,5
2136,sub-04,rh-fusiform,0.5384615384615385,-0.04279604925109129,0.4761904761904762,0.7111856789345614,None + Linear-SVM,unconscious,unconscious,False,Image,False,4,5,8,3
2137,sub-04,rh-fusiform,0.6122448979591837,0.0,0.4615384615384615,0.6870313413839365,None + Linear-SVM,unconscious,unconscious,False,Image,False,4,3,4,3
2138,sub-04,rh-fusiform,0.6714285714285715,0.21428571428571427,0.588235294117647,0.6953327461963906,None + Linear-SVM,unconscious,unconscious,False,Image,False,5,5,5,2
2139,sub-04,rh-fusiform,0.8333333333333333,0.5367450401216932,0.7272727272727272,0.6797486032117954,None + Linear-SVM,unconscious,unconscious,False,Image,False,6,4,2,1
2140,sub-04,rh-fusiform,0.6883116883116883,0.16883116883116883,0.5555555555555556,0.7029175703963901,None + Linear-SVM,unconscious,unconscious,False,Image,False,5,5,6,2
2141,sub-04,rh-fusiform,0.2857142857142857,-0.3105295017040594,0.22222222222222224,0.6885485745772418,None + Linear-SVM,unconscious,unconscious,False,Image,False,3,1,3,4
2142,sub-04,rh-fusiform,0.5194805194805194,0.025482359571881278,0.5263157894736842,0.7073718421408665,None + Linear-SVM,unconscious,unconscious,False,Image,False,4,5,6,3
2143,sub-04,rh-fusiform,0.30357142857142855,-0.19642857142857142,0.39999999999999997,0.7189639260382368,None + Linear-SVM,unconscious,unconscious,False,Image,False,3,3,5,4
2144,sub-04,rh-fusiform,0.6666666666666667,0.21957751641341997,0.5454545454545454,0.6781921480799563,None + Linear-SVM,unconscious,unconscious,False,Image,False,5,3,3,2
2145,sub-04,rh-fusiform,0.3015873015873016,-0.3779644730092272,0.35294117647058826,0.7125330047445371,None + Linear-SVM,unconscious,unconscious,False,Image,False,2,3,6,5
2146,sub-04,rh-fusiform,0.5714285714285715,-0.02857142857142857,0.4000000000000001,0.6898550520577983,None + Linear-SVM,unconscious,unconscious,False,Image,False,4,2,3,3
2147,sub-04,rh-fusiform,0.4897959183673469,-0.14907119849998599,0.3333333333333333,0.6916727329011891,None + Linear-SVM,unconscious,unconscious,False,Image,False,4,2,5,3
2148,sub-04,rh-fusiform,0.5164835164835165,0.0316069770620507,0.5454545454545455,0.7142344058463066,None + Linear-SVM,unconscious,unconscious,False,Image,False,4,6,7,3
2149,sub-04,rh-fusiform,0.4857142857142857,-0.02857142857142857,0.4000000000000001,0.686609368687646,None + Linear-SVM,unconscious,unconscious,False,Image,False,4,2,3,3
2150,sub-04,rh-fusiform,0.6285714285714287,-0.02857142857142857,0.4000000000000001,0.6792499947633246,None + Linear-SVM,unconscious,unconscious,False,Image,False,4,2,3,3
2151,sub-04,rh-fusiform,0.38095238095238093,-0.2182178902359924,0.25,0.678896129813696,None + Linear-SVM,unconscious,unconscious,False,Image,False,3,1,2,4
2152,sub-04,rh-fusiform,0.48571428571428577,-0.02857142857142857,0.47058823529411764,0.7088387153939456,None + Linear-SVM,unconscious,unconscious,False,Image,False,4,4,6,3
2153,sub-04,rh-fusiform,0.5,-0.09759000729485333,0.3636363636363636,0.6941295459643,None + Linear-SVM,unconscious,unconscious,False,Image,False,4,2,4,3
2154,sub-04,rh-fusiform,0.33333333333333337,-0.23809523809523808,0.3333333333333333,0.7016798772063514,None + Linear-SVM,unconscious,unconscious,False,Image,False,3,2,4,4
2155,sub-04,rh-fusiform,0.48214285714285715,-0.05455447255899809,0.42857142857142855,0.6999421773170031,None + Linear-SVM,unconscious,unconscious,False,Image,False,4,3,5,3
2156,sub-04,rh-fusiform,0.5714285714285714,0.015873015873015872,0.5,0.697897586514941,None + Linear-SVM,unconscious,unconscious,False,Image,False,4,4,5,3
2157,sub-04,rh-fusiform,0.5,-0.09759000729485333,0.3636363636363636,0.6918013244828664,None + Linear-SVM,unconscious,unconscious,False,Image,False,4,2,4,3
2158,sub-04,rh-fusiform,0.3035714285714286,-0.32732683535398854,0.28571428571428575,0.7082552757495236,None + Linear-SVM,unconscious,unconscious,False,Image,False,3,2,6,4
2159,sub-04,rh-fusiform,0.4693877551020408,0.0,0.4615384615384615,0.6979390092962594,None + Linear-SVM,unconscious,unconscious,False,Image,False,4,3,4,3
2160,sub-04,rh-fusiform,0.4285714285714286,-0.1889822365046136,0.0,0.6721637663440504,None + Linear-SVM,unconscious,unconscious,False,Image,False,6,0,2,1
2161,sub-04,rh-fusiform,0.65,0.21957751641341997,0.5454545454545454,0.6764616788916863,None + Linear-SVM,unconscious,unconscious,False,Image,False,5,3,2,3
2162,sub-04,rh-fusiform,0.78125,0.629940788348712,0.823529411764706,0.6760250404970026,None + Linear-SVM,unconscious,unconscious,False,Image,False,6,7,1,2
2163,sub-04,rh-fusiform,0.6666666666666667,0.4923659639173309,0.7826086956521738,0.6979365746246601,None + Linear-SVM,unconscious,unconscious,False,Image,False,6,9,3,2
2164,sub-04,rh-fusiform,0.775,0.5367450401216932,0.7272727272727272,0.667093070999813,None + Linear-SVM,unconscious,unconscious,False,Image,False,6,4,1,2
2165,sub-04,rh-fusiform,0.65625,0.408248290463863,0.7272727272727272,0.6953001524016622,None + Linear-SVM,unconscious,unconscious,False,Image,False,6,8,4,2
2166,sub-04,rh-fusiform,0.5,0.025,0.4000000000000001,0.6779595326832144,None + Linear-SVM,unconscious,unconscious,False,Image,False,5,2,3,3
2167,sub-04,rh-fusiform,0.5535714285714286,0.32732683535398854,0.6153846153846153,0.6975149888479595,None + Linear-SVM,unconscious,unconscious,False,Image,False,6,4,3,2
2168,sub-04,rh-fusiform,0.29166666666666663,-0.38575837490522974,0.2,0.6843272012981124,None + Linear-SVM,unconscious,unconscious,False,Image,False,2,1,2,6
2169,sub-04,rh-fusiform,0.7142857142857142,0.32732683535398854,0.6153846153846153,0.6783437809452127,None + Linear-SVM,unconscious,unconscious,False,Image,False,6,4,3,2
2170,sub-04,rh-fusiform,0.5535714285714286,0.05455447255899809,0.4615384615384615,0.6887216907315933,None + Linear-SVM,unconscious,unconscious,False,Image,False,5,3,4,3
2171,sub-04,rh-fusiform,0.6805555555555556,0.4166666666666667,0.7058823529411765,0.6808419206318931,None + Linear-SVM,unconscious,unconscious,False,Image,False,6,6,3,2
2172,sub-04,rh-fusiform,0.7166666666666667,0.3337119062359573,0.6923076923076923,0.7016736833336966,None + Linear-SVM,unconscious,unconscious,False,Image,False,6,9,6,2
2173,sub-04,rh-fusiform,0.5104166666666667,0.2041241452319315,0.6363636363636365,0.7257914206416082,None + Linear-SVM,unconscious,unconscious,False,Image,False,5,7,5,3
2174,sub-04,rh-fusiform,0.6875,0.25,0.5,0.6670761905905365,None + Linear-SVM,unconscious,unconscious,False,Image,False,6,2,2,2
2175,sub-04,rh-fusiform,0.5750000000000001,0.21957751641341997,0.5454545454545454,0.6836960205320621,None + Linear-SVM,unconscious,unconscious,False,Image,False,5,3,2,3
2176,sub-04,rh-fusiform,0.6363636363636364,0.3820465887291705,0.7000000000000001,0.6926127520896083,None + Linear-SVM,unconscious,unconscious,False,Image,False,6,7,4,2
2177,sub-04,rh-fusiform,0.725,0.35,0.6,0.6732686669537474,None + Linear-SVM,unconscious,unconscious,False,Image,False,6,3,2,2
2178,sub-04,rh-fusiform,0.6923076923076923,0.21153846153846154,0.5714285714285714,0.6991657817193848,None + Linear-SVM,unconscious,unconscious,False,Image,False,6,6,7,2
2179,sub-04,rh-fusiform,0.5113636363636364,0.29545454545454547,0.631578947368421,0.7147768465189387,None + Linear-SVM,unconscious,unconscious,False,Image,False,6,6,5,2
2180,sub-04,rh-fusiform,0.5208333333333333,0.0,0.4615384615384615,0.6900118021104081,None + Linear-SVM,unconscious,unconscious,False,Image,False,4,3,3,4
2181,sub-04,rh-fusiform,0.6875,0.2182178902359924,0.4,0.6575610920470218,None + Linear-SVM,unconscious,unconscious,False,Image,False,6,1,1,2
2182,sub-04,rh-fusiform,0.75,0.4166666666666667,0.6666666666666666,0.6716445084784147,None + Linear-SVM,unconscious,unconscious,False,Image,False,6,4,2,2
2183,sub-04,rh-fusiform,0.5625,0.0,0.4,0.6713216429166988,None + Linear-SVM,unconscious,unconscious,False,Image,False,4,2,2,4
2184,sub-04,rh-fusiform,0.6923076923076923,0.35527985620321373,0.6956521739130435,0.6996977316390955,None + Linear-SVM,unconscious,unconscious,False,Image,False,6,8,5,2
2185,sub-04,rh-fusiform,0.7678571428571428,0.4642857142857143,0.7142857142857143,0.6710886963173517,None + Linear-SVM,unconscious,unconscious,False,Image,False,6,5,2,2
2186,sub-04,rh-fusiform,0.725,0.35,0.6666666666666665,0.6877487192830736,None + Linear-SVM,unconscious,unconscious,False,Image,False,6,6,4,2
2187,sub-04,rh-fusiform,0.7916666666666667,0.5594309277855158,0.7272727272727272,0.6658431220372837,None + Linear-SVM,unconscious,unconscious,False,Image,False,7,4,2,1
2188,sub-04,rh-fusiform,0.75,0.5681818181818182,0.8181818181818182,0.6931606103255948,None + Linear-SVM,unconscious,unconscious,False,Image,False,6,9,2,2
2189,sub-04,rh-fusiform,0.5,0.11952286093343936,0.4444444444444445,0.682449687450394,None + Linear-SVM,unconscious,unconscious,False,Image,False,5,2,2,3
2190,sub-04,rh-fusiform,0.6704545454545454,0.3820465887291705,0.7000000000000001,0.6935749424824865,None + Linear-SVM,unconscious,unconscious,False,Image,False,6,7,4,2
2191,sub-04,rh-fusiform,0.5,0.1259881576697424,0.5333333333333333,0.7100652154155169,None + Linear-SVM,unconscious,unconscious,False,Image,False,5,4,4,3
2192,sub-04,rh-fusiform,0.7916666666666666,0.4166666666666667,0.6666666666666666,0.6649270766423669,None + Linear-SVM,unconscious,unconscious,False,Image,False,6,4,2,2
2193,sub-04,rh-fusiform,0.5555555555555556,0.07042952122737638,0.5,0.7041924700058987,None + Linear-SVM,unconscious,unconscious,False,Image,False,5,4,5,3
2194,sub-04,rh-fusiform,0.6500000000000001,0.35,0.6,0.6763447683029628,None + Linear-SVM,unconscious,unconscious,False,Image,False,6,3,2,2
2195,sub-04,rh-fusiform,0.6607142857142857,0.32732683535398854,0.6153846153846153,0.6809759745679271,None + Linear-SVM,unconscious,unconscious,False,Image,False,6,4,3,2
2196,sub-04,rh-fusiform,0.6346153846153846,0.35527985620321373,0.6956521739130435,0.7061021320866838,None + Linear-SVM,unconscious,unconscious,False,Image,False,6,8,5,2
2197,sub-04,rh-fusiform,0.65,0.21957751641341997,0.5454545454545454,0.6748107867091646,None + Linear-SVM,unconscious,unconscious,False,Image,False,5,3,2,3
2198,sub-04,rh-fusiform,0.8,0.5367450401216932,0.7272727272727272,0.6634855329287919,None + Linear-SVM,unconscious,unconscious,False,Image,False,6,4,1,2
2199,sub-04,rh-fusiform,0.6666666666666666,0.08333333333333333,0.3333333333333333,0.6656420434707332,None + Linear-SVM,unconscious,unconscious,False,Image,False,6,1,2,2
2200,sub-04,rh-fusiform,0.6125,0.125,0.5555555555555556,0.7003571189791477,None + Linear-SVM,unconscious,unconscious,False,Image,False,5,5,5,3
2201,sub-04,rh-fusiform,0.6458333333333334,0.4166666666666667,0.6666666666666666,0.6796394076568186,None + Linear-SVM,unconscious,unconscious,False,Image,False,6,4,2,2
2202,sub-04,rh-fusiform,0.5416666666666667,0.125,0.5,0.68757141900421,None + Linear-SVM,unconscious,unconscious,False,Image,False,5,3,3,3
2203,sub-04,rh-fusiform,0.65625,0.3779644730092272,0.6666666666666666,0.6887884303941334,None + Linear-SVM,unconscious,unconscious,False,Image,False,6,5,3,2
2204,sub-04,rh-fusiform,0.6805555555555556,0.4166666666666667,0.7058823529411765,0.6886444630947092,None + Linear-SVM,unconscious,unconscious,False,Image,False,6,6,3,2
2205,sub-04,rh-fusiform,0.6458333333333334,0.25819888974716115,0.5454545454545454,0.6797729236360882,None + Linear-SVM,unconscious,unconscious,False,Image,False,6,3,3,2
2206,sub-04,rh-fusiform,0.546875,0.0,0.42857142857142855,0.6991160252761814,None + Linear-SVM,unconscious,unconscious,False,Image,False,5,3,5,3
2207,sub-04,rh-fusiform,0.6428571428571428,0.32732683535398854,0.6153846153846153,0.6857812972056269,None + Linear-SVM,unconscious,unconscious,False,Image,False,6,4,3,2
2208,sub-04,rh-fusiform,0.375,-0.25,0.0,0.667065686182324,None + Linear-SVM,unconscious,unconscious,False,Image,False,6,0,2,2
2209,sub-04,rh-fusiform,0.65,0.15811388300841897,0.5,0.690587032736259,None + Linear-SVM,unconscious,unconscious,False,Image,False,3,2,3,1
2210,sub-04,rh-fusiform,0.875,0.5,0.6666666666666666,0.7017707339225749,None + Linear-SVM,unconscious,unconscious,False,Image,False,4,4,4,0
2211,sub-04,rh-fusiform,0.75,0.4472135954999579,0.8181818181818182,0.720695512951763,None + Linear-SVM,unconscious,unconscious,False,Image,False,3,9,3,1
2212,sub-04,rh-fusiform,0.75,0.35,0.6666666666666665,0.6908019724081902,None + Linear-SVM,unconscious,unconscious,False,Image,False,3,3,2,1
2213,sub-04,rh-fusiform,0.6875,0.4472135954999579,0.8181818181818182,0.7154631990852353,None + Linear-SVM,unconscious,unconscious,False,Image,False,3,9,3,1
2214,sub-04,rh-fusiform,0.55,-0.1,0.4444444444444445,0.695013219839463,None + Linear-SVM,unconscious,unconscious,False,Image,False,2,2,3,2
2215,sub-04,rh-fusiform,0.5357142857142857,0.17857142857142858,0.5454545454545454,0.7149924203579633,None + Linear-SVM,unconscious,unconscious,False,Image,False,3,3,4,1
2216,sub-04,rh-fusiform,0.41666666666666663,-0.16666666666666666,0.3333333333333333,0.6918795142741867,None + Linear-SVM,unconscious,unconscious,False,Image,False,2,1,2,2
2217,sub-04,rh-fusiform,0.7857142857142857,0.3105295017040594,0.6666666666666666,0.6999760532865864,None + Linear-SVM,unconscious,unconscious,False,Image,False,3,4,3,1
2218,sub-04,rh-fusiform,0.5,-0.06900655593423542,0.5,0.7082299107766618,None + Linear-SVM,unconscious,unconscious,False,Image,False,2,3,4,2
2219,sub-04,rh-fusiform,0.7777777777777778,0.38575837490522974,0.75,0.704268620985569,None + Linear-SVM,unconscious,unconscious,False,Image,False,3,6,3,1
2220,sub-04,rh-fusiform,0.7166666666666667,0.2857738033247041,0.7200000000000001,0.727415800331143,None + Linear-SVM,unconscious,unconscious,False,Image,False,3,9,6,1
2221,sub-04,rh-fusiform,0.5208333333333333,0.14907119849998599,0.5555555555555556,0.7408025619638805,None + Linear-SVM,unconscious,unconscious,False,Image,False,3,5,7,1
2222,sub-04,rh-fusiform,0.75,0.2581988897471611,0.5714285714285715,0.6835880942087046,None + Linear-SVM,unconscious,unconscious,False,Image,False,3,2,2,1
2223,sub-04,rh-fusiform,0.55,0.15811388300841897,0.5,0.7018791998663942,None + Linear-SVM,unconscious,unconscious,False,Image,False,3,2,3,1
2224,sub-04,rh-fusiform,0.6363636363636364,0.2618924633082486,0.6666666666666665,0.7207204070791918,None + Linear-SVM,unconscious,unconscious,False,Image,False,3,6,5,1
2225,sub-04,rh-fusiform,0.75,0.35,0.6666666666666665,0.6935742653839019,None + Linear-SVM,unconscious,unconscious,False,Image,False,3,3,2,1
2226,sub-04,rh-fusiform,0.7884615384615384,0.3105172139687914,0.7272727272727274,0.7237550085385469,None + Linear-SVM,unconscious,unconscious,False,Image,False,3,8,5,1
2227,sub-04,rh-fusiform,0.5681818181818181,-0.040291148201269014,0.5555555555555556,0.7314692413479252,None + Linear-SVM,unconscious,unconscious,False,Image,False,2,5,6,2
2228,sub-04,rh-fusiform,0.5416666666666667,0.0890870806374748,0.4444444444444444,0.7055736218663536,None + Linear-SVM,unconscious,unconscious,False,Image,False,3,2,4,1
2229,sub-04,rh-fusiform,0.75,0.25,0.5,0.666400133508574,None + Linear-SVM,unconscious,unconscious,False,Image,False,3,1,1,1
2230,sub-04,rh-fusiform,0.7916666666666667,0.408248290463863,0.7272727272727272,0.6941740329536665,None + Linear-SVM,unconscious,unconscious,False,Image,False,3,4,2,1
2231,sub-04,rh-fusiform,0.5625,0.0,0.3333333333333333,0.6848431998003297,None + Linear-SVM,unconscious,unconscious,False,Image,False,3,1,3,1
2232,sub-04,rh-fusiform,0.75,0.46088240084927024,0.8333333333333333,0.7255847701477203,None + Linear-SVM,unconscious,unconscious,False,Image,False,3,10,3,1
2233,sub-04,rh-fusiform,0.7857142857142857,0.4485426135725303,0.7692307692307692,0.6980203184284787,None + Linear-SVM,unconscious,unconscious,False,Image,False,3,5,2,1
2234,sub-04,rh-fusiform,0.875,0.6324555320336759,0.8235294117647058,0.7098975378609215,None + Linear-SVM,unconscious,unconscious,False,Image,False,4,7,3,0
2235,sub-04,rh-fusiform,0.875,0.6666666666666666,0.8,0.6903391173712462,None + Linear-SVM,unconscious,unconscious,False,Image,False,4,4,2,0
2236,sub-04,rh-fusiform,0.7954545454545454,0.43082021842766455,0.7999999999999999,0.7199265198688388,None + Linear-SVM,unconscious,unconscious,False,Image,False,3,8,3,1
2237,sub-04,rh-fusiform,0.375,-0.2581988897471611,0.28571428571428575,0.6984956800072996,None + Linear-SVM,unconscious,unconscious,False,Image,False,2,1,3,2
2238,sub-04,rh-fusiform,0.75,0.2618924633082486,0.6666666666666665,0.7192053594608088,None + Linear-SVM,unconscious,unconscious,False,Image,False,3,6,5,1
2239,sub-04,rh-fusiform,0.53125,0.125,0.5,0.7282131224524241,None + Linear-SVM,unconscious,unconscious,False,Image,False,3,3,5,1
2240,sub-04,rh-fusiform,0.8333333333333334,0.408248290463863,0.7272727272727272,0.6885609772024153,None + Linear-SVM,unconscious,unconscious,False,Image,False,3,4,2,1
2241,sub-04,rh-fusiform,0.5,-0.15811388300841897,0.42857142857142855,0.7240766176312938,None + Linear-SVM,unconscious,unconscious,False,Image,False,2,3,6,2
2242,sub-04,rh-fusiform,0.7000000000000001,0.35,0.6666666666666665,0.6958996070443134,None + Linear-SVM,unconscious,unconscious,False,Image,False,3,3,2,1
2243,sub-04,rh-fusiform,0.7142857142857143,0.3105295017040594,0.6666666666666666,0.7023227920863229,None + Linear-SVM,unconscious,unconscious,False,Image,False,3,4,3,1
2244,sub-04,rh-fusiform,0.6923076923076923,0.3105172139687914,0.7272727272727274,0.7261890973952456,None + Linear-SVM,unconscious,unconscious,False,Image,False,3,8,5,1
2245,sub-04,rh-fusiform,0.75,0.35,0.6666666666666665,0.6920572622540059,None + Linear-SVM,unconscious,unconscious,False,Image,False,3,3,2,1
2246,sub-04,rh-fusiform,0.7,0.35,0.6666666666666665,0.6897248247045499,None + Linear-SVM,unconscious,unconscious,False,Image,False,3,3,2,1
2247,sub-04,rh-fusiform,0.5,-0.16666666666666666,0.3333333333333333,0.6809831463870951,None + Linear-SVM,unconscious,unconscious,False,Image,False,2,1,2,2
2248,sub-04,rh-fusiform,0.575,0.22821773229381923,0.625,0.7216436734794379,None + Linear-SVM,unconscious,unconscious,False,Image,False,3,5,5,1
2249,sub-04,rh-fusiform,0.7083333333333334,0.408248290463863,0.7272727272727272,0.7014940555920927,None + Linear-SVM,unconscious,unconscious,False,Image,False,3,4,2,1
2250,sub-04,rh-fusiform,0.5416666666666667,0.0890870806374748,0.4444444444444444,0.7094251933230737,None + Linear-SVM,unconscious,unconscious,False,Image,False,3,2,4,1
2251,sub-04,rh-fusiform,0.6875,0.23904572186687872,0.6153846153846154,0.7133724949024463,None + Linear-SVM,unconscious,unconscious,False,Image,False,3,4,4,1
2252,sub-04,rh-fusiform,0.8333333333333333,0.38575837490522974,0.75,0.7103853802953937,None + Linear-SVM,unconscious,unconscious,False,Image,False,3,6,3,1
2253,sub-04,rh-fusiform,0.625,0.25,0.6,0.697956383505719,None + Linear-SVM,unconscious,unconscious,False,Image,False,3,3,3,1
2254,sub-04,rh-fusiform,0.4375,-0.25,0.3333333333333333,0.7215191286736653,None + Linear-SVM,unconscious,unconscious,False,Image,False,2,2,6,2
2255,sub-04,rh-fusiform,0.6071428571428571,0.3105295017040594,0.6666666666666666,0.7093136181637991,None + Linear-SVM,unconscious,unconscious,False,Image,False,3,4,3,1
2256,sub-04,rh-fusiform,0.5,0.0,0.0,0.6713548777887303,None + Linear-SVM,unconscious,unconscious,False,Image,False,4,0,2,0
2257,sub-04,rh-fusiform,0.6727272727272727,0.12727272727272726,0.4000000000000001,0.6604769433928127,None + Linear-SVM,unconscious,unconscious,False,Image,False,8,2,3,3
2258,sub-04,rh-fusiform,0.8636363636363636,0.45361105256925455,0.6666666666666666,0.6689493378987225,None + Linear-SVM,unconscious,unconscious,False,Image,False,9,5,3,2
2259,sub-04,rh-fusiform,0.6136363636363636,0.045454545454545456,0.5217391304347826,0.6883478216946218,None + Linear-SVM,unconscious,unconscious,False,Image,False,6,6,6,5
2260,sub-04,rh-fusiform,0.8,0.3133397807202561,0.5454545454545454,0.6604309699195922,None + Linear-SVM,unconscious,unconscious,False,Image,False,8,3,2,3
2261,sub-04,rh-fusiform,0.7272727272727273,0.3939393939393939,0.6956521739130435,0.6805493877838117,None + Linear-SVM,unconscious,unconscious,False,Image,False,8,8,4,3
2262,sub-04,rh-fusiform,0.5818181818181818,-0.13483997249264842,0.3076923076923077,0.6610972984273347,None + Linear-SVM,unconscious,unconscious,False,Image,False,5,2,3,6
2263,sub-04,rh-fusiform,0.5584415584415584,0.06493506493506493,0.42857142857142855,0.6785892091922286,None + Linear-SVM,unconscious,unconscious,False,Image,False,7,3,4,4
2264,sub-04,rh-fusiform,0.36363636363636365,-0.251259453814803,0.18181818181818182,0.6600877995863523,None + Linear-SVM,unconscious,unconscious,False,Image,False,4,1,2,7
2265,sub-04,rh-fusiform,0.7402597402597403,0.2987012987012987,0.5714285714285714,0.6711635159509505,None + Linear-SVM,unconscious,unconscious,False,Image,False,8,4,3,3
2266,sub-04,rh-fusiform,0.5324675324675324,-0.11396057645963795,0.375,0.6717270176487781,None + Linear-SVM,unconscious,unconscious,False,Image,False,5,3,4,6
2267,sub-04,rh-fusiform,0.7575757575757576,0.3939393939393939,0.6666666666666666,0.6713894328328849,None + Linear-SVM,unconscious,unconscious,False,Image,False,8,6,3,3
2268,sub-04,rh-fusiform,0.8,0.45647498109908324,0.7586206896551724,0.6928345908520037,None + Linear-SVM,unconscious,unconscious,False,Image,False,8,11,4,3
2269,sub-04,rh-fusiform,0.5075757575757576,-0.21374668579336073,0.3636363636363636,0.6982324631470991,None + Linear-SVM,unconscious,unconscious,False,Image,False,5,4,8,6
2270,sub-04,rh-fusiform,0.6818181818181819,0.21320071635561041,0.4444444444444445,0.6585298788165778,None + Linear-SVM,unconscious,unconscious,False,Image,False,8,2,2,3
2271,sub-04,rh-fusiform,0.5636363636363636,0.034815531191139566,0.3636363636363636,0.6624298171823955,None + Linear-SVM,unconscious,unconscious,False,Image,False,7,2,3,4
2272,sub-04,rh-fusiform,0.6859504132231404,0.18257418583505536,0.5714285714285713,0.6857449774867491,None + Linear-SVM,unconscious,unconscious,False,Image,False,7,6,5,4
2273,sub-04,rh-fusiform,0.8,0.49265895172303803,0.6666666666666666,0.662620521758585,None + Linear-SVM,unconscious,unconscious,False,Image,False,8,4,1,3
2274,sub-04,rh-fusiform,0.6853146853146854,0.17482517482517482,0.5833333333333334,0.6891650515265338,None + Linear-SVM,unconscious,unconscious,False,Image,False,7,7,6,4
2275,sub-04,rh-fusiform,0.5537190082644629,0.0,0.47619047619047616,0.6933646858360476,None + Linear-SVM,unconscious,unconscious,False,Image,False,6,5,6,5
2276,sub-04,rh-fusiform,0.48484848484848486,-0.11769797726729993,0.30769230769230765,0.6748244696833194,None + Linear-SVM,unconscious,unconscious,False,Image,False,6,2,4,5
2277,sub-04,rh-fusiform,0.7727272727272727,0.17766726362967536,0.3333333333333333,0.6493157992041177,None + Linear-SVM,unconscious,unconscious,False,Image,False,8,1,1,3
2278,sub-04,rh-fusiform,0.7878787878787878,0.3825184261187248,0.6153846153846153,0.6630071769914603,None + Linear-SVM,unconscious,unconscious,False,Image,False,8,4,2,3
2279,sub-04,rh-fusiform,0.5909090909090908,-0.12309149097933272,0.30769230769230765,0.6570015270948555,None + Linear-SVM,unconscious,unconscious,False,Image,False,4,2,2,7
2280,sub-04,rh-fusiform,0.7062937062937062,0.26856632724128343,0.608695652173913,0.6917663677998734,None + Linear-SVM,unconscious,unconscious,False,Image,False,8,7,6,3
2281,sub-04,rh-fusiform,0.7792207792207793,0.4332001127219817,0.6666666666666666,0.6675440224482483,None + Linear-SVM,unconscious,unconscious,False,Image,False,8,5,2,3
2282,sub-04,rh-fusiform,0.7818181818181817,0.3302891295379082,0.631578947368421,0.681196562894418,None + Linear-SVM,unconscious,unconscious,False,Image,False,8,6,4,3
2283,sub-04,rh-fusiform,0.8636363636363635,0.6038596398555418,0.7272727272727272,0.6613261175966897,None + Linear-SVM,unconscious,unconscious,False,Image,False,10,4,2,1
2284,sub-04,rh-fusiform,0.743801652892562,0.45454545454545453,0.7272727272727273,0.6844339336780814,None + Linear-SVM,unconscious,unconscious,False,Image,False,8,8,3,3
2285,sub-04,rh-fusiform,0.4772727272727273,-0.1846372364689991,0.2,0.6609565373223123,None + Linear-SVM,unconscious,unconscious,False,Image,False,6,1,3,5
2286,sub-04,rh-fusiform,0.7520661157024794,0.3651483716701107,0.6666666666666666,0.683000428098397,None + Linear-SVM,unconscious,unconscious,False,Image,False,8,7,4,3
2287,sub-04,rh-fusiform,0.5568181818181819,-0.044946657497549475,0.4444444444444445,0.6808590006163966,None + Linear-SVM,unconscious,unconscious,False,Image,False,5,4,4,6
2288,sub-04,rh-fusiform,0.8181818181818181,0.48484848484848486,0.6666666666666666,0.6597315165051234,None + Linear-SVM,unconscious,unconscious,False,Image,False,9,4,2,2
2289,sub-04,rh-fusiform,0.494949494949495,-0.10050378152592121,0.4210526315789474,0.6862063160849304,None + Linear-SVM,unconscious,unconscious,False,Image,False,5,4,5,6
2290,sub-04,rh-fusiform,0.690909090909091,0.3133397807202561,0.5454545454545454,0.6628921049873165,None + Linear-SVM,unconscious,unconscious,False,Image,False,8,3,2,3
2291,sub-04,rh-fusiform,0.6363636363636364,0.20385887657505022,0.5333333333333333,0.6711986138922678,None + Linear-SVM,unconscious,unconscious,False,Image,False,7,4,3,4
2292,sub-04,rh-fusiform,0.6573426573426574,0.26856632724128343,0.608695652173913,0.6916574478446332,None + Linear-SVM,unconscious,unconscious,False,Image,False,8,7,6,3
2293,sub-04,rh-fusiform,0.6181818181818182,0.12727272727272726,0.4000000000000001,0.6653669756324094,None + Linear-SVM,unconscious,unconscious,False,Image,False,8,2,3,3
2294,sub-04,rh-fusiform,0.7999999999999999,0.3133397807202561,0.5454545454545454,0.6600896188373988,None + Linear-SVM,unconscious,unconscious,False,Image,False,8,3,2,3
2295,sub-04,rh-fusiform,0.6060606060606061,-0.10050378152592121,0.2222222222222222,0.6543737707133995,None + Linear-SVM,unconscious,unconscious,False,Image,False,6,1,2,5
2296,sub-04,rh-fusiform,0.5818181818181819,0.03739787960033829,0.4444444444444445,0.6861984731679843,None + Linear-SVM,unconscious,unconscious,False,Image,False,7,4,6,4
2297,sub-04,rh-fusiform,0.7121212121212122,0.3825184261187248,0.6153846153846153,0.6650815086338953,None + Linear-SVM,unconscious,unconscious,False,Image,False,8,4,2,3
2298,sub-04,rh-fusiform,0.5909090909090909,-0.04351941398892446,0.4,0.6710859287673338,None + Linear-SVM,unconscious,unconscious,False,Image,False,5,3,3,6
2299,sub-04,rh-fusiform,0.6931818181818181,0.3522727272727273,0.625,0.6788572596416828,None + Linear-SVM,unconscious,unconscious,False,Image,False,8,5,3,3
2300,sub-04,rh-fusiform,0.7676767676767676,0.3939393939393939,0.6666666666666666,0.678781399508275,None + Linear-SVM,unconscious,unconscious,False,Image,False,8,6,3,3
2301,sub-04,rh-fusiform,0.6818181818181819,0.13241022442571243,0.4615384615384615,0.6649640017408814,None + Linear-SVM,unconscious,unconscious,False,Image,False,7,3,3,4
2302,sub-04,rh-fusiform,0.48863636363636365,-0.1685499656158105,0.35294117647058826,0.6833877046686917,None + Linear-SVM,unconscious,unconscious,False,Image,False,5,3,5,6
2303,sub-04,rh-fusiform,0.6233766233766234,0.06493506493506493,0.42857142857142855,0.6745048043780509,None + Linear-SVM,unconscious,unconscious,False,Image,False,7,3,4,4
2304,sub-04,rh-fusiform,0.45454545454545453,-0.23354968324845687,0.0,0.6521730080869464,None + Linear-SVM,unconscious,unconscious,False,Image,False,8,0,2,3
