fold,sub,roi,roc_auc,mattews_correcoef,f1_score,log_loss,model,condition_target,condition_source,flip,language,transfer,tn,tp,fn,fp
1,sub-06,lh-lingual,0.5,0.0,0.0,0.6931471805599453,Mutual + Dummy,unconscious,unconscious,False,Image,False,8,0,4,0
2,sub-06,lh-lingual,0.5,0.0,0.0,0.6931471805599453,Mutual + Dummy,unconscious,unconscious,False,Image,False,8,0,10,0
3,sub-06,lh-lingual,0.5,0.0,0.0,0.6931471805599453,Mutual + Dummy,unconscious,unconscious,False,Image,False,8,0,8,0
4,sub-06,lh-lingual,0.5,0.0,0.0,0.6931471805599453,Mutual + Dummy,unconscious,unconscious,False,Image,False,8,0,7,0
5,sub-06,lh-lingual,0.5,0.0,0.0,0.6931471805599453,Mutual + Dummy,unconscious,unconscious,False,Image,False,8,0,4,0
6,sub-06,lh-lingual,0.5,0.0,0.0,0.6931471805599453,Mutual + Dummy,unconscious,unconscious,False,Image,False,8,0,8,0
7,sub-06,lh-lingual,0.5,0.0,0.0,0.6931471805599453,Mutual + Dummy,unconscious,unconscious,False,Image,False,8,0,7,0
8,sub-06,lh-lingual,0.5,0.0,0.0,0.6931471805599453,Mutual + Dummy,unconscious,unconscious,False,Image,False,8,0,3,0
9,sub-06,lh-lingual,0.5,0.0,0.0,0.6931471805599453,Mutual + Dummy,unconscious,unconscious,False,Image,False,8,0,5,0
10,sub-06,lh-lingual,0.5,0.0,0.0,0.6931471805599453,Mutual + Dummy,unconscious,unconscious,False,Image,False,8,0,10,0
11,sub-06,lh-lingual,0.5,0.0,0.0,0.6931471805599453,Mutual + Dummy,unconscious,unconscious,False,Image,False,8,0,5,0
12,sub-06,lh-lingual,0.5,0.0,0.0,0.6931471805599453,Mutual + Dummy,unconscious,unconscious,False,Image,False,8,0,7,0
13,sub-06,lh-lingual,0.5,0.0,0.0,0.6931471805599453,Mutual + Dummy,unconscious,unconscious,False,Image,False,8,0,11,0
14,sub-06,lh-lingual,0.5,0.0,0.0,0.6931471805599453,Mutual + Dummy,unconscious,unconscious,False,Image,False,8,0,7,0
15,sub-06,lh-lingual,0.5,0.0,0.0,0.6931471805599453,Mutual + Dummy,unconscious,unconscious,False,Image,False,8,0,10,0
16,sub-06,lh-lingual,0.5,0.0,0.0,0.6931471805599453,Mutual + Dummy,unconscious,unconscious,False,Image,False,8,0,3,0
17,sub-06,lh-lingual,0.5,0.0,0.0,0.6931471805599453,Mutual + Dummy,unconscious,unconscious,False,Image,False,8,0,4,0
18,sub-06,lh-lingual,0.5,0.0,0.0,0.6931471805599453,Mutual + Dummy,unconscious,unconscious,False,Image,False,8,0,12,0
19,sub-06,lh-lingual,0.5,0.0,0.0,0.6931471805599453,Mutual + Dummy,unconscious,unconscious,False,Image,False,8,0,11,0
20,sub-06,lh-lingual,0.5,0.0,0.0,0.6931471805599453,Mutual + Dummy,unconscious,unconscious,False,Image,False,8,0,3,0
21,sub-06,lh-lingual,0.5,0.0,0.0,0.6931471805599453,Mutual + Dummy,unconscious,unconscious,False,Image,False,8,0,5,0
22,sub-06,lh-lingual,0.5,0.0,0.0,0.6931471805599453,Mutual + Dummy,unconscious,unconscious,False,Image,False,8,0,6,0
23,sub-06,lh-lingual,0.5,0.0,0.0,0.6931471805599453,Mutual + Dummy,unconscious,unconscious,False,Image,False,8,0,5,0
24,sub-06,lh-lingual,0.5,0.0,0.0,0.6931471805599453,Mutual + Dummy,unconscious,unconscious,False,Image,False,8,0,11,0
25,sub-06,lh-lingual,0.5,0.0,0.0,0.6931471805599453,Mutual + Dummy,unconscious,unconscious,False,Image,False,8,0,4,0
26,sub-06,lh-lingual,0.5,0.0,0.0,0.6931471805599453,Mutual + Dummy,unconscious,unconscious,False,Image,False,8,0,9,0
27,sub-06,lh-lingual,0.5,0.0,0.0,0.6931471805599453,Mutual + Dummy,unconscious,unconscious,False,Image,False,8,0,9,0
28,sub-06,lh-lingual,0.5,0.0,0.0,0.6931471805599453,Mutual + Dummy,unconscious,unconscious,False,Image,False,8,0,10,0
29,sub-06,lh-lingual,0.5,0.0,0.0,0.6931471805599453,Mutual + Dummy,unconscious,unconscious,False,Image,False,8,0,3,0
30,sub-06,lh-lingual,0.5,0.0,0.0,0.6931471805599453,Mutual + Dummy,unconscious,unconscious,False,Image,False,8,0,10,0
31,sub-06,lh-lingual,0.5,0.0,0.0,0.6931471805599453,Mutual + Dummy,unconscious,unconscious,False,Image,False,8,0,9,0
32,sub-06,lh-lingual,0.5,0.0,0.0,0.6931471805599453,Mutual + Dummy,unconscious,unconscious,False,Image,False,8,0,9,0
33,sub-06,lh-lingual,0.5,0.0,0.0,0.6931471805599453,Mutual + Dummy,unconscious,unconscious,False,Image,False,8,0,11,0
34,sub-06,lh-lingual,0.5,0.0,0.0,0.6931471805599453,Mutual + Dummy,unconscious,unconscious,False,Image,False,8,0,5,0
35,sub-06,lh-lingual,0.5,0.0,0.0,0.6931471805599453,Mutual + Dummy,unconscious,unconscious,False,Image,False,8,0,7,0
36,sub-06,lh-lingual,0.5,0.0,0.0,0.6931471805599453,Mutual + Dummy,unconscious,unconscious,False,Image,False,8,0,13,0
37,sub-06,lh-lingual,0.5,0.0,0.0,0.6931471805599453,Mutual + Dummy,unconscious,unconscious,False,Image,False,8,0,8,0
38,sub-06,lh-lingual,0.5,0.0,0.0,0.6931471805599453,Mutual + Dummy,unconscious,unconscious,False,Image,False,8,0,7,0
39,sub-06,lh-lingual,0.5,0.0,0.0,0.6931471805599453,Mutual + Dummy,unconscious,unconscious,False,Image,False,8,0,2,0
40,sub-06,lh-lingual,0.5,0.0,0.0,0.6931471805599453,Mutual + Dummy,unconscious,unconscious,False,Image,False,8,0,10,0
41,sub-06,lh-lingual,0.5,0.0,0.0,0.6931471805599453,Mutual + Dummy,unconscious,unconscious,False,Image,False,8,0,9,0
42,sub-06,lh-lingual,0.5,0.0,0.0,0.6931471805599453,Mutual + Dummy,unconscious,unconscious,False,Image,False,8,0,5,0
43,sub-06,lh-lingual,0.5,0.0,0.0,0.6931471805599453,Mutual + Dummy,unconscious,unconscious,False,Image,False,8,0,10,0
44,sub-06,lh-lingual,0.5,0.0,0.0,0.6931471805599453,Mutual + Dummy,unconscious,unconscious,False,Image,False,8,0,11,0
45,sub-06,lh-lingual,0.5,0.0,0.0,0.6931471805599453,Mutual + Dummy,unconscious,unconscious,False,Image,False,8,0,3,0
46,sub-06,lh-lingual,0.5,0.0,0.0,0.6931471805599453,Mutual + Dummy,unconscious,unconscious,False,Image,False,8,0,8,0
47,sub-06,lh-lingual,0.5,0.0,0.0,0.6931471805599453,Mutual + Dummy,unconscious,unconscious,False,Image,False,8,0,5,0
48,sub-06,lh-lingual,0.5,0.0,0.0,0.6931471805599453,Mutual + Dummy,unconscious,unconscious,False,Image,False,8,0,7,0
49,sub-06,lh-lingual,0.5,0.0,0.0,0.6931471805599453,Mutual + Dummy,unconscious,unconscious,False,Image,False,9,0,4,0
50,sub-06,lh-lingual,0.5,0.0,0.0,0.6931471805599453,Mutual + Dummy,unconscious,unconscious,False,Image,False,9,0,10,0
51,sub-06,lh-lingual,0.5,0.0,0.0,0.6931471805599453,Mutual + Dummy,unconscious,unconscious,False,Image,False,9,0,8,0
52,sub-06,lh-lingual,0.5,0.0,0.0,0.6931471805599453,Mutual + Dummy,unconscious,unconscious,False,Image,False,9,0,7,0
53,sub-06,lh-lingual,0.5,0.0,0.0,0.6931471805599453,Mutual + Dummy,unconscious,unconscious,False,Image,False,9,0,4,0
54,sub-06,lh-lingual,0.5,0.0,0.0,0.6931471805599453,Mutual + Dummy,unconscious,unconscious,False,Image,False,9,0,8,0
55,sub-06,lh-lingual,0.5,0.0,0.0,0.6931471805599453,Mutual + Dummy,unconscious,unconscious,False,Image,False,9,0,7,0
56,sub-06,lh-lingual,0.5,0.0,0.0,0.6931471805599453,Mutual + Dummy,unconscious,unconscious,False,Image,False,9,0,3,0
57,sub-06,lh-lingual,0.5,0.0,0.0,0.6931471805599453,Mutual + Dummy,unconscious,unconscious,False,Image,False,9,0,5,0
58,sub-06,lh-lingual,0.5,0.0,0.0,0.6931471805599453,Mutual + Dummy,unconscious,unconscious,False,Image,False,9,0,10,0
59,sub-06,lh-lingual,0.5,0.0,0.0,0.6931471805599453,Mutual + Dummy,unconscious,unconscious,False,Image,False,9,0,5,0
60,sub-06,lh-lingual,0.5,0.0,0.0,0.6931471805599453,Mutual + Dummy,unconscious,unconscious,False,Image,False,9,0,7,0
61,sub-06,lh-lingual,0.5,0.0,0.0,0.6931471805599453,Mutual + Dummy,unconscious,unconscious,False,Image,False,9,0,11,0
62,sub-06,lh-lingual,0.5,0.0,0.0,0.6931471805599453,Mutual + Dummy,unconscious,unconscious,False,Image,False,9,0,7,0
63,sub-06,lh-lingual,0.5,0.0,0.0,0.6931471805599453,Mutual + Dummy,unconscious,unconscious,False,Image,False,9,0,10,0
64,sub-06,lh-lingual,0.5,0.0,0.0,0.6931471805599453,Mutual + Dummy,unconscious,unconscious,False,Image,False,9,0,3,0
65,sub-06,lh-lingual,0.5,0.0,0.0,0.6931471805599453,Mutual + Dummy,unconscious,unconscious,False,Image,False,9,0,4,0
66,sub-06,lh-lingual,0.5,0.0,0.0,0.6931471805599453,Mutual + Dummy,unconscious,unconscious,False,Image,False,9,0,12,0
67,sub-06,lh-lingual,0.5,0.0,0.0,0.6931471805599453,Mutual + Dummy,unconscious,unconscious,False,Image,False,9,0,11,0
68,sub-06,lh-lingual,0.5,0.0,0.0,0.6931471805599453,Mutual + Dummy,unconscious,unconscious,False,Image,False,9,0,3,0
69,sub-06,lh-lingual,0.5,0.0,0.0,0.6931471805599453,Mutual + Dummy,unconscious,unconscious,False,Image,False,9,0,5,0
70,sub-06,lh-lingual,0.5,0.0,0.0,0.6931471805599453,Mutual + Dummy,unconscious,unconscious,False,Image,False,9,0,6,0
71,sub-06,lh-lingual,0.5,0.0,0.0,0.6931471805599453,Mutual + Dummy,unconscious,unconscious,False,Image,False,9,0,5,0
72,sub-06,lh-lingual,0.5,0.0,0.0,0.6931471805599453,Mutual + Dummy,unconscious,unconscious,False,Image,False,9,0,11,0
73,sub-06,lh-lingual,0.5,0.0,0.0,0.6931471805599453,Mutual + Dummy,unconscious,unconscious,False,Image,False,9,0,4,0
74,sub-06,lh-lingual,0.5,0.0,0.0,0.6931471805599453,Mutual + Dummy,unconscious,unconscious,False,Image,False,9,0,9,0
75,sub-06,lh-lingual,0.5,0.0,0.0,0.6931471805599453,Mutual + Dummy,unconscious,unconscious,False,Image,False,9,0,9,0
76,sub-06,lh-lingual,0.5,0.0,0.0,0.6931471805599453,Mutual + Dummy,unconscious,unconscious,False,Image,False,9,0,10,0
77,sub-06,lh-lingual,0.5,0.0,0.0,0.6931471805599453,Mutual + Dummy,unconscious,unconscious,False,Image,False,9,0,3,0
78,sub-06,lh-lingual,0.5,0.0,0.0,0.6931471805599453,Mutual + Dummy,unconscious,unconscious,False,Image,False,9,0,10,0
79,sub-06,lh-lingual,0.5,0.0,0.0,0.6931471805599453,Mutual + Dummy,unconscious,unconscious,False,Image,False,9,0,9,0
80,sub-06,lh-lingual,0.5,0.0,0.0,0.6931471805599453,Mutual + Dummy,unconscious,unconscious,False,Image,False,9,0,9,0
81,sub-06,lh-lingual,0.5,0.0,0.0,0.6931471805599453,Mutual + Dummy,unconscious,unconscious,False,Image,False,9,0,11,0
82,sub-06,lh-lingual,0.5,0.0,0.0,0.6931471805599453,Mutual + Dummy,unconscious,unconscious,False,Image,False,9,0,5,0
83,sub-06,lh-lingual,0.5,0.0,0.0,0.6931471805599453,Mutual + Dummy,unconscious,unconscious,False,Image,False,9,0,7,0
84,sub-06,lh-lingual,0.5,0.0,0.0,0.6931471805599453,Mutual + Dummy,unconscious,unconscious,False,Image,False,9,0,13,0
85,sub-06,lh-lingual,0.5,0.0,0.0,0.6931471805599453,Mutual + Dummy,unconscious,unconscious,False,Image,False,9,0,8,0
86,sub-06,lh-lingual,0.5,0.0,0.0,0.6931471805599453,Mutual + Dummy,unconscious,unconscious,False,Image,False,9,0,7,0
87,sub-06,lh-lingual,0.5,0.0,0.0,0.6931471805599453,Mutual + Dummy,unconscious,unconscious,False,Image,False,9,0,2,0
88,sub-06,lh-lingual,0.5,0.0,0.0,0.6931471805599453,Mutual + Dummy,unconscious,unconscious,False,Image,False,9,0,10,0
89,sub-06,lh-lingual,0.5,0.0,0.0,0.6931471805599453,Mutual + Dummy,unconscious,unconscious,False,Image,False,9,0,9,0
90,sub-06,lh-lingual,0.5,0.0,0.0,0.6931471805599453,Mutual + Dummy,unconscious,unconscious,False,Image,False,9,0,5,0
91,sub-06,lh-lingual,0.5,0.0,0.0,0.6931471805599453,Mutual + Dummy,unconscious,unconscious,False,Image,False,9,0,10,0
92,sub-06,lh-lingual,0.5,0.0,0.0,0.6931471805599453,Mutual + Dummy,unconscious,unconscious,False,Image,False,9,0,11,0
93,sub-06,lh-lingual,0.5,0.0,0.0,0.6931471805599453,Mutual + Dummy,unconscious,unconscious,False,Image,False,9,0,3,0
94,sub-06,lh-lingual,0.5,0.0,0.0,0.6931471805599453,Mutual + Dummy,unconscious,unconscious,False,Image,False,9,0,8,0
95,sub-06,lh-lingual,0.5,0.0,0.0,0.6931471805599453,Mutual + Dummy,unconscious,unconscious,False,Image,False,9,0,5,0
96,sub-06,lh-lingual,0.5,0.0,0.0,0.6931471805599453,Mutual + Dummy,unconscious,unconscious,False,Image,False,9,0,7,0
97,sub-06,lh-lingual,0.5,0.0,0.0,0.6931471805599453,Mutual + Dummy,unconscious,unconscious,False,Image,False,8,0,4,0
98,sub-06,lh-lingual,0.5,0.0,0.0,0.6931471805599453,Mutual + Dummy,unconscious,unconscious,False,Image,False,8,0,10,0
99,sub-06,lh-lingual,0.5,0.0,0.0,0.6931471805599453,Mutual + Dummy,unconscious,unconscious,False,Image,False,8,0,8,0
100,sub-06,lh-lingual,0.5,0.0,0.0,0.6931471805599453,Mutual + Dummy,unconscious,unconscious,False,Image,False,8,0,7,0
101,sub-06,lh-lingual,0.5,0.0,0.0,0.6931471805599453,Mutual + Dummy,unconscious,unconscious,False,Image,False,8,0,4,0
102,sub-06,lh-lingual,0.5,0.0,0.0,0.6931471805599453,Mutual + Dummy,unconscious,unconscious,False,Image,False,8,0,8,0
103,sub-06,lh-lingual,0.5,0.0,0.0,0.6931471805599453,Mutual + Dummy,unconscious,unconscious,False,Image,False,8,0,7,0
104,sub-06,lh-lingual,0.5,0.0,0.0,0.6931471805599453,Mutual + Dummy,unconscious,unconscious,False,Image,False,8,0,3,0
105,sub-06,lh-lingual,0.5,0.0,0.0,0.6931471805599453,Mutual + Dummy,unconscious,unconscious,False,Image,False,8,0,5,0
106,sub-06,lh-lingual,0.5,0.0,0.0,0.6931471805599453,Mutual + Dummy,unconscious,unconscious,False,Image,False,8,0,10,0
107,sub-06,lh-lingual,0.5,0.0,0.0,0.6931471805599453,Mutual + Dummy,unconscious,unconscious,False,Image,False,8,0,5,0
108,sub-06,lh-lingual,0.5,0.0,0.0,0.6931471805599453,Mutual + Dummy,unconscious,unconscious,False,Image,False,8,0,7,0
109,sub-06,lh-lingual,0.5,0.0,0.0,0.6931471805599453,Mutual + Dummy,unconscious,unconscious,False,Image,False,8,0,11,0
110,sub-06,lh-lingual,0.5,0.0,0.0,0.6931471805599453,Mutual + Dummy,unconscious,unconscious,False,Image,False,8,0,7,0
111,sub-06,lh-lingual,0.5,0.0,0.0,0.6931471805599453,Mutual + Dummy,unconscious,unconscious,False,Image,False,8,0,10,0
112,sub-06,lh-lingual,0.5,0.0,0.0,0.6931471805599453,Mutual + Dummy,unconscious,unconscious,False,Image,False,8,0,3,0
113,sub-06,lh-lingual,0.5,0.0,0.0,0.6931471805599453,Mutual + Dummy,unconscious,unconscious,False,Image,False,8,0,4,0
114,sub-06,lh-lingual,0.5,0.0,0.0,0.6931471805599453,Mutual + Dummy,unconscious,unconscious,False,Image,False,8,0,12,0
115,sub-06,lh-lingual,0.5,0.0,0.0,0.6931471805599453,Mutual + Dummy,unconscious,unconscious,False,Image,False,8,0,11,0
116,sub-06,lh-lingual,0.5,0.0,0.0,0.6931471805599453,Mutual + Dummy,unconscious,unconscious,False,Image,False,8,0,3,0
117,sub-06,lh-lingual,0.5,0.0,0.0,0.6931471805599453,Mutual + Dummy,unconscious,unconscious,False,Image,False,8,0,5,0
118,sub-06,lh-lingual,0.5,0.0,0.0,0.6931471805599453,Mutual + Dummy,unconscious,unconscious,False,Image,False,8,0,6,0
119,sub-06,lh-lingual,0.5,0.0,0.0,0.6931471805599453,Mutual + Dummy,unconscious,unconscious,False,Image,False,8,0,5,0
120,sub-06,lh-lingual,0.5,0.0,0.0,0.6931471805599453,Mutual + Dummy,unconscious,unconscious,False,Image,False,8,0,11,0
121,sub-06,lh-lingual,0.5,0.0,0.0,0.6931471805599453,Mutual + Dummy,unconscious,unconscious,False,Image,False,8,0,4,0
122,sub-06,lh-lingual,0.5,0.0,0.0,0.6931471805599453,Mutual + Dummy,unconscious,unconscious,False,Image,False,8,0,9,0
123,sub-06,lh-lingual,0.5,0.0,0.0,0.6931471805599453,Mutual + Dummy,unconscious,unconscious,False,Image,False,8,0,9,0
124,sub-06,lh-lingual,0.5,0.0,0.0,0.6931471805599453,Mutual + Dummy,unconscious,unconscious,False,Image,False,8,0,10,0
125,sub-06,lh-lingual,0.5,0.0,0.0,0.6931471805599453,Mutual + Dummy,unconscious,unconscious,False,Image,False,8,0,3,0
126,sub-06,lh-lingual,0.5,0.0,0.0,0.6931471805599453,Mutual + Dummy,unconscious,unconscious,False,Image,False,8,0,10,0
127,sub-06,lh-lingual,0.5,0.0,0.0,0.6931471805599453,Mutual + Dummy,unconscious,unconscious,False,Image,False,8,0,9,0
128,sub-06,lh-lingual,0.5,0.0,0.0,0.6931471805599453,Mutual + Dummy,unconscious,unconscious,False,Image,False,8,0,9,0
129,sub-06,lh-lingual,0.5,0.0,0.0,0.6931471805599453,Mutual + Dummy,unconscious,unconscious,False,Image,False,8,0,11,0
130,sub-06,lh-lingual,0.5,0.0,0.0,0.6931471805599453,Mutual + Dummy,unconscious,unconscious,False,Image,False,8,0,5,0
131,sub-06,lh-lingual,0.5,0.0,0.0,0.6931471805599453,Mutual + Dummy,unconscious,unconscious,False,Image,False,8,0,7,0
132,sub-06,lh-lingual,0.5,0.0,0.0,0.6931471805599453,Mutual + Dummy,unconscious,unconscious,False,Image,False,8,0,13,0
133,sub-06,lh-lingual,0.5,0.0,0.0,0.6931471805599453,Mutual + Dummy,unconscious,unconscious,False,Image,False,8,0,8,0
134,sub-06,lh-lingual,0.5,0.0,0.0,0.6931471805599453,Mutual + Dummy,unconscious,unconscious,False,Image,False,8,0,7,0
135,sub-06,lh-lingual,0.5,0.0,0.0,0.6931471805599453,Mutual + Dummy,unconscious,unconscious,False,Image,False,8,0,2,0
136,sub-06,lh-lingual,0.5,0.0,0.0,0.6931471805599453,Mutual + Dummy,unconscious,unconscious,False,Image,False,8,0,10,0
137,sub-06,lh-lingual,0.5,0.0,0.0,0.6931471805599453,Mutual + Dummy,unconscious,unconscious,False,Image,False,8,0,9,0
138,sub-06,lh-lingual,0.5,0.0,0.0,0.6931471805599453,Mutual + Dummy,unconscious,unconscious,False,Image,False,8,0,5,0
139,sub-06,lh-lingual,0.5,0.0,0.0,0.6931471805599453,Mutual + Dummy,unconscious,unconscious,False,Image,False,8,0,10,0
140,sub-06,lh-lingual,0.5,0.0,0.0,0.6931471805599453,Mutual + Dummy,unconscious,unconscious,False,Image,False,8,0,11,0
141,sub-06,lh-lingual,0.5,0.0,0.0,0.6931471805599453,Mutual + Dummy,unconscious,unconscious,False,Image,False,8,0,3,0
142,sub-06,lh-lingual,0.5,0.0,0.0,0.6931471805599453,Mutual + Dummy,unconscious,unconscious,False,Image,False,8,0,8,0
143,sub-06,lh-lingual,0.5,0.0,0.0,0.6931471805599453,Mutual + Dummy,unconscious,unconscious,False,Image,False,8,0,5,0
144,sub-06,lh-lingual,0.5,0.0,0.0,0.6931471805599453,Mutual + Dummy,unconscious,unconscious,False,Image,False,8,0,7,0
145,sub-06,lh-lingual,0.5,0.0,0.0,0.6931471805599453,Mutual + Dummy,unconscious,unconscious,False,Image,False,8,0,4,0
146,sub-06,lh-lingual,0.5,0.0,0.0,0.6931471805599453,Mutual + Dummy,unconscious,unconscious,False,Image,False,8,0,10,0
147,sub-06,lh-lingual,0.5,0.0,0.0,0.6931471805599453,Mutual + Dummy,unconscious,unconscious,False,Image,False,8,0,8,0
148,sub-06,lh-lingual,0.5,0.0,0.0,0.6931471805599453,Mutual + Dummy,unconscious,unconscious,False,Image,False,8,0,7,0
149,sub-06,lh-lingual,0.5,0.0,0.0,0.6931471805599453,Mutual + Dummy,unconscious,unconscious,False,Image,False,8,0,4,0
150,sub-06,lh-lingual,0.5,0.0,0.0,0.6931471805599453,Mutual + Dummy,unconscious,unconscious,False,Image,False,8,0,8,0
151,sub-06,lh-lingual,0.5,0.0,0.0,0.6931471805599453,Mutual + Dummy,unconscious,unconscious,False,Image,False,8,0,7,0
152,sub-06,lh-lingual,0.5,0.0,0.0,0.6931471805599453,Mutual + Dummy,unconscious,unconscious,False,Image,False,8,0,3,0
153,sub-06,lh-lingual,0.5,0.0,0.0,0.6931471805599453,Mutual + Dummy,unconscious,unconscious,False,Image,False,8,0,5,0
154,sub-06,lh-lingual,0.5,0.0,0.0,0.6931471805599453,Mutual + Dummy,unconscious,unconscious,False,Image,False,8,0,10,0
155,sub-06,lh-lingual,0.5,0.0,0.0,0.6931471805599453,Mutual + Dummy,unconscious,unconscious,False,Image,False,8,0,5,0
156,sub-06,lh-lingual,0.5,0.0,0.0,0.6931471805599453,Mutual + Dummy,unconscious,unconscious,False,Image,False,8,0,7,0
157,sub-06,lh-lingual,0.5,0.0,0.0,0.6931471805599453,Mutual + Dummy,unconscious,unconscious,False,Image,False,8,0,11,0
158,sub-06,lh-lingual,0.5,0.0,0.0,0.6931471805599453,Mutual + Dummy,unconscious,unconscious,False,Image,False,8,0,7,0
159,sub-06,lh-lingual,0.5,0.0,0.0,0.6931471805599453,Mutual + Dummy,unconscious,unconscious,False,Image,False,8,0,10,0
160,sub-06,lh-lingual,0.5,0.0,0.0,0.6931471805599453,Mutual + Dummy,unconscious,unconscious,False,Image,False,8,0,3,0
161,sub-06,lh-lingual,0.5,0.0,0.0,0.6931471805599453,Mutual + Dummy,unconscious,unconscious,False,Image,False,8,0,4,0
162,sub-06,lh-lingual,0.5,0.0,0.0,0.6931471805599453,Mutual + Dummy,unconscious,unconscious,False,Image,False,8,0,12,0
163,sub-06,lh-lingual,0.5,0.0,0.0,0.6931471805599453,Mutual + Dummy,unconscious,unconscious,False,Image,False,8,0,11,0
164,sub-06,lh-lingual,0.5,0.0,0.0,0.6931471805599453,Mutual + Dummy,unconscious,unconscious,False,Image,False,8,0,3,0
165,sub-06,lh-lingual,0.5,0.0,0.0,0.6931471805599453,Mutual + Dummy,unconscious,unconscious,False,Image,False,8,0,5,0
166,sub-06,lh-lingual,0.5,0.0,0.0,0.6931471805599453,Mutual + Dummy,unconscious,unconscious,False,Image,False,8,0,6,0
167,sub-06,lh-lingual,0.5,0.0,0.0,0.6931471805599453,Mutual + Dummy,unconscious,unconscious,False,Image,False,8,0,5,0
168,sub-06,lh-lingual,0.5,0.0,0.0,0.6931471805599453,Mutual + Dummy,unconscious,unconscious,False,Image,False,8,0,11,0
169,sub-06,lh-lingual,0.5,0.0,0.0,0.6931471805599453,Mutual + Dummy,unconscious,unconscious,False,Image,False,8,0,4,0
170,sub-06,lh-lingual,0.5,0.0,0.0,0.6931471805599453,Mutual + Dummy,unconscious,unconscious,False,Image,False,8,0,9,0
171,sub-06,lh-lingual,0.5,0.0,0.0,0.6931471805599453,Mutual + Dummy,unconscious,unconscious,False,Image,False,8,0,9,0
172,sub-06,lh-lingual,0.5,0.0,0.0,0.6931471805599453,Mutual + Dummy,unconscious,unconscious,False,Image,False,8,0,10,0
173,sub-06,lh-lingual,0.5,0.0,0.0,0.6931471805599453,Mutual + Dummy,unconscious,unconscious,False,Image,False,8,0,3,0
174,sub-06,lh-lingual,0.5,0.0,0.0,0.6931471805599453,Mutual + Dummy,unconscious,unconscious,False,Image,False,8,0,10,0
175,sub-06,lh-lingual,0.5,0.0,0.0,0.6931471805599453,Mutual + Dummy,unconscious,unconscious,False,Image,False,8,0,9,0
176,sub-06,lh-lingual,0.5,0.0,0.0,0.6931471805599453,Mutual + Dummy,unconscious,unconscious,False,Image,False,8,0,9,0
177,sub-06,lh-lingual,0.5,0.0,0.0,0.6931471805599453,Mutual + Dummy,unconscious,unconscious,False,Image,False,8,0,11,0
178,sub-06,lh-lingual,0.5,0.0,0.0,0.6931471805599453,Mutual + Dummy,unconscious,unconscious,False,Image,False,8,0,5,0
179,sub-06,lh-lingual,0.5,0.0,0.0,0.6931471805599453,Mutual + Dummy,unconscious,unconscious,False,Image,False,8,0,7,0
180,sub-06,lh-lingual,0.5,0.0,0.0,0.6931471805599453,Mutual + Dummy,unconscious,unconscious,False,Image,False,8,0,13,0
181,sub-06,lh-lingual,0.5,0.0,0.0,0.6931471805599453,Mutual + Dummy,unconscious,unconscious,False,Image,False,8,0,8,0
182,sub-06,lh-lingual,0.5,0.0,0.0,0.6931471805599453,Mutual + Dummy,unconscious,unconscious,False,Image,False,8,0,7,0
183,sub-06,lh-lingual,0.5,0.0,0.0,0.6931471805599453,Mutual + Dummy,unconscious,unconscious,False,Image,False,8,0,2,0
184,sub-06,lh-lingual,0.5,0.0,0.0,0.6931471805599453,Mutual + Dummy,unconscious,unconscious,False,Image,False,8,0,10,0
185,sub-06,lh-lingual,0.5,0.0,0.0,0.6931471805599453,Mutual + Dummy,unconscious,unconscious,False,Image,False,8,0,9,0
186,sub-06,lh-lingual,0.5,0.0,0.0,0.6931471805599453,Mutual + Dummy,unconscious,unconscious,False,Image,False,8,0,5,0
187,sub-06,lh-lingual,0.5,0.0,0.0,0.6931471805599453,Mutual + Dummy,unconscious,unconscious,False,Image,False,8,0,10,0
188,sub-06,lh-lingual,0.5,0.0,0.0,0.6931471805599453,Mutual + Dummy,unconscious,unconscious,False,Image,False,8,0,11,0
189,sub-06,lh-lingual,0.5,0.0,0.0,0.6931471805599453,Mutual + Dummy,unconscious,unconscious,False,Image,False,8,0,3,0
190,sub-06,lh-lingual,0.5,0.0,0.0,0.6931471805599453,Mutual + Dummy,unconscious,unconscious,False,Image,False,8,0,8,0
191,sub-06,lh-lingual,0.5,0.0,0.0,0.6931471805599453,Mutual + Dummy,unconscious,unconscious,False,Image,False,8,0,5,0
192,sub-06,lh-lingual,0.5,0.0,0.0,0.6931471805599453,Mutual + Dummy,unconscious,unconscious,False,Image,False,8,0,7,0
193,sub-06,lh-lingual,0.5,0.0,0.0,0.6931471805599453,Mutual + Dummy,unconscious,unconscious,False,Image,False,14,0,4,0
194,sub-06,lh-lingual,0.5,0.0,0.0,0.6931471805599453,Mutual + Dummy,unconscious,unconscious,False,Image,False,14,0,10,0
195,sub-06,lh-lingual,0.5,0.0,0.0,0.6931471805599453,Mutual + Dummy,unconscious,unconscious,False,Image,False,14,0,8,0
196,sub-06,lh-lingual,0.5,0.0,0.0,0.6931471805599453,Mutual + Dummy,unconscious,unconscious,False,Image,False,14,0,7,0
197,sub-06,lh-lingual,0.5,0.0,0.0,0.6931471805599453,Mutual + Dummy,unconscious,unconscious,False,Image,False,14,0,4,0
198,sub-06,lh-lingual,0.5,0.0,0.0,0.6931471805599453,Mutual + Dummy,unconscious,unconscious,False,Image,False,14,0,8,0
199,sub-06,lh-lingual,0.5,0.0,0.0,0.6931471805599453,Mutual + Dummy,unconscious,unconscious,False,Image,False,14,0,7,0
200,sub-06,lh-lingual,0.5,0.0,0.0,0.6931471805599453,Mutual + Dummy,unconscious,unconscious,False,Image,False,14,0,3,0
201,sub-06,lh-lingual,0.5,0.0,0.0,0.6931471805599453,Mutual + Dummy,unconscious,unconscious,False,Image,False,14,0,5,0
202,sub-06,lh-lingual,0.5,0.0,0.0,0.6931471805599453,Mutual + Dummy,unconscious,unconscious,False,Image,False,14,0,10,0
203,sub-06,lh-lingual,0.5,0.0,0.0,0.6931471805599453,Mutual + Dummy,unconscious,unconscious,False,Image,False,14,0,5,0
204,sub-06,lh-lingual,0.5,0.0,0.0,0.6931471805599453,Mutual + Dummy,unconscious,unconscious,False,Image,False,14,0,7,0
205,sub-06,lh-lingual,0.5,0.0,0.0,0.6931471805599452,Mutual + Dummy,unconscious,unconscious,False,Image,False,14,0,11,0
206,sub-06,lh-lingual,0.5,0.0,0.0,0.6931471805599453,Mutual + Dummy,unconscious,unconscious,False,Image,False,14,0,7,0
207,sub-06,lh-lingual,0.5,0.0,0.0,0.6931471805599453,Mutual + Dummy,unconscious,unconscious,False,Image,False,14,0,10,0
208,sub-06,lh-lingual,0.5,0.0,0.0,0.6931471805599453,Mutual + Dummy,unconscious,unconscious,False,Image,False,14,0,3,0
209,sub-06,lh-lingual,0.5,0.0,0.0,0.6931471805599453,Mutual + Dummy,unconscious,unconscious,False,Image,False,14,0,4,0
210,sub-06,lh-lingual,0.5,0.0,0.0,0.6931471805599452,Mutual + Dummy,unconscious,unconscious,False,Image,False,14,0,12,0
211,sub-06,lh-lingual,0.5,0.0,0.0,0.6931471805599452,Mutual + Dummy,unconscious,unconscious,False,Image,False,14,0,11,0
212,sub-06,lh-lingual,0.5,0.0,0.0,0.6931471805599453,Mutual + Dummy,unconscious,unconscious,False,Image,False,14,0,3,0
213,sub-06,lh-lingual,0.5,0.0,0.0,0.6931471805599453,Mutual + Dummy,unconscious,unconscious,False,Image,False,14,0,5,0
214,sub-06,lh-lingual,0.5,0.0,0.0,0.6931471805599453,Mutual + Dummy,unconscious,unconscious,False,Image,False,14,0,6,0
215,sub-06,lh-lingual,0.5,0.0,0.0,0.6931471805599453,Mutual + Dummy,unconscious,unconscious,False,Image,False,14,0,5,0
216,sub-06,lh-lingual,0.5,0.0,0.0,0.6931471805599452,Mutual + Dummy,unconscious,unconscious,False,Image,False,14,0,11,0
217,sub-06,lh-lingual,0.5,0.0,0.0,0.6931471805599453,Mutual + Dummy,unconscious,unconscious,False,Image,False,14,0,4,0
218,sub-06,lh-lingual,0.5,0.0,0.0,0.6931471805599453,Mutual + Dummy,unconscious,unconscious,False,Image,False,14,0,9,0
219,sub-06,lh-lingual,0.5,0.0,0.0,0.6931471805599453,Mutual + Dummy,unconscious,unconscious,False,Image,False,14,0,9,0
220,sub-06,lh-lingual,0.5,0.0,0.0,0.6931471805599453,Mutual + Dummy,unconscious,unconscious,False,Image,False,14,0,10,0
221,sub-06,lh-lingual,0.5,0.0,0.0,0.6931471805599453,Mutual + Dummy,unconscious,unconscious,False,Image,False,14,0,3,0
222,sub-06,lh-lingual,0.5,0.0,0.0,0.6931471805599453,Mutual + Dummy,unconscious,unconscious,False,Image,False,14,0,10,0
223,sub-06,lh-lingual,0.5,0.0,0.0,0.6931471805599453,Mutual + Dummy,unconscious,unconscious,False,Image,False,14,0,9,0
224,sub-06,lh-lingual,0.5,0.0,0.0,0.6931471805599453,Mutual + Dummy,unconscious,unconscious,False,Image,False,14,0,9,0
225,sub-06,lh-lingual,0.5,0.0,0.0,0.6931471805599452,Mutual + Dummy,unconscious,unconscious,False,Image,False,14,0,11,0
226,sub-06,lh-lingual,0.5,0.0,0.0,0.6931471805599453,Mutual + Dummy,unconscious,unconscious,False,Image,False,14,0,5,0
227,sub-06,lh-lingual,0.5,0.0,0.0,0.6931471805599453,Mutual + Dummy,unconscious,unconscious,False,Image,False,14,0,7,0
228,sub-06,lh-lingual,0.5,0.0,0.0,0.6931471805599451,Mutual + Dummy,unconscious,unconscious,False,Image,False,14,0,13,0
229,sub-06,lh-lingual,0.5,0.0,0.0,0.6931471805599453,Mutual + Dummy,unconscious,unconscious,False,Image,False,14,0,8,0
230,sub-06,lh-lingual,0.5,0.0,0.0,0.6931471805599453,Mutual + Dummy,unconscious,unconscious,False,Image,False,14,0,7,0
231,sub-06,lh-lingual,0.5,0.0,0.0,0.6931471805599453,Mutual + Dummy,unconscious,unconscious,False,Image,False,14,0,2,0
232,sub-06,lh-lingual,0.5,0.0,0.0,0.6931471805599453,Mutual + Dummy,unconscious,unconscious,False,Image,False,14,0,10,0
233,sub-06,lh-lingual,0.5,0.0,0.0,0.6931471805599453,Mutual + Dummy,unconscious,unconscious,False,Image,False,14,0,9,0
234,sub-06,lh-lingual,0.5,0.0,0.0,0.6931471805599453,Mutual + Dummy,unconscious,unconscious,False,Image,False,14,0,5,0
235,sub-06,lh-lingual,0.5,0.0,0.0,0.6931471805599453,Mutual + Dummy,unconscious,unconscious,False,Image,False,14,0,10,0
236,sub-06,lh-lingual,0.5,0.0,0.0,0.6931471805599452,Mutual + Dummy,unconscious,unconscious,False,Image,False,14,0,11,0
237,sub-06,lh-lingual,0.5,0.0,0.0,0.6931471805599453,Mutual + Dummy,unconscious,unconscious,False,Image,False,14,0,3,0
238,sub-06,lh-lingual,0.5,0.0,0.0,0.6931471805599453,Mutual + Dummy,unconscious,unconscious,False,Image,False,14,0,8,0
239,sub-06,lh-lingual,0.5,0.0,0.0,0.6931471805599453,Mutual + Dummy,unconscious,unconscious,False,Image,False,14,0,5,0
240,sub-06,lh-lingual,0.5,0.0,0.0,0.6931471805599453,Mutual + Dummy,unconscious,unconscious,False,Image,False,14,0,7,0
241,sub-06,lh-lingual,0.5,0.0,0.0,0.6931471805599453,Mutual + Dummy,unconscious,unconscious,False,Image,False,7,0,4,0
242,sub-06,lh-lingual,0.5,0.0,0.0,0.6931471805599453,Mutual + Dummy,unconscious,unconscious,False,Image,False,7,0,10,0
243,sub-06,lh-lingual,0.5,0.0,0.0,0.6931471805599453,Mutual + Dummy,unconscious,unconscious,False,Image,False,7,0,8,0
244,sub-06,lh-lingual,0.5,0.0,0.0,0.6931471805599453,Mutual + Dummy,unconscious,unconscious,False,Image,False,7,0,7,0
245,sub-06,lh-lingual,0.5,0.0,0.0,0.6931471805599453,Mutual + Dummy,unconscious,unconscious,False,Image,False,7,0,4,0
246,sub-06,lh-lingual,0.5,0.0,0.0,0.6931471805599453,Mutual + Dummy,unconscious,unconscious,False,Image,False,7,0,8,0
247,sub-06,lh-lingual,0.5,0.0,0.0,0.6931471805599453,Mutual + Dummy,unconscious,unconscious,False,Image,False,7,0,7,0
248,sub-06,lh-lingual,0.5,0.0,0.0,0.6931471805599453,Mutual + Dummy,unconscious,unconscious,False,Image,False,7,0,3,0
249,sub-06,lh-lingual,0.5,0.0,0.0,0.6931471805599453,Mutual + Dummy,unconscious,unconscious,False,Image,False,7,0,5,0
250,sub-06,lh-lingual,0.5,0.0,0.0,0.6931471805599453,Mutual + Dummy,unconscious,unconscious,False,Image,False,7,0,10,0
251,sub-06,lh-lingual,0.5,0.0,0.0,0.6931471805599453,Mutual + Dummy,unconscious,unconscious,False,Image,False,7,0,5,0
252,sub-06,lh-lingual,0.5,0.0,0.0,0.6931471805599453,Mutual + Dummy,unconscious,unconscious,False,Image,False,7,0,7,0
253,sub-06,lh-lingual,0.5,0.0,0.0,0.6931471805599453,Mutual + Dummy,unconscious,unconscious,False,Image,False,7,0,11,0
254,sub-06,lh-lingual,0.5,0.0,0.0,0.6931471805599453,Mutual + Dummy,unconscious,unconscious,False,Image,False,7,0,7,0
255,sub-06,lh-lingual,0.5,0.0,0.0,0.6931471805599453,Mutual + Dummy,unconscious,unconscious,False,Image,False,7,0,10,0
256,sub-06,lh-lingual,0.5,0.0,0.0,0.6931471805599453,Mutual + Dummy,unconscious,unconscious,False,Image,False,7,0,3,0
257,sub-06,lh-lingual,0.5,0.0,0.0,0.6931471805599453,Mutual + Dummy,unconscious,unconscious,False,Image,False,7,0,4,0
258,sub-06,lh-lingual,0.5,0.0,0.0,0.6931471805599453,Mutual + Dummy,unconscious,unconscious,False,Image,False,7,0,12,0
259,sub-06,lh-lingual,0.5,0.0,0.0,0.6931471805599453,Mutual + Dummy,unconscious,unconscious,False,Image,False,7,0,11,0
260,sub-06,lh-lingual,0.5,0.0,0.0,0.6931471805599453,Mutual + Dummy,unconscious,unconscious,False,Image,False,7,0,3,0
261,sub-06,lh-lingual,0.5,0.0,0.0,0.6931471805599453,Mutual + Dummy,unconscious,unconscious,False,Image,False,7,0,5,0
262,sub-06,lh-lingual,0.5,0.0,0.0,0.6931471805599453,Mutual + Dummy,unconscious,unconscious,False,Image,False,7,0,6,0
263,sub-06,lh-lingual,0.5,0.0,0.0,0.6931471805599453,Mutual + Dummy,unconscious,unconscious,False,Image,False,7,0,5,0
264,sub-06,lh-lingual,0.5,0.0,0.0,0.6931471805599453,Mutual + Dummy,unconscious,unconscious,False,Image,False,7,0,11,0
265,sub-06,lh-lingual,0.5,0.0,0.0,0.6931471805599453,Mutual + Dummy,unconscious,unconscious,False,Image,False,7,0,4,0
266,sub-06,lh-lingual,0.5,0.0,0.0,0.6931471805599453,Mutual + Dummy,unconscious,unconscious,False,Image,False,7,0,9,0
267,sub-06,lh-lingual,0.5,0.0,0.0,0.6931471805599453,Mutual + Dummy,unconscious,unconscious,False,Image,False,7,0,9,0
268,sub-06,lh-lingual,0.5,0.0,0.0,0.6931471805599453,Mutual + Dummy,unconscious,unconscious,False,Image,False,7,0,10,0
269,sub-06,lh-lingual,0.5,0.0,0.0,0.6931471805599453,Mutual + Dummy,unconscious,unconscious,False,Image,False,7,0,3,0
270,sub-06,lh-lingual,0.5,0.0,0.0,0.6931471805599453,Mutual + Dummy,unconscious,unconscious,False,Image,False,7,0,10,0
271,sub-06,lh-lingual,0.5,0.0,0.0,0.6931471805599453,Mutual + Dummy,unconscious,unconscious,False,Image,False,7,0,9,0
272,sub-06,lh-lingual,0.5,0.0,0.0,0.6931471805599453,Mutual + Dummy,unconscious,unconscious,False,Image,False,7,0,9,0
273,sub-06,lh-lingual,0.5,0.0,0.0,0.6931471805599453,Mutual + Dummy,unconscious,unconscious,False,Image,False,7,0,11,0
274,sub-06,lh-lingual,0.5,0.0,0.0,0.6931471805599453,Mutual + Dummy,unconscious,unconscious,False,Image,False,7,0,5,0
275,sub-06,lh-lingual,0.5,0.0,0.0,0.6931471805599453,Mutual + Dummy,unconscious,unconscious,False,Image,False,7,0,7,0
276,sub-06,lh-lingual,0.5,0.0,0.0,0.6931471805599453,Mutual + Dummy,unconscious,unconscious,False,Image,False,7,0,13,0
277,sub-06,lh-lingual,0.5,0.0,0.0,0.6931471805599453,Mutual + Dummy,unconscious,unconscious,False,Image,False,7,0,8,0
278,sub-06,lh-lingual,0.5,0.0,0.0,0.6931471805599453,Mutual + Dummy,unconscious,unconscious,False,Image,False,7,0,7,0
279,sub-06,lh-lingual,0.5,0.0,0.0,0.6931471805599453,Mutual + Dummy,unconscious,unconscious,False,Image,False,7,0,2,0
280,sub-06,lh-lingual,0.5,0.0,0.0,0.6931471805599453,Mutual + Dummy,unconscious,unconscious,False,Image,False,7,0,10,0
281,sub-06,lh-lingual,0.5,0.0,0.0,0.6931471805599453,Mutual + Dummy,unconscious,unconscious,False,Image,False,7,0,9,0
282,sub-06,lh-lingual,0.5,0.0,0.0,0.6931471805599453,Mutual + Dummy,unconscious,unconscious,False,Image,False,7,0,5,0
283,sub-06,lh-lingual,0.5,0.0,0.0,0.6931471805599453,Mutual + Dummy,unconscious,unconscious,False,Image,False,7,0,10,0
284,sub-06,lh-lingual,0.5,0.0,0.0,0.6931471805599453,Mutual + Dummy,unconscious,unconscious,False,Image,False,7,0,11,0
285,sub-06,lh-lingual,0.5,0.0,0.0,0.6931471805599453,Mutual + Dummy,unconscious,unconscious,False,Image,False,7,0,3,0
286,sub-06,lh-lingual,0.5,0.0,0.0,0.6931471805599453,Mutual + Dummy,unconscious,unconscious,False,Image,False,7,0,8,0
287,sub-06,lh-lingual,0.5,0.0,0.0,0.6931471805599453,Mutual + Dummy,unconscious,unconscious,False,Image,False,7,0,5,0
288,sub-06,lh-lingual,0.5,0.0,0.0,0.6931471805599453,Mutual + Dummy,unconscious,unconscious,False,Image,False,7,0,7,0
289,sub-06,lh-lingual,0.5,0.0,0.0,0.6931471805599453,Mutual + Dummy,unconscious,unconscious,False,Image,False,3,0,4,0
290,sub-06,lh-lingual,0.5,0.0,0.0,0.6931471805599453,Mutual + Dummy,unconscious,unconscious,False,Image,False,3,0,10,0
291,sub-06,lh-lingual,0.5,0.0,0.0,0.6931471805599453,Mutual + Dummy,unconscious,unconscious,False,Image,False,3,0,8,0
292,sub-06,lh-lingual,0.5,0.0,0.0,0.6931471805599453,Mutual + Dummy,unconscious,unconscious,False,Image,False,3,0,7,0
293,sub-06,lh-lingual,0.5,0.0,0.0,0.6931471805599453,Mutual + Dummy,unconscious,unconscious,False,Image,False,3,0,4,0
294,sub-06,lh-lingual,0.5,0.0,0.0,0.6931471805599453,Mutual + Dummy,unconscious,unconscious,False,Image,False,3,0,8,0
295,sub-06,lh-lingual,0.5,0.0,0.0,0.6931471805599453,Mutual + Dummy,unconscious,unconscious,False,Image,False,3,0,7,0
296,sub-06,lh-lingual,0.5,0.0,0.0,0.6931471805599453,Mutual + Dummy,unconscious,unconscious,False,Image,False,3,0,3,0
297,sub-06,lh-lingual,0.5,0.0,0.0,0.6931471805599453,Mutual + Dummy,unconscious,unconscious,False,Image,False,3,0,5,0
298,sub-06,lh-lingual,0.5,0.0,0.0,0.6931471805599453,Mutual + Dummy,unconscious,unconscious,False,Image,False,3,0,10,0
299,sub-06,lh-lingual,0.5,0.0,0.0,0.6931471805599453,Mutual + Dummy,unconscious,unconscious,False,Image,False,3,0,5,0
300,sub-06,lh-lingual,0.5,0.0,0.0,0.6931471805599453,Mutual + Dummy,unconscious,unconscious,False,Image,False,3,0,7,0
301,sub-06,lh-lingual,0.5,0.0,0.0,0.6931471805599453,Mutual + Dummy,unconscious,unconscious,False,Image,False,3,0,11,0
302,sub-06,lh-lingual,0.5,0.0,0.0,0.6931471805599453,Mutual + Dummy,unconscious,unconscious,False,Image,False,3,0,7,0
303,sub-06,lh-lingual,0.5,0.0,0.0,0.6931471805599453,Mutual + Dummy,unconscious,unconscious,False,Image,False,3,0,10,0
304,sub-06,lh-lingual,0.5,0.0,0.0,0.6931471805599453,Mutual + Dummy,unconscious,unconscious,False,Image,False,3,0,3,0
305,sub-06,lh-lingual,0.5,0.0,0.0,0.6931471805599453,Mutual + Dummy,unconscious,unconscious,False,Image,False,3,0,4,0
306,sub-06,lh-lingual,0.5,0.0,0.0,0.6931471805599453,Mutual + Dummy,unconscious,unconscious,False,Image,False,3,0,12,0
307,sub-06,lh-lingual,0.5,0.0,0.0,0.6931471805599453,Mutual + Dummy,unconscious,unconscious,False,Image,False,3,0,11,0
308,sub-06,lh-lingual,0.5,0.0,0.0,0.6931471805599453,Mutual + Dummy,unconscious,unconscious,False,Image,False,3,0,3,0
309,sub-06,lh-lingual,0.5,0.0,0.0,0.6931471805599453,Mutual + Dummy,unconscious,unconscious,False,Image,False,3,0,5,0
310,sub-06,lh-lingual,0.5,0.0,0.0,0.6931471805599453,Mutual + Dummy,unconscious,unconscious,False,Image,False,3,0,6,0
311,sub-06,lh-lingual,0.5,0.0,0.0,0.6931471805599453,Mutual + Dummy,unconscious,unconscious,False,Image,False,3,0,5,0
312,sub-06,lh-lingual,0.5,0.0,0.0,0.6931471805599453,Mutual + Dummy,unconscious,unconscious,False,Image,False,3,0,11,0
313,sub-06,lh-lingual,0.5,0.0,0.0,0.6931471805599453,Mutual + Dummy,unconscious,unconscious,False,Image,False,3,0,4,0
314,sub-06,lh-lingual,0.5,0.0,0.0,0.6931471805599453,Mutual + Dummy,unconscious,unconscious,False,Image,False,3,0,9,0
315,sub-06,lh-lingual,0.5,0.0,0.0,0.6931471805599453,Mutual + Dummy,unconscious,unconscious,False,Image,False,3,0,9,0
316,sub-06,lh-lingual,0.5,0.0,0.0,0.6931471805599453,Mutual + Dummy,unconscious,unconscious,False,Image,False,3,0,10,0
317,sub-06,lh-lingual,0.5,0.0,0.0,0.6931471805599453,Mutual + Dummy,unconscious,unconscious,False,Image,False,3,0,3,0
318,sub-06,lh-lingual,0.5,0.0,0.0,0.6931471805599453,Mutual + Dummy,unconscious,unconscious,False,Image,False,3,0,10,0
319,sub-06,lh-lingual,0.5,0.0,0.0,0.6931471805599453,Mutual + Dummy,unconscious,unconscious,False,Image,False,3,0,9,0
320,sub-06,lh-lingual,0.5,0.0,0.0,0.6931471805599453,Mutual + Dummy,unconscious,unconscious,False,Image,False,3,0,9,0
321,sub-06,lh-lingual,0.5,0.0,0.0,0.6931471805599453,Mutual + Dummy,unconscious,unconscious,False,Image,False,3,0,11,0
322,sub-06,lh-lingual,0.5,0.0,0.0,0.6931471805599453,Mutual + Dummy,unconscious,unconscious,False,Image,False,3,0,5,0
323,sub-06,lh-lingual,0.5,0.0,0.0,0.6931471805599453,Mutual + Dummy,unconscious,unconscious,False,Image,False,3,0,7,0
324,sub-06,lh-lingual,0.5,0.0,0.0,0.6931471805599453,Mutual + Dummy,unconscious,unconscious,False,Image,False,3,0,13,0
325,sub-06,lh-lingual,0.5,0.0,0.0,0.6931471805599453,Mutual + Dummy,unconscious,unconscious,False,Image,False,3,0,8,0
326,sub-06,lh-lingual,0.5,0.0,0.0,0.6931471805599453,Mutual + Dummy,unconscious,unconscious,False,Image,False,3,0,7,0
327,sub-06,lh-lingual,0.5,0.0,0.0,0.6931471805599453,Mutual + Dummy,unconscious,unconscious,False,Image,False,3,0,2,0
328,sub-06,lh-lingual,0.5,0.0,0.0,0.6931471805599453,Mutual + Dummy,unconscious,unconscious,False,Image,False,3,0,10,0
329,sub-06,lh-lingual,0.5,0.0,0.0,0.6931471805599453,Mutual + Dummy,unconscious,unconscious,False,Image,False,3,0,9,0
330,sub-06,lh-lingual,0.5,0.0,0.0,0.6931471805599453,Mutual + Dummy,unconscious,unconscious,False,Image,False,3,0,5,0
331,sub-06,lh-lingual,0.5,0.0,0.0,0.6931471805599453,Mutual + Dummy,unconscious,unconscious,False,Image,False,3,0,10,0
332,sub-06,lh-lingual,0.5,0.0,0.0,0.6931471805599453,Mutual + Dummy,unconscious,unconscious,False,Image,False,3,0,11,0
333,sub-06,lh-lingual,0.5,0.0,0.0,0.6931471805599453,Mutual + Dummy,unconscious,unconscious,False,Image,False,3,0,3,0
334,sub-06,lh-lingual,0.5,0.0,0.0,0.6931471805599453,Mutual + Dummy,unconscious,unconscious,False,Image,False,3,0,8,0
335,sub-06,lh-lingual,0.5,0.0,0.0,0.6931471805599453,Mutual + Dummy,unconscious,unconscious,False,Image,False,3,0,5,0
336,sub-06,lh-lingual,0.5,0.0,0.0,0.6931471805599453,Mutual + Dummy,unconscious,unconscious,False,Image,False,3,0,7,0
337,sub-06,lh-lingual,0.5,0.0,0.0,0.6931471805599453,Mutual + Dummy,unconscious,unconscious,False,Image,False,10,0,4,0
338,sub-06,lh-lingual,0.5,0.0,0.0,0.6931471805599453,Mutual + Dummy,unconscious,unconscious,False,Image,False,10,0,10,0
339,sub-06,lh-lingual,0.5,0.0,0.0,0.6931471805599453,Mutual + Dummy,unconscious,unconscious,False,Image,False,10,0,8,0
340,sub-06,lh-lingual,0.5,0.0,0.0,0.6931471805599453,Mutual + Dummy,unconscious,unconscious,False,Image,False,10,0,7,0
341,sub-06,lh-lingual,0.5,0.0,0.0,0.6931471805599453,Mutual + Dummy,unconscious,unconscious,False,Image,False,10,0,4,0
342,sub-06,lh-lingual,0.5,0.0,0.0,0.6931471805599453,Mutual + Dummy,unconscious,unconscious,False,Image,False,10,0,8,0
343,sub-06,lh-lingual,0.5,0.0,0.0,0.6931471805599453,Mutual + Dummy,unconscious,unconscious,False,Image,False,10,0,7,0
344,sub-06,lh-lingual,0.5,0.0,0.0,0.6931471805599453,Mutual + Dummy,unconscious,unconscious,False,Image,False,10,0,3,0
345,sub-06,lh-lingual,0.5,0.0,0.0,0.6931471805599453,Mutual + Dummy,unconscious,unconscious,False,Image,False,10,0,5,0
346,sub-06,lh-lingual,0.5,0.0,0.0,0.6931471805599453,Mutual + Dummy,unconscious,unconscious,False,Image,False,10,0,10,0
347,sub-06,lh-lingual,0.5,0.0,0.0,0.6931471805599453,Mutual + Dummy,unconscious,unconscious,False,Image,False,10,0,5,0
348,sub-06,lh-lingual,0.5,0.0,0.0,0.6931471805599453,Mutual + Dummy,unconscious,unconscious,False,Image,False,10,0,7,0
349,sub-06,lh-lingual,0.5,0.0,0.0,0.6931471805599453,Mutual + Dummy,unconscious,unconscious,False,Image,False,10,0,11,0
350,sub-06,lh-lingual,0.5,0.0,0.0,0.6931471805599453,Mutual + Dummy,unconscious,unconscious,False,Image,False,10,0,7,0
351,sub-06,lh-lingual,0.5,0.0,0.0,0.6931471805599453,Mutual + Dummy,unconscious,unconscious,False,Image,False,10,0,10,0
352,sub-06,lh-lingual,0.5,0.0,0.0,0.6931471805599453,Mutual + Dummy,unconscious,unconscious,False,Image,False,10,0,3,0
353,sub-06,lh-lingual,0.5,0.0,0.0,0.6931471805599453,Mutual + Dummy,unconscious,unconscious,False,Image,False,10,0,4,0
354,sub-06,lh-lingual,0.5,0.0,0.0,0.6931471805599453,Mutual + Dummy,unconscious,unconscious,False,Image,False,10,0,12,0
355,sub-06,lh-lingual,0.5,0.0,0.0,0.6931471805599453,Mutual + Dummy,unconscious,unconscious,False,Image,False,10,0,11,0
356,sub-06,lh-lingual,0.5,0.0,0.0,0.6931471805599453,Mutual + Dummy,unconscious,unconscious,False,Image,False,10,0,3,0
357,sub-06,lh-lingual,0.5,0.0,0.0,0.6931471805599453,Mutual + Dummy,unconscious,unconscious,False,Image,False,10,0,5,0
358,sub-06,lh-lingual,0.5,0.0,0.0,0.6931471805599453,Mutual + Dummy,unconscious,unconscious,False,Image,False,10,0,6,0
359,sub-06,lh-lingual,0.5,0.0,0.0,0.6931471805599453,Mutual + Dummy,unconscious,unconscious,False,Image,False,10,0,5,0
360,sub-06,lh-lingual,0.5,0.0,0.0,0.6931471805599453,Mutual + Dummy,unconscious,unconscious,False,Image,False,10,0,11,0
361,sub-06,lh-lingual,0.5,0.0,0.0,0.6931471805599453,Mutual + Dummy,unconscious,unconscious,False,Image,False,10,0,4,0
362,sub-06,lh-lingual,0.5,0.0,0.0,0.6931471805599453,Mutual + Dummy,unconscious,unconscious,False,Image,False,10,0,9,0
363,sub-06,lh-lingual,0.5,0.0,0.0,0.6931471805599453,Mutual + Dummy,unconscious,unconscious,False,Image,False,10,0,9,0
364,sub-06,lh-lingual,0.5,0.0,0.0,0.6931471805599453,Mutual + Dummy,unconscious,unconscious,False,Image,False,10,0,10,0
365,sub-06,lh-lingual,0.5,0.0,0.0,0.6931471805599453,Mutual + Dummy,unconscious,unconscious,False,Image,False,10,0,3,0
366,sub-06,lh-lingual,0.5,0.0,0.0,0.6931471805599453,Mutual + Dummy,unconscious,unconscious,False,Image,False,10,0,10,0
367,sub-06,lh-lingual,0.5,0.0,0.0,0.6931471805599453,Mutual + Dummy,unconscious,unconscious,False,Image,False,10,0,9,0
368,sub-06,lh-lingual,0.5,0.0,0.0,0.6931471805599453,Mutual + Dummy,unconscious,unconscious,False,Image,False,10,0,9,0
369,sub-06,lh-lingual,0.5,0.0,0.0,0.6931471805599453,Mutual + Dummy,unconscious,unconscious,False,Image,False,10,0,11,0
370,sub-06,lh-lingual,0.5,0.0,0.0,0.6931471805599453,Mutual + Dummy,unconscious,unconscious,False,Image,False,10,0,5,0
371,sub-06,lh-lingual,0.5,0.0,0.0,0.6931471805599453,Mutual + Dummy,unconscious,unconscious,False,Image,False,10,0,7,0
372,sub-06,lh-lingual,0.5,0.0,0.0,0.6931471805599453,Mutual + Dummy,unconscious,unconscious,False,Image,False,10,0,13,0
373,sub-06,lh-lingual,0.5,0.0,0.0,0.6931471805599453,Mutual + Dummy,unconscious,unconscious,False,Image,False,10,0,8,0
374,sub-06,lh-lingual,0.5,0.0,0.0,0.6931471805599453,Mutual + Dummy,unconscious,unconscious,False,Image,False,10,0,7,0
375,sub-06,lh-lingual,0.5,0.0,0.0,0.6931471805599453,Mutual + Dummy,unconscious,unconscious,False,Image,False,10,0,2,0
376,sub-06,lh-lingual,0.5,0.0,0.0,0.6931471805599453,Mutual + Dummy,unconscious,unconscious,False,Image,False,10,0,10,0
377,sub-06,lh-lingual,0.5,0.0,0.0,0.6931471805599453,Mutual + Dummy,unconscious,unconscious,False,Image,False,10,0,9,0
378,sub-06,lh-lingual,0.5,0.0,0.0,0.6931471805599453,Mutual + Dummy,unconscious,unconscious,False,Image,False,10,0,5,0
379,sub-06,lh-lingual,0.5,0.0,0.0,0.6931471805599453,Mutual + Dummy,unconscious,unconscious,False,Image,False,10,0,10,0
380,sub-06,lh-lingual,0.5,0.0,0.0,0.6931471805599453,Mutual + Dummy,unconscious,unconscious,False,Image,False,10,0,11,0
381,sub-06,lh-lingual,0.5,0.0,0.0,0.6931471805599453,Mutual + Dummy,unconscious,unconscious,False,Image,False,10,0,3,0
382,sub-06,lh-lingual,0.5,0.0,0.0,0.6931471805599453,Mutual + Dummy,unconscious,unconscious,False,Image,False,10,0,8,0
383,sub-06,lh-lingual,0.5,0.0,0.0,0.6931471805599453,Mutual + Dummy,unconscious,unconscious,False,Image,False,10,0,5,0
384,sub-06,lh-lingual,0.5,0.0,0.0,0.6931471805599453,Mutual + Dummy,unconscious,unconscious,False,Image,False,10,0,7,0
385,sub-06,lh-lingual,0.5,0.0,0.0,0.6931471805599453,Mutual + Dummy,unconscious,unconscious,False,Image,False,9,0,4,0
386,sub-06,lh-lingual,0.5,0.0,0.0,0.6931471805599453,Mutual + Dummy,unconscious,unconscious,False,Image,False,9,0,10,0
387,sub-06,lh-lingual,0.5,0.0,0.0,0.6931471805599453,Mutual + Dummy,unconscious,unconscious,False,Image,False,9,0,8,0
388,sub-06,lh-lingual,0.5,0.0,0.0,0.6931471805599453,Mutual + Dummy,unconscious,unconscious,False,Image,False,9,0,7,0
389,sub-06,lh-lingual,0.5,0.0,0.0,0.6931471805599453,Mutual + Dummy,unconscious,unconscious,False,Image,False,9,0,4,0
390,sub-06,lh-lingual,0.5,0.0,0.0,0.6931471805599453,Mutual + Dummy,unconscious,unconscious,False,Image,False,9,0,8,0
391,sub-06,lh-lingual,0.5,0.0,0.0,0.6931471805599453,Mutual + Dummy,unconscious,unconscious,False,Image,False,9,0,7,0
392,sub-06,lh-lingual,0.5,0.0,0.0,0.6931471805599453,Mutual + Dummy,unconscious,unconscious,False,Image,False,9,0,3,0
393,sub-06,lh-lingual,0.5,0.0,0.0,0.6931471805599453,Mutual + Dummy,unconscious,unconscious,False,Image,False,9,0,5,0
394,sub-06,lh-lingual,0.5,0.0,0.0,0.6931471805599453,Mutual + Dummy,unconscious,unconscious,False,Image,False,9,0,10,0
395,sub-06,lh-lingual,0.5,0.0,0.0,0.6931471805599453,Mutual + Dummy,unconscious,unconscious,False,Image,False,9,0,5,0
396,sub-06,lh-lingual,0.5,0.0,0.0,0.6931471805599453,Mutual + Dummy,unconscious,unconscious,False,Image,False,9,0,7,0
397,sub-06,lh-lingual,0.5,0.0,0.0,0.6931471805599453,Mutual + Dummy,unconscious,unconscious,False,Image,False,9,0,11,0
398,sub-06,lh-lingual,0.5,0.0,0.0,0.6931471805599453,Mutual + Dummy,unconscious,unconscious,False,Image,False,9,0,7,0
399,sub-06,lh-lingual,0.5,0.0,0.0,0.6931471805599453,Mutual + Dummy,unconscious,unconscious,False,Image,False,9,0,10,0
400,sub-06,lh-lingual,0.5,0.0,0.0,0.6931471805599453,Mutual + Dummy,unconscious,unconscious,False,Image,False,9,0,3,0
401,sub-06,lh-lingual,0.5,0.0,0.0,0.6931471805599453,Mutual + Dummy,unconscious,unconscious,False,Image,False,9,0,4,0
402,sub-06,lh-lingual,0.5,0.0,0.0,0.6931471805599453,Mutual + Dummy,unconscious,unconscious,False,Image,False,9,0,12,0
403,sub-06,lh-lingual,0.5,0.0,0.0,0.6931471805599453,Mutual + Dummy,unconscious,unconscious,False,Image,False,9,0,11,0
404,sub-06,lh-lingual,0.5,0.0,0.0,0.6931471805599453,Mutual + Dummy,unconscious,unconscious,False,Image,False,9,0,3,0
405,sub-06,lh-lingual,0.5,0.0,0.0,0.6931471805599453,Mutual + Dummy,unconscious,unconscious,False,Image,False,9,0,5,0
406,sub-06,lh-lingual,0.5,0.0,0.0,0.6931471805599453,Mutual + Dummy,unconscious,unconscious,False,Image,False,9,0,6,0
407,sub-06,lh-lingual,0.5,0.0,0.0,0.6931471805599453,Mutual + Dummy,unconscious,unconscious,False,Image,False,9,0,5,0
408,sub-06,lh-lingual,0.5,0.0,0.0,0.6931471805599453,Mutual + Dummy,unconscious,unconscious,False,Image,False,9,0,11,0
409,sub-06,lh-lingual,0.5,0.0,0.0,0.6931471805599453,Mutual + Dummy,unconscious,unconscious,False,Image,False,9,0,4,0
410,sub-06,lh-lingual,0.5,0.0,0.0,0.6931471805599453,Mutual + Dummy,unconscious,unconscious,False,Image,False,9,0,9,0
411,sub-06,lh-lingual,0.5,0.0,0.0,0.6931471805599453,Mutual + Dummy,unconscious,unconscious,False,Image,False,9,0,9,0
412,sub-06,lh-lingual,0.5,0.0,0.0,0.6931471805599453,Mutual + Dummy,unconscious,unconscious,False,Image,False,9,0,10,0
413,sub-06,lh-lingual,0.5,0.0,0.0,0.6931471805599453,Mutual + Dummy,unconscious,unconscious,False,Image,False,9,0,3,0
414,sub-06,lh-lingual,0.5,0.0,0.0,0.6931471805599453,Mutual + Dummy,unconscious,unconscious,False,Image,False,9,0,10,0
415,sub-06,lh-lingual,0.5,0.0,0.0,0.6931471805599453,Mutual + Dummy,unconscious,unconscious,False,Image,False,9,0,9,0
416,sub-06,lh-lingual,0.5,0.0,0.0,0.6931471805599453,Mutual + Dummy,unconscious,unconscious,False,Image,False,9,0,9,0
417,sub-06,lh-lingual,0.5,0.0,0.0,0.6931471805599453,Mutual + Dummy,unconscious,unconscious,False,Image,False,9,0,11,0
418,sub-06,lh-lingual,0.5,0.0,0.0,0.6931471805599453,Mutual + Dummy,unconscious,unconscious,False,Image,False,9,0,5,0
419,sub-06,lh-lingual,0.5,0.0,0.0,0.6931471805599453,Mutual + Dummy,unconscious,unconscious,False,Image,False,9,0,7,0
420,sub-06,lh-lingual,0.5,0.0,0.0,0.6931471805599453,Mutual + Dummy,unconscious,unconscious,False,Image,False,9,0,13,0
421,sub-06,lh-lingual,0.5,0.0,0.0,0.6931471805599453,Mutual + Dummy,unconscious,unconscious,False,Image,False,9,0,8,0
422,sub-06,lh-lingual,0.5,0.0,0.0,0.6931471805599453,Mutual + Dummy,unconscious,unconscious,False,Image,False,9,0,7,0
423,sub-06,lh-lingual,0.5,0.0,0.0,0.6931471805599453,Mutual + Dummy,unconscious,unconscious,False,Image,False,9,0,2,0
424,sub-06,lh-lingual,0.5,0.0,0.0,0.6931471805599453,Mutual + Dummy,unconscious,unconscious,False,Image,False,9,0,10,0
425,sub-06,lh-lingual,0.5,0.0,0.0,0.6931471805599453,Mutual + Dummy,unconscious,unconscious,False,Image,False,9,0,9,0
426,sub-06,lh-lingual,0.5,0.0,0.0,0.6931471805599453,Mutual + Dummy,unconscious,unconscious,False,Image,False,9,0,5,0
427,sub-06,lh-lingual,0.5,0.0,0.0,0.6931471805599453,Mutual + Dummy,unconscious,unconscious,False,Image,False,9,0,10,0
428,sub-06,lh-lingual,0.5,0.0,0.0,0.6931471805599453,Mutual + Dummy,unconscious,unconscious,False,Image,False,9,0,11,0
429,sub-06,lh-lingual,0.5,0.0,0.0,0.6931471805599453,Mutual + Dummy,unconscious,unconscious,False,Image,False,9,0,3,0
430,sub-06,lh-lingual,0.5,0.0,0.0,0.6931471805599453,Mutual + Dummy,unconscious,unconscious,False,Image,False,9,0,8,0
431,sub-06,lh-lingual,0.5,0.0,0.0,0.6931471805599453,Mutual + Dummy,unconscious,unconscious,False,Image,False,9,0,5,0
432,sub-06,lh-lingual,0.5,0.0,0.0,0.6931471805599453,Mutual + Dummy,unconscious,unconscious,False,Image,False,9,0,7,0
433,sub-06,lh-lingual,0.5,0.0,0.0,0.6931471805599453,Mutual + Dummy,unconscious,unconscious,False,Image,False,6,0,4,0
434,sub-06,lh-lingual,0.5,0.0,0.0,0.6931471805599453,Mutual + Dummy,unconscious,unconscious,False,Image,False,6,0,10,0
435,sub-06,lh-lingual,0.5,0.0,0.0,0.6931471805599453,Mutual + Dummy,unconscious,unconscious,False,Image,False,6,0,8,0
436,sub-06,lh-lingual,0.5,0.0,0.0,0.6931471805599453,Mutual + Dummy,unconscious,unconscious,False,Image,False,6,0,7,0
437,sub-06,lh-lingual,0.5,0.0,0.0,0.6931471805599453,Mutual + Dummy,unconscious,unconscious,False,Image,False,6,0,4,0
438,sub-06,lh-lingual,0.5,0.0,0.0,0.6931471805599453,Mutual + Dummy,unconscious,unconscious,False,Image,False,6,0,8,0
439,sub-06,lh-lingual,0.5,0.0,0.0,0.6931471805599453,Mutual + Dummy,unconscious,unconscious,False,Image,False,6,0,7,0
440,sub-06,lh-lingual,0.5,0.0,0.0,0.6931471805599453,Mutual + Dummy,unconscious,unconscious,False,Image,False,6,0,3,0
441,sub-06,lh-lingual,0.5,0.0,0.0,0.6931471805599453,Mutual + Dummy,unconscious,unconscious,False,Image,False,6,0,5,0
442,sub-06,lh-lingual,0.5,0.0,0.0,0.6931471805599453,Mutual + Dummy,unconscious,unconscious,False,Image,False,6,0,10,0
443,sub-06,lh-lingual,0.5,0.0,0.0,0.6931471805599453,Mutual + Dummy,unconscious,unconscious,False,Image,False,6,0,5,0
444,sub-06,lh-lingual,0.5,0.0,0.0,0.6931471805599453,Mutual + Dummy,unconscious,unconscious,False,Image,False,6,0,7,0
445,sub-06,lh-lingual,0.5,0.0,0.0,0.6931471805599453,Mutual + Dummy,unconscious,unconscious,False,Image,False,6,0,11,0
446,sub-06,lh-lingual,0.5,0.0,0.0,0.6931471805599453,Mutual + Dummy,unconscious,unconscious,False,Image,False,6,0,7,0
447,sub-06,lh-lingual,0.5,0.0,0.0,0.6931471805599453,Mutual + Dummy,unconscious,unconscious,False,Image,False,6,0,10,0
448,sub-06,lh-lingual,0.5,0.0,0.0,0.6931471805599453,Mutual + Dummy,unconscious,unconscious,False,Image,False,6,0,3,0
449,sub-06,lh-lingual,0.5,0.0,0.0,0.6931471805599453,Mutual + Dummy,unconscious,unconscious,False,Image,False,6,0,4,0
450,sub-06,lh-lingual,0.5,0.0,0.0,0.6931471805599453,Mutual + Dummy,unconscious,unconscious,False,Image,False,6,0,12,0
451,sub-06,lh-lingual,0.5,0.0,0.0,0.6931471805599453,Mutual + Dummy,unconscious,unconscious,False,Image,False,6,0,11,0
452,sub-06,lh-lingual,0.5,0.0,0.0,0.6931471805599453,Mutual + Dummy,unconscious,unconscious,False,Image,False,6,0,3,0
453,sub-06,lh-lingual,0.5,0.0,0.0,0.6931471805599453,Mutual + Dummy,unconscious,unconscious,False,Image,False,6,0,5,0
454,sub-06,lh-lingual,0.5,0.0,0.0,0.6931471805599453,Mutual + Dummy,unconscious,unconscious,False,Image,False,6,0,6,0
455,sub-06,lh-lingual,0.5,0.0,0.0,0.6931471805599453,Mutual + Dummy,unconscious,unconscious,False,Image,False,6,0,5,0
456,sub-06,lh-lingual,0.5,0.0,0.0,0.6931471805599453,Mutual + Dummy,unconscious,unconscious,False,Image,False,6,0,11,0
457,sub-06,lh-lingual,0.5,0.0,0.0,0.6931471805599453,Mutual + Dummy,unconscious,unconscious,False,Image,False,6,0,4,0
458,sub-06,lh-lingual,0.5,0.0,0.0,0.6931471805599453,Mutual + Dummy,unconscious,unconscious,False,Image,False,6,0,9,0
459,sub-06,lh-lingual,0.5,0.0,0.0,0.6931471805599453,Mutual + Dummy,unconscious,unconscious,False,Image,False,6,0,9,0
460,sub-06,lh-lingual,0.5,0.0,0.0,0.6931471805599453,Mutual + Dummy,unconscious,unconscious,False,Image,False,6,0,10,0
461,sub-06,lh-lingual,0.5,0.0,0.0,0.6931471805599453,Mutual + Dummy,unconscious,unconscious,False,Image,False,6,0,3,0
462,sub-06,lh-lingual,0.5,0.0,0.0,0.6931471805599453,Mutual + Dummy,unconscious,unconscious,False,Image,False,6,0,10,0
463,sub-06,lh-lingual,0.5,0.0,0.0,0.6931471805599453,Mutual + Dummy,unconscious,unconscious,False,Image,False,6,0,9,0
464,sub-06,lh-lingual,0.5,0.0,0.0,0.6931471805599453,Mutual + Dummy,unconscious,unconscious,False,Image,False,6,0,9,0
465,sub-06,lh-lingual,0.5,0.0,0.0,0.6931471805599453,Mutual + Dummy,unconscious,unconscious,False,Image,False,6,0,11,0
466,sub-06,lh-lingual,0.5,0.0,0.0,0.6931471805599453,Mutual + Dummy,unconscious,unconscious,False,Image,False,6,0,5,0
467,sub-06,lh-lingual,0.5,0.0,0.0,0.6931471805599453,Mutual + Dummy,unconscious,unconscious,False,Image,False,6,0,7,0
468,sub-06,lh-lingual,0.5,0.0,0.0,0.6931471805599453,Mutual + Dummy,unconscious,unconscious,False,Image,False,6,0,13,0
469,sub-06,lh-lingual,0.5,0.0,0.0,0.6931471805599453,Mutual + Dummy,unconscious,unconscious,False,Image,False,6,0,8,0
470,sub-06,lh-lingual,0.5,0.0,0.0,0.6931471805599453,Mutual + Dummy,unconscious,unconscious,False,Image,False,6,0,7,0
471,sub-06,lh-lingual,0.5,0.0,0.0,0.6931471805599453,Mutual + Dummy,unconscious,unconscious,False,Image,False,6,0,2,0
472,sub-06,lh-lingual,0.5,0.0,0.0,0.6931471805599453,Mutual + Dummy,unconscious,unconscious,False,Image,False,6,0,10,0
473,sub-06,lh-lingual,0.5,0.0,0.0,0.6931471805599453,Mutual + Dummy,unconscious,unconscious,False,Image,False,6,0,9,0
474,sub-06,lh-lingual,0.5,0.0,0.0,0.6931471805599453,Mutual + Dummy,unconscious,unconscious,False,Image,False,6,0,5,0
475,sub-06,lh-lingual,0.5,0.0,0.0,0.6931471805599453,Mutual + Dummy,unconscious,unconscious,False,Image,False,6,0,10,0
476,sub-06,lh-lingual,0.5,0.0,0.0,0.6931471805599453,Mutual + Dummy,unconscious,unconscious,False,Image,False,6,0,11,0
477,sub-06,lh-lingual,0.5,0.0,0.0,0.6931471805599453,Mutual + Dummy,unconscious,unconscious,False,Image,False,6,0,3,0
478,sub-06,lh-lingual,0.5,0.0,0.0,0.6931471805599453,Mutual + Dummy,unconscious,unconscious,False,Image,False,6,0,8,0
479,sub-06,lh-lingual,0.5,0.0,0.0,0.6931471805599453,Mutual + Dummy,unconscious,unconscious,False,Image,False,6,0,5,0
480,sub-06,lh-lingual,0.5,0.0,0.0,0.6931471805599453,Mutual + Dummy,unconscious,unconscious,False,Image,False,6,0,7,0
481,sub-06,lh-lingual,0.5,0.0,0.0,0.6931471805599453,Mutual + Dummy,unconscious,unconscious,False,Image,False,7,0,4,0
482,sub-06,lh-lingual,0.5,0.0,0.0,0.6931471805599453,Mutual + Dummy,unconscious,unconscious,False,Image,False,7,0,10,0
483,sub-06,lh-lingual,0.5,0.0,0.0,0.6931471805599453,Mutual + Dummy,unconscious,unconscious,False,Image,False,7,0,8,0
484,sub-06,lh-lingual,0.5,0.0,0.0,0.6931471805599453,Mutual + Dummy,unconscious,unconscious,False,Image,False,7,0,7,0
485,sub-06,lh-lingual,0.5,0.0,0.0,0.6931471805599453,Mutual + Dummy,unconscious,unconscious,False,Image,False,7,0,4,0
486,sub-06,lh-lingual,0.5,0.0,0.0,0.6931471805599453,Mutual + Dummy,unconscious,unconscious,False,Image,False,7,0,8,0
487,sub-06,lh-lingual,0.5,0.0,0.0,0.6931471805599453,Mutual + Dummy,unconscious,unconscious,False,Image,False,7,0,7,0
488,sub-06,lh-lingual,0.5,0.0,0.0,0.6931471805599453,Mutual + Dummy,unconscious,unconscious,False,Image,False,7,0,3,0
489,sub-06,lh-lingual,0.5,0.0,0.0,0.6931471805599453,Mutual + Dummy,unconscious,unconscious,False,Image,False,7,0,5,0
490,sub-06,lh-lingual,0.5,0.0,0.0,0.6931471805599453,Mutual + Dummy,unconscious,unconscious,False,Image,False,7,0,10,0
491,sub-06,lh-lingual,0.5,0.0,0.0,0.6931471805599453,Mutual + Dummy,unconscious,unconscious,False,Image,False,7,0,5,0
492,sub-06,lh-lingual,0.5,0.0,0.0,0.6931471805599453,Mutual + Dummy,unconscious,unconscious,False,Image,False,7,0,7,0
493,sub-06,lh-lingual,0.5,0.0,0.0,0.6931471805599453,Mutual + Dummy,unconscious,unconscious,False,Image,False,7,0,11,0
494,sub-06,lh-lingual,0.5,0.0,0.0,0.6931471805599453,Mutual + Dummy,unconscious,unconscious,False,Image,False,7,0,7,0
495,sub-06,lh-lingual,0.5,0.0,0.0,0.6931471805599453,Mutual + Dummy,unconscious,unconscious,False,Image,False,7,0,10,0
496,sub-06,lh-lingual,0.5,0.0,0.0,0.6931471805599453,Mutual + Dummy,unconscious,unconscious,False,Image,False,7,0,3,0
497,sub-06,lh-lingual,0.5,0.0,0.0,0.6931471805599453,Mutual + Dummy,unconscious,unconscious,False,Image,False,7,0,4,0
498,sub-06,lh-lingual,0.5,0.0,0.0,0.6931471805599453,Mutual + Dummy,unconscious,unconscious,False,Image,False,7,0,12,0
499,sub-06,lh-lingual,0.5,0.0,0.0,0.6931471805599453,Mutual + Dummy,unconscious,unconscious,False,Image,False,7,0,11,0
500,sub-06,lh-lingual,0.5,0.0,0.0,0.6931471805599453,Mutual + Dummy,unconscious,unconscious,False,Image,False,7,0,3,0
501,sub-06,lh-lingual,0.5,0.0,0.0,0.6931471805599453,Mutual + Dummy,unconscious,unconscious,False,Image,False,7,0,5,0
502,sub-06,lh-lingual,0.5,0.0,0.0,0.6931471805599453,Mutual + Dummy,unconscious,unconscious,False,Image,False,7,0,6,0
503,sub-06,lh-lingual,0.5,0.0,0.0,0.6931471805599453,Mutual + Dummy,unconscious,unconscious,False,Image,False,7,0,5,0
504,sub-06,lh-lingual,0.5,0.0,0.0,0.6931471805599453,Mutual + Dummy,unconscious,unconscious,False,Image,False,7,0,11,0
505,sub-06,lh-lingual,0.5,0.0,0.0,0.6931471805599453,Mutual + Dummy,unconscious,unconscious,False,Image,False,7,0,4,0
506,sub-06,lh-lingual,0.5,0.0,0.0,0.6931471805599453,Mutual + Dummy,unconscious,unconscious,False,Image,False,7,0,9,0
507,sub-06,lh-lingual,0.5,0.0,0.0,0.6931471805599453,Mutual + Dummy,unconscious,unconscious,False,Image,False,7,0,9,0
508,sub-06,lh-lingual,0.5,0.0,0.0,0.6931471805599453,Mutual + Dummy,unconscious,unconscious,False,Image,False,7,0,10,0
509,sub-06,lh-lingual,0.5,0.0,0.0,0.6931471805599453,Mutual + Dummy,unconscious,unconscious,False,Image,False,7,0,3,0
510,sub-06,lh-lingual,0.5,0.0,0.0,0.6931471805599453,Mutual + Dummy,unconscious,unconscious,False,Image,False,7,0,10,0
511,sub-06,lh-lingual,0.5,0.0,0.0,0.6931471805599453,Mutual + Dummy,unconscious,unconscious,False,Image,False,7,0,9,0
512,sub-06,lh-lingual,0.5,0.0,0.0,0.6931471805599453,Mutual + Dummy,unconscious,unconscious,False,Image,False,7,0,9,0
513,sub-06,lh-lingual,0.5,0.0,0.0,0.6931471805599453,Mutual + Dummy,unconscious,unconscious,False,Image,False,7,0,11,0
514,sub-06,lh-lingual,0.5,0.0,0.0,0.6931471805599453,Mutual + Dummy,unconscious,unconscious,False,Image,False,7,0,5,0
515,sub-06,lh-lingual,0.5,0.0,0.0,0.6931471805599453,Mutual + Dummy,unconscious,unconscious,False,Image,False,7,0,7,0
516,sub-06,lh-lingual,0.5,0.0,0.0,0.6931471805599453,Mutual + Dummy,unconscious,unconscious,False,Image,False,7,0,13,0
517,sub-06,lh-lingual,0.5,0.0,0.0,0.6931471805599453,Mutual + Dummy,unconscious,unconscious,False,Image,False,7,0,8,0
518,sub-06,lh-lingual,0.5,0.0,0.0,0.6931471805599453,Mutual + Dummy,unconscious,unconscious,False,Image,False,7,0,7,0
519,sub-06,lh-lingual,0.5,0.0,0.0,0.6931471805599453,Mutual + Dummy,unconscious,unconscious,False,Image,False,7,0,2,0
520,sub-06,lh-lingual,0.5,0.0,0.0,0.6931471805599453,Mutual + Dummy,unconscious,unconscious,False,Image,False,7,0,10,0
521,sub-06,lh-lingual,0.5,0.0,0.0,0.6931471805599453,Mutual + Dummy,unconscious,unconscious,False,Image,False,7,0,9,0
522,sub-06,lh-lingual,0.5,0.0,0.0,0.6931471805599453,Mutual + Dummy,unconscious,unconscious,False,Image,False,7,0,5,0
523,sub-06,lh-lingual,0.5,0.0,0.0,0.6931471805599453,Mutual + Dummy,unconscious,unconscious,False,Image,False,7,0,10,0
524,sub-06,lh-lingual,0.5,0.0,0.0,0.6931471805599453,Mutual + Dummy,unconscious,unconscious,False,Image,False,7,0,11,0
525,sub-06,lh-lingual,0.5,0.0,0.0,0.6931471805599453,Mutual + Dummy,unconscious,unconscious,False,Image,False,7,0,3,0
526,sub-06,lh-lingual,0.5,0.0,0.0,0.6931471805599453,Mutual + Dummy,unconscious,unconscious,False,Image,False,7,0,8,0
527,sub-06,lh-lingual,0.5,0.0,0.0,0.6931471805599453,Mutual + Dummy,unconscious,unconscious,False,Image,False,7,0,5,0
528,sub-06,lh-lingual,0.5,0.0,0.0,0.6931471805599453,Mutual + Dummy,unconscious,unconscious,False,Image,False,7,0,7,0
529,sub-06,lh-lingual,0.5,0.0,0.0,0.6931471805599453,Mutual + Dummy,unconscious,unconscious,False,Image,False,13,0,4,0
530,sub-06,lh-lingual,0.5,0.0,0.0,0.6931471805599453,Mutual + Dummy,unconscious,unconscious,False,Image,False,13,0,10,0
531,sub-06,lh-lingual,0.5,0.0,0.0,0.6931471805599453,Mutual + Dummy,unconscious,unconscious,False,Image,False,13,0,8,0
532,sub-06,lh-lingual,0.5,0.0,0.0,0.6931471805599453,Mutual + Dummy,unconscious,unconscious,False,Image,False,13,0,7,0
533,sub-06,lh-lingual,0.5,0.0,0.0,0.6931471805599453,Mutual + Dummy,unconscious,unconscious,False,Image,False,13,0,4,0
534,sub-06,lh-lingual,0.5,0.0,0.0,0.6931471805599453,Mutual + Dummy,unconscious,unconscious,False,Image,False,13,0,8,0
535,sub-06,lh-lingual,0.5,0.0,0.0,0.6931471805599453,Mutual + Dummy,unconscious,unconscious,False,Image,False,13,0,7,0
536,sub-06,lh-lingual,0.5,0.0,0.0,0.6931471805599453,Mutual + Dummy,unconscious,unconscious,False,Image,False,13,0,3,0
537,sub-06,lh-lingual,0.5,0.0,0.0,0.6931471805599453,Mutual + Dummy,unconscious,unconscious,False,Image,False,13,0,5,0
538,sub-06,lh-lingual,0.5,0.0,0.0,0.6931471805599453,Mutual + Dummy,unconscious,unconscious,False,Image,False,13,0,10,0
539,sub-06,lh-lingual,0.5,0.0,0.0,0.6931471805599453,Mutual + Dummy,unconscious,unconscious,False,Image,False,13,0,5,0
540,sub-06,lh-lingual,0.5,0.0,0.0,0.6931471805599453,Mutual + Dummy,unconscious,unconscious,False,Image,False,13,0,7,0
541,sub-06,lh-lingual,0.5,0.0,0.0,0.6931471805599453,Mutual + Dummy,unconscious,unconscious,False,Image,False,13,0,11,0
542,sub-06,lh-lingual,0.5,0.0,0.0,0.6931471805599453,Mutual + Dummy,unconscious,unconscious,False,Image,False,13,0,7,0
543,sub-06,lh-lingual,0.5,0.0,0.0,0.6931471805599453,Mutual + Dummy,unconscious,unconscious,False,Image,False,13,0,10,0
544,sub-06,lh-lingual,0.5,0.0,0.0,0.6931471805599453,Mutual + Dummy,unconscious,unconscious,False,Image,False,13,0,3,0
545,sub-06,lh-lingual,0.5,0.0,0.0,0.6931471805599453,Mutual + Dummy,unconscious,unconscious,False,Image,False,13,0,4,0
546,sub-06,lh-lingual,0.5,0.0,0.0,0.6931471805599452,Mutual + Dummy,unconscious,unconscious,False,Image,False,13,0,12,0
547,sub-06,lh-lingual,0.5,0.0,0.0,0.6931471805599453,Mutual + Dummy,unconscious,unconscious,False,Image,False,13,0,11,0
548,sub-06,lh-lingual,0.5,0.0,0.0,0.6931471805599453,Mutual + Dummy,unconscious,unconscious,False,Image,False,13,0,3,0
549,sub-06,lh-lingual,0.5,0.0,0.0,0.6931471805599453,Mutual + Dummy,unconscious,unconscious,False,Image,False,13,0,5,0
550,sub-06,lh-lingual,0.5,0.0,0.0,0.6931471805599453,Mutual + Dummy,unconscious,unconscious,False,Image,False,13,0,6,0
551,sub-06,lh-lingual,0.5,0.0,0.0,0.6931471805599453,Mutual + Dummy,unconscious,unconscious,False,Image,False,13,0,5,0
552,sub-06,lh-lingual,0.5,0.0,0.0,0.6931471805599453,Mutual + Dummy,unconscious,unconscious,False,Image,False,13,0,11,0
553,sub-06,lh-lingual,0.5,0.0,0.0,0.6931471805599453,Mutual + Dummy,unconscious,unconscious,False,Image,False,13,0,4,0
554,sub-06,lh-lingual,0.5,0.0,0.0,0.6931471805599453,Mutual + Dummy,unconscious,unconscious,False,Image,False,13,0,9,0
555,sub-06,lh-lingual,0.5,0.0,0.0,0.6931471805599453,Mutual + Dummy,unconscious,unconscious,False,Image,False,13,0,9,0
556,sub-06,lh-lingual,0.5,0.0,0.0,0.6931471805599453,Mutual + Dummy,unconscious,unconscious,False,Image,False,13,0,10,0
557,sub-06,lh-lingual,0.5,0.0,0.0,0.6931471805599453,Mutual + Dummy,unconscious,unconscious,False,Image,False,13,0,3,0
558,sub-06,lh-lingual,0.5,0.0,0.0,0.6931471805599453,Mutual + Dummy,unconscious,unconscious,False,Image,False,13,0,10,0
559,sub-06,lh-lingual,0.5,0.0,0.0,0.6931471805599453,Mutual + Dummy,unconscious,unconscious,False,Image,False,13,0,9,0
560,sub-06,lh-lingual,0.5,0.0,0.0,0.6931471805599453,Mutual + Dummy,unconscious,unconscious,False,Image,False,13,0,9,0
561,sub-06,lh-lingual,0.5,0.0,0.0,0.6931471805599453,Mutual + Dummy,unconscious,unconscious,False,Image,False,13,0,11,0
562,sub-06,lh-lingual,0.5,0.0,0.0,0.6931471805599453,Mutual + Dummy,unconscious,unconscious,False,Image,False,13,0,5,0
563,sub-06,lh-lingual,0.5,0.0,0.0,0.6931471805599453,Mutual + Dummy,unconscious,unconscious,False,Image,False,13,0,7,0
564,sub-06,lh-lingual,0.5,0.0,0.0,0.6931471805599452,Mutual + Dummy,unconscious,unconscious,False,Image,False,13,0,13,0
565,sub-06,lh-lingual,0.5,0.0,0.0,0.6931471805599453,Mutual + Dummy,unconscious,unconscious,False,Image,False,13,0,8,0
566,sub-06,lh-lingual,0.5,0.0,0.0,0.6931471805599453,Mutual + Dummy,unconscious,unconscious,False,Image,False,13,0,7,0
567,sub-06,lh-lingual,0.5,0.0,0.0,0.6931471805599453,Mutual + Dummy,unconscious,unconscious,False,Image,False,13,0,2,0
568,sub-06,lh-lingual,0.5,0.0,0.0,0.6931471805599453,Mutual + Dummy,unconscious,unconscious,False,Image,False,13,0,10,0
569,sub-06,lh-lingual,0.5,0.0,0.0,0.6931471805599453,Mutual + Dummy,unconscious,unconscious,False,Image,False,13,0,9,0
570,sub-06,lh-lingual,0.5,0.0,0.0,0.6931471805599453,Mutual + Dummy,unconscious,unconscious,False,Image,False,13,0,5,0
571,sub-06,lh-lingual,0.5,0.0,0.0,0.6931471805599453,Mutual + Dummy,unconscious,unconscious,False,Image,False,13,0,10,0
572,sub-06,lh-lingual,0.5,0.0,0.0,0.6931471805599453,Mutual + Dummy,unconscious,unconscious,False,Image,False,13,0,11,0
573,sub-06,lh-lingual,0.5,0.0,0.0,0.6931471805599453,Mutual + Dummy,unconscious,unconscious,False,Image,False,13,0,3,0
574,sub-06,lh-lingual,0.5,0.0,0.0,0.6931471805599453,Mutual + Dummy,unconscious,unconscious,False,Image,False,13,0,8,0
575,sub-06,lh-lingual,0.5,0.0,0.0,0.6931471805599453,Mutual + Dummy,unconscious,unconscious,False,Image,False,13,0,5,0
576,sub-06,lh-lingual,0.5,0.0,0.0,0.6931471805599453,Mutual + Dummy,unconscious,unconscious,False,Image,False,13,0,7,0
577,sub-06,lh-lingual,0.5,0.0,0.0,0.6931471805599453,Mutual + Dummy,unconscious,unconscious,False,Image,False,12,0,4,0
578,sub-06,lh-lingual,0.5,0.0,0.0,0.6931471805599453,Mutual + Dummy,unconscious,unconscious,False,Image,False,12,0,10,0
579,sub-06,lh-lingual,0.5,0.0,0.0,0.6931471805599453,Mutual + Dummy,unconscious,unconscious,False,Image,False,12,0,8,0
580,sub-06,lh-lingual,0.5,0.0,0.0,0.6931471805599453,Mutual + Dummy,unconscious,unconscious,False,Image,False,12,0,7,0
581,sub-06,lh-lingual,0.5,0.0,0.0,0.6931471805599453,Mutual + Dummy,unconscious,unconscious,False,Image,False,12,0,4,0
582,sub-06,lh-lingual,0.5,0.0,0.0,0.6931471805599453,Mutual + Dummy,unconscious,unconscious,False,Image,False,12,0,8,0
583,sub-06,lh-lingual,0.5,0.0,0.0,0.6931471805599453,Mutual + Dummy,unconscious,unconscious,False,Image,False,12,0,7,0
584,sub-06,lh-lingual,0.5,0.0,0.0,0.6931471805599453,Mutual + Dummy,unconscious,unconscious,False,Image,False,12,0,3,0
585,sub-06,lh-lingual,0.5,0.0,0.0,0.6931471805599453,Mutual + Dummy,unconscious,unconscious,False,Image,False,12,0,5,0
586,sub-06,lh-lingual,0.5,0.0,0.0,0.6931471805599453,Mutual + Dummy,unconscious,unconscious,False,Image,False,12,0,10,0
587,sub-06,lh-lingual,0.5,0.0,0.0,0.6931471805599453,Mutual + Dummy,unconscious,unconscious,False,Image,False,12,0,5,0
588,sub-06,lh-lingual,0.5,0.0,0.0,0.6931471805599453,Mutual + Dummy,unconscious,unconscious,False,Image,False,12,0,7,0
589,sub-06,lh-lingual,0.5,0.0,0.0,0.6931471805599453,Mutual + Dummy,unconscious,unconscious,False,Image,False,12,0,11,0
590,sub-06,lh-lingual,0.5,0.0,0.0,0.6931471805599453,Mutual + Dummy,unconscious,unconscious,False,Image,False,12,0,7,0
591,sub-06,lh-lingual,0.5,0.0,0.0,0.6931471805599453,Mutual + Dummy,unconscious,unconscious,False,Image,False,12,0,10,0
592,sub-06,lh-lingual,0.5,0.0,0.0,0.6931471805599453,Mutual + Dummy,unconscious,unconscious,False,Image,False,12,0,3,0
593,sub-06,lh-lingual,0.5,0.0,0.0,0.6931471805599453,Mutual + Dummy,unconscious,unconscious,False,Image,False,12,0,4,0
594,sub-06,lh-lingual,0.5,0.0,0.0,0.6931471805599453,Mutual + Dummy,unconscious,unconscious,False,Image,False,12,0,12,0
595,sub-06,lh-lingual,0.5,0.0,0.0,0.6931471805599453,Mutual + Dummy,unconscious,unconscious,False,Image,False,12,0,11,0
596,sub-06,lh-lingual,0.5,0.0,0.0,0.6931471805599453,Mutual + Dummy,unconscious,unconscious,False,Image,False,12,0,3,0
597,sub-06,lh-lingual,0.5,0.0,0.0,0.6931471805599453,Mutual + Dummy,unconscious,unconscious,False,Image,False,12,0,5,0
598,sub-06,lh-lingual,0.5,0.0,0.0,0.6931471805599453,Mutual + Dummy,unconscious,unconscious,False,Image,False,12,0,6,0
599,sub-06,lh-lingual,0.5,0.0,0.0,0.6931471805599453,Mutual + Dummy,unconscious,unconscious,False,Image,False,12,0,5,0
600,sub-06,lh-lingual,0.5,0.0,0.0,0.6931471805599453,Mutual + Dummy,unconscious,unconscious,False,Image,False,12,0,11,0
601,sub-06,lh-lingual,0.5,0.0,0.0,0.6931471805599453,Mutual + Dummy,unconscious,unconscious,False,Image,False,12,0,4,0
602,sub-06,lh-lingual,0.5,0.0,0.0,0.6931471805599453,Mutual + Dummy,unconscious,unconscious,False,Image,False,12,0,9,0
603,sub-06,lh-lingual,0.5,0.0,0.0,0.6931471805599453,Mutual + Dummy,unconscious,unconscious,False,Image,False,12,0,9,0
604,sub-06,lh-lingual,0.5,0.0,0.0,0.6931471805599453,Mutual + Dummy,unconscious,unconscious,False,Image,False,12,0,10,0
605,sub-06,lh-lingual,0.5,0.0,0.0,0.6931471805599453,Mutual + Dummy,unconscious,unconscious,False,Image,False,12,0,3,0
606,sub-06,lh-lingual,0.5,0.0,0.0,0.6931471805599453,Mutual + Dummy,unconscious,unconscious,False,Image,False,12,0,10,0
607,sub-06,lh-lingual,0.5,0.0,0.0,0.6931471805599453,Mutual + Dummy,unconscious,unconscious,False,Image,False,12,0,9,0
608,sub-06,lh-lingual,0.5,0.0,0.0,0.6931471805599453,Mutual + Dummy,unconscious,unconscious,False,Image,False,12,0,9,0
609,sub-06,lh-lingual,0.5,0.0,0.0,0.6931471805599453,Mutual + Dummy,unconscious,unconscious,False,Image,False,12,0,11,0
610,sub-06,lh-lingual,0.5,0.0,0.0,0.6931471805599453,Mutual + Dummy,unconscious,unconscious,False,Image,False,12,0,5,0
611,sub-06,lh-lingual,0.5,0.0,0.0,0.6931471805599453,Mutual + Dummy,unconscious,unconscious,False,Image,False,12,0,7,0
612,sub-06,lh-lingual,0.5,0.0,0.0,0.6931471805599452,Mutual + Dummy,unconscious,unconscious,False,Image,False,12,0,13,0
613,sub-06,lh-lingual,0.5,0.0,0.0,0.6931471805599453,Mutual + Dummy,unconscious,unconscious,False,Image,False,12,0,8,0
614,sub-06,lh-lingual,0.5,0.0,0.0,0.6931471805599453,Mutual + Dummy,unconscious,unconscious,False,Image,False,12,0,7,0
615,sub-06,lh-lingual,0.5,0.0,0.0,0.6931471805599453,Mutual + Dummy,unconscious,unconscious,False,Image,False,12,0,2,0
616,sub-06,lh-lingual,0.5,0.0,0.0,0.6931471805599453,Mutual + Dummy,unconscious,unconscious,False,Image,False,12,0,10,0
617,sub-06,lh-lingual,0.5,0.0,0.0,0.6931471805599453,Mutual + Dummy,unconscious,unconscious,False,Image,False,12,0,9,0
618,sub-06,lh-lingual,0.5,0.0,0.0,0.6931471805599453,Mutual + Dummy,unconscious,unconscious,False,Image,False,12,0,5,0
619,sub-06,lh-lingual,0.5,0.0,0.0,0.6931471805599453,Mutual + Dummy,unconscious,unconscious,False,Image,False,12,0,10,0
620,sub-06,lh-lingual,0.5,0.0,0.0,0.6931471805599453,Mutual + Dummy,unconscious,unconscious,False,Image,False,12,0,11,0
621,sub-06,lh-lingual,0.5,0.0,0.0,0.6931471805599453,Mutual + Dummy,unconscious,unconscious,False,Image,False,12,0,3,0
622,sub-06,lh-lingual,0.5,0.0,0.0,0.6931471805599453,Mutual + Dummy,unconscious,unconscious,False,Image,False,12,0,8,0
623,sub-06,lh-lingual,0.5,0.0,0.0,0.6931471805599453,Mutual + Dummy,unconscious,unconscious,False,Image,False,12,0,5,0
624,sub-06,lh-lingual,0.5,0.0,0.0,0.6931471805599453,Mutual + Dummy,unconscious,unconscious,False,Image,False,12,0,7,0
625,sub-06,lh-lingual,0.5,0.0,0.0,0.6931471805599453,Mutual + Dummy,unconscious,unconscious,False,Image,False,6,0,4,0
626,sub-06,lh-lingual,0.5,0.0,0.0,0.6931471805599453,Mutual + Dummy,unconscious,unconscious,False,Image,False,6,0,10,0
627,sub-06,lh-lingual,0.5,0.0,0.0,0.6931471805599453,Mutual + Dummy,unconscious,unconscious,False,Image,False,6,0,8,0
628,sub-06,lh-lingual,0.5,0.0,0.0,0.6931471805599453,Mutual + Dummy,unconscious,unconscious,False,Image,False,6,0,7,0
629,sub-06,lh-lingual,0.5,0.0,0.0,0.6931471805599453,Mutual + Dummy,unconscious,unconscious,False,Image,False,6,0,4,0
630,sub-06,lh-lingual,0.5,0.0,0.0,0.6931471805599453,Mutual + Dummy,unconscious,unconscious,False,Image,False,6,0,8,0
631,sub-06,lh-lingual,0.5,0.0,0.0,0.6931471805599453,Mutual + Dummy,unconscious,unconscious,False,Image,False,6,0,7,0
632,sub-06,lh-lingual,0.5,0.0,0.0,0.6931471805599453,Mutual + Dummy,unconscious,unconscious,False,Image,False,6,0,3,0
633,sub-06,lh-lingual,0.5,0.0,0.0,0.6931471805599453,Mutual + Dummy,unconscious,unconscious,False,Image,False,6,0,5,0
634,sub-06,lh-lingual,0.5,0.0,0.0,0.6931471805599453,Mutual + Dummy,unconscious,unconscious,False,Image,False,6,0,10,0
635,sub-06,lh-lingual,0.5,0.0,0.0,0.6931471805599453,Mutual + Dummy,unconscious,unconscious,False,Image,False,6,0,5,0
636,sub-06,lh-lingual,0.5,0.0,0.0,0.6931471805599453,Mutual + Dummy,unconscious,unconscious,False,Image,False,6,0,7,0
637,sub-06,lh-lingual,0.5,0.0,0.0,0.6931471805599453,Mutual + Dummy,unconscious,unconscious,False,Image,False,6,0,11,0
638,sub-06,lh-lingual,0.5,0.0,0.0,0.6931471805599453,Mutual + Dummy,unconscious,unconscious,False,Image,False,6,0,7,0
639,sub-06,lh-lingual,0.5,0.0,0.0,0.6931471805599453,Mutual + Dummy,unconscious,unconscious,False,Image,False,6,0,10,0
640,sub-06,lh-lingual,0.5,0.0,0.0,0.6931471805599453,Mutual + Dummy,unconscious,unconscious,False,Image,False,6,0,3,0
641,sub-06,lh-lingual,0.5,0.0,0.0,0.6931471805599453,Mutual + Dummy,unconscious,unconscious,False,Image,False,6,0,4,0
642,sub-06,lh-lingual,0.5,0.0,0.0,0.6931471805599453,Mutual + Dummy,unconscious,unconscious,False,Image,False,6,0,12,0
643,sub-06,lh-lingual,0.5,0.0,0.0,0.6931471805599453,Mutual + Dummy,unconscious,unconscious,False,Image,False,6,0,11,0
644,sub-06,lh-lingual,0.5,0.0,0.0,0.6931471805599453,Mutual + Dummy,unconscious,unconscious,False,Image,False,6,0,3,0
645,sub-06,lh-lingual,0.5,0.0,0.0,0.6931471805599453,Mutual + Dummy,unconscious,unconscious,False,Image,False,6,0,5,0
646,sub-06,lh-lingual,0.5,0.0,0.0,0.6931471805599453,Mutual + Dummy,unconscious,unconscious,False,Image,False,6,0,6,0
647,sub-06,lh-lingual,0.5,0.0,0.0,0.6931471805599453,Mutual + Dummy,unconscious,unconscious,False,Image,False,6,0,5,0
648,sub-06,lh-lingual,0.5,0.0,0.0,0.6931471805599453,Mutual + Dummy,unconscious,unconscious,False,Image,False,6,0,11,0
649,sub-06,lh-lingual,0.5,0.0,0.0,0.6931471805599453,Mutual + Dummy,unconscious,unconscious,False,Image,False,6,0,4,0
650,sub-06,lh-lingual,0.5,0.0,0.0,0.6931471805599453,Mutual + Dummy,unconscious,unconscious,False,Image,False,6,0,9,0
651,sub-06,lh-lingual,0.5,0.0,0.0,0.6931471805599453,Mutual + Dummy,unconscious,unconscious,False,Image,False,6,0,9,0
652,sub-06,lh-lingual,0.5,0.0,0.0,0.6931471805599453,Mutual + Dummy,unconscious,unconscious,False,Image,False,6,0,10,0
653,sub-06,lh-lingual,0.5,0.0,0.0,0.6931471805599453,Mutual + Dummy,unconscious,unconscious,False,Image,False,6,0,3,0
654,sub-06,lh-lingual,0.5,0.0,0.0,0.6931471805599453,Mutual + Dummy,unconscious,unconscious,False,Image,False,6,0,10,0
655,sub-06,lh-lingual,0.5,0.0,0.0,0.6931471805599453,Mutual + Dummy,unconscious,unconscious,False,Image,False,6,0,9,0
656,sub-06,lh-lingual,0.5,0.0,0.0,0.6931471805599453,Mutual + Dummy,unconscious,unconscious,False,Image,False,6,0,9,0
657,sub-06,lh-lingual,0.5,0.0,0.0,0.6931471805599453,Mutual + Dummy,unconscious,unconscious,False,Image,False,6,0,11,0
658,sub-06,lh-lingual,0.5,0.0,0.0,0.6931471805599453,Mutual + Dummy,unconscious,unconscious,False,Image,False,6,0,5,0
659,sub-06,lh-lingual,0.5,0.0,0.0,0.6931471805599453,Mutual + Dummy,unconscious,unconscious,False,Image,False,6,0,7,0
660,sub-06,lh-lingual,0.5,0.0,0.0,0.6931471805599453,Mutual + Dummy,unconscious,unconscious,False,Image,False,6,0,13,0
661,sub-06,lh-lingual,0.5,0.0,0.0,0.6931471805599453,Mutual + Dummy,unconscious,unconscious,False,Image,False,6,0,8,0
662,sub-06,lh-lingual,0.5,0.0,0.0,0.6931471805599453,Mutual + Dummy,unconscious,unconscious,False,Image,False,6,0,7,0
663,sub-06,lh-lingual,0.5,0.0,0.0,0.6931471805599453,Mutual + Dummy,unconscious,unconscious,False,Image,False,6,0,2,0
664,sub-06,lh-lingual,0.5,0.0,0.0,0.6931471805599453,Mutual + Dummy,unconscious,unconscious,False,Image,False,6,0,10,0
665,sub-06,lh-lingual,0.5,0.0,0.0,0.6931471805599453,Mutual + Dummy,unconscious,unconscious,False,Image,False,6,0,9,0
666,sub-06,lh-lingual,0.5,0.0,0.0,0.6931471805599453,Mutual + Dummy,unconscious,unconscious,False,Image,False,6,0,5,0
667,sub-06,lh-lingual,0.5,0.0,0.0,0.6931471805599453,Mutual + Dummy,unconscious,unconscious,False,Image,False,6,0,10,0
668,sub-06,lh-lingual,0.5,0.0,0.0,0.6931471805599453,Mutual + Dummy,unconscious,unconscious,False,Image,False,6,0,11,0
669,sub-06,lh-lingual,0.5,0.0,0.0,0.6931471805599453,Mutual + Dummy,unconscious,unconscious,False,Image,False,6,0,3,0
670,sub-06,lh-lingual,0.5,0.0,0.0,0.6931471805599453,Mutual + Dummy,unconscious,unconscious,False,Image,False,6,0,8,0
671,sub-06,lh-lingual,0.5,0.0,0.0,0.6931471805599453,Mutual + Dummy,unconscious,unconscious,False,Image,False,6,0,5,0
672,sub-06,lh-lingual,0.5,0.0,0.0,0.6931471805599453,Mutual + Dummy,unconscious,unconscious,False,Image,False,6,0,7,0
673,sub-06,lh-lingual,0.5,0.0,0.0,0.6931471805599453,Mutual + Dummy,unconscious,unconscious,False,Image,False,12,0,4,0
674,sub-06,lh-lingual,0.5,0.0,0.0,0.6931471805599453,Mutual + Dummy,unconscious,unconscious,False,Image,False,12,0,10,0
675,sub-06,lh-lingual,0.5,0.0,0.0,0.6931471805599453,Mutual + Dummy,unconscious,unconscious,False,Image,False,12,0,8,0
676,sub-06,lh-lingual,0.5,0.0,0.0,0.6931471805599453,Mutual + Dummy,unconscious,unconscious,False,Image,False,12,0,7,0
677,sub-06,lh-lingual,0.5,0.0,0.0,0.6931471805599453,Mutual + Dummy,unconscious,unconscious,False,Image,False,12,0,4,0
678,sub-06,lh-lingual,0.5,0.0,0.0,0.6931471805599453,Mutual + Dummy,unconscious,unconscious,False,Image,False,12,0,8,0
679,sub-06,lh-lingual,0.5,0.0,0.0,0.6931471805599453,Mutual + Dummy,unconscious,unconscious,False,Image,False,12,0,7,0
680,sub-06,lh-lingual,0.5,0.0,0.0,0.6931471805599453,Mutual + Dummy,unconscious,unconscious,False,Image,False,12,0,3,0
681,sub-06,lh-lingual,0.5,0.0,0.0,0.6931471805599453,Mutual + Dummy,unconscious,unconscious,False,Image,False,12,0,5,0
682,sub-06,lh-lingual,0.5,0.0,0.0,0.6931471805599453,Mutual + Dummy,unconscious,unconscious,False,Image,False,12,0,10,0
683,sub-06,lh-lingual,0.5,0.0,0.0,0.6931471805599453,Mutual + Dummy,unconscious,unconscious,False,Image,False,12,0,5,0
684,sub-06,lh-lingual,0.5,0.0,0.0,0.6931471805599453,Mutual + Dummy,unconscious,unconscious,False,Image,False,12,0,7,0
685,sub-06,lh-lingual,0.5,0.0,0.0,0.6931471805599453,Mutual + Dummy,unconscious,unconscious,False,Image,False,12,0,11,0
686,sub-06,lh-lingual,0.5,0.0,0.0,0.6931471805599453,Mutual + Dummy,unconscious,unconscious,False,Image,False,12,0,7,0
687,sub-06,lh-lingual,0.5,0.0,0.0,0.6931471805599453,Mutual + Dummy,unconscious,unconscious,False,Image,False,12,0,10,0
688,sub-06,lh-lingual,0.5,0.0,0.0,0.6931471805599453,Mutual + Dummy,unconscious,unconscious,False,Image,False,12,0,3,0
689,sub-06,lh-lingual,0.5,0.0,0.0,0.6931471805599453,Mutual + Dummy,unconscious,unconscious,False,Image,False,12,0,4,0
690,sub-06,lh-lingual,0.5,0.0,0.0,0.6931471805599453,Mutual + Dummy,unconscious,unconscious,False,Image,False,12,0,12,0
691,sub-06,lh-lingual,0.5,0.0,0.0,0.6931471805599453,Mutual + Dummy,unconscious,unconscious,False,Image,False,12,0,11,0
692,sub-06,lh-lingual,0.5,0.0,0.0,0.6931471805599453,Mutual + Dummy,unconscious,unconscious,False,Image,False,12,0,3,0
693,sub-06,lh-lingual,0.5,0.0,0.0,0.6931471805599453,Mutual + Dummy,unconscious,unconscious,False,Image,False,12,0,5,0
694,sub-06,lh-lingual,0.5,0.0,0.0,0.6931471805599453,Mutual + Dummy,unconscious,unconscious,False,Image,False,12,0,6,0
695,sub-06,lh-lingual,0.5,0.0,0.0,0.6931471805599453,Mutual + Dummy,unconscious,unconscious,False,Image,False,12,0,5,0
696,sub-06,lh-lingual,0.5,0.0,0.0,0.6931471805599453,Mutual + Dummy,unconscious,unconscious,False,Image,False,12,0,11,0
697,sub-06,lh-lingual,0.5,0.0,0.0,0.6931471805599453,Mutual + Dummy,unconscious,unconscious,False,Image,False,12,0,4,0
698,sub-06,lh-lingual,0.5,0.0,0.0,0.6931471805599453,Mutual + Dummy,unconscious,unconscious,False,Image,False,12,0,9,0
699,sub-06,lh-lingual,0.5,0.0,0.0,0.6931471805599453,Mutual + Dummy,unconscious,unconscious,False,Image,False,12,0,9,0
700,sub-06,lh-lingual,0.5,0.0,0.0,0.6931471805599453,Mutual + Dummy,unconscious,unconscious,False,Image,False,12,0,10,0
701,sub-06,lh-lingual,0.5,0.0,0.0,0.6931471805599453,Mutual + Dummy,unconscious,unconscious,False,Image,False,12,0,3,0
702,sub-06,lh-lingual,0.5,0.0,0.0,0.6931471805599453,Mutual + Dummy,unconscious,unconscious,False,Image,False,12,0,10,0
703,sub-06,lh-lingual,0.5,0.0,0.0,0.6931471805599453,Mutual + Dummy,unconscious,unconscious,False,Image,False,12,0,9,0
704,sub-06,lh-lingual,0.5,0.0,0.0,0.6931471805599453,Mutual + Dummy,unconscious,unconscious,False,Image,False,12,0,9,0
705,sub-06,lh-lingual,0.5,0.0,0.0,0.6931471805599453,Mutual + Dummy,unconscious,unconscious,False,Image,False,12,0,11,0
706,sub-06,lh-lingual,0.5,0.0,0.0,0.6931471805599453,Mutual + Dummy,unconscious,unconscious,False,Image,False,12,0,5,0
707,sub-06,lh-lingual,0.5,0.0,0.0,0.6931471805599453,Mutual + Dummy,unconscious,unconscious,False,Image,False,12,0,7,0
708,sub-06,lh-lingual,0.5,0.0,0.0,0.6931471805599452,Mutual + Dummy,unconscious,unconscious,False,Image,False,12,0,13,0
709,sub-06,lh-lingual,0.5,0.0,0.0,0.6931471805599453,Mutual + Dummy,unconscious,unconscious,False,Image,False,12,0,8,0
710,sub-06,lh-lingual,0.5,0.0,0.0,0.6931471805599453,Mutual + Dummy,unconscious,unconscious,False,Image,False,12,0,7,0
711,sub-06,lh-lingual,0.5,0.0,0.0,0.6931471805599453,Mutual + Dummy,unconscious,unconscious,False,Image,False,12,0,2,0
712,sub-06,lh-lingual,0.5,0.0,0.0,0.6931471805599453,Mutual + Dummy,unconscious,unconscious,False,Image,False,12,0,10,0
713,sub-06,lh-lingual,0.5,0.0,0.0,0.6931471805599453,Mutual + Dummy,unconscious,unconscious,False,Image,False,12,0,9,0
714,sub-06,lh-lingual,0.5,0.0,0.0,0.6931471805599453,Mutual + Dummy,unconscious,unconscious,False,Image,False,12,0,5,0
715,sub-06,lh-lingual,0.5,0.0,0.0,0.6931471805599453,Mutual + Dummy,unconscious,unconscious,False,Image,False,12,0,10,0
716,sub-06,lh-lingual,0.5,0.0,0.0,0.6931471805599453,Mutual + Dummy,unconscious,unconscious,False,Image,False,12,0,11,0
717,sub-06,lh-lingual,0.5,0.0,0.0,0.6931471805599453,Mutual + Dummy,unconscious,unconscious,False,Image,False,12,0,3,0
718,sub-06,lh-lingual,0.5,0.0,0.0,0.6931471805599453,Mutual + Dummy,unconscious,unconscious,False,Image,False,12,0,8,0
719,sub-06,lh-lingual,0.5,0.0,0.0,0.6931471805599453,Mutual + Dummy,unconscious,unconscious,False,Image,False,12,0,5,0
720,sub-06,lh-lingual,0.5,0.0,0.0,0.6931471805599453,Mutual + Dummy,unconscious,unconscious,False,Image,False,12,0,7,0
721,sub-06,lh-lingual,0.5,0.0,0.0,0.6931471805599453,Mutual + Dummy,unconscious,unconscious,False,Image,False,6,0,4,0
722,sub-06,lh-lingual,0.5,0.0,0.0,0.6931471805599453,Mutual + Dummy,unconscious,unconscious,False,Image,False,6,0,10,0
723,sub-06,lh-lingual,0.5,0.0,0.0,0.6931471805599453,Mutual + Dummy,unconscious,unconscious,False,Image,False,6,0,8,0
724,sub-06,lh-lingual,0.5,0.0,0.0,0.6931471805599453,Mutual + Dummy,unconscious,unconscious,False,Image,False,6,0,7,0
725,sub-06,lh-lingual,0.5,0.0,0.0,0.6931471805599453,Mutual + Dummy,unconscious,unconscious,False,Image,False,6,0,4,0
726,sub-06,lh-lingual,0.5,0.0,0.0,0.6931471805599453,Mutual + Dummy,unconscious,unconscious,False,Image,False,6,0,8,0
727,sub-06,lh-lingual,0.5,0.0,0.0,0.6931471805599453,Mutual + Dummy,unconscious,unconscious,False,Image,False,6,0,7,0
728,sub-06,lh-lingual,0.5,0.0,0.0,0.6931471805599453,Mutual + Dummy,unconscious,unconscious,False,Image,False,6,0,3,0
729,sub-06,lh-lingual,0.5,0.0,0.0,0.6931471805599453,Mutual + Dummy,unconscious,unconscious,False,Image,False,6,0,5,0
730,sub-06,lh-lingual,0.5,0.0,0.0,0.6931471805599453,Mutual + Dummy,unconscious,unconscious,False,Image,False,6,0,10,0
731,sub-06,lh-lingual,0.5,0.0,0.0,0.6931471805599453,Mutual + Dummy,unconscious,unconscious,False,Image,False,6,0,5,0
732,sub-06,lh-lingual,0.5,0.0,0.0,0.6931471805599453,Mutual + Dummy,unconscious,unconscious,False,Image,False,6,0,7,0
733,sub-06,lh-lingual,0.5,0.0,0.0,0.6931471805599453,Mutual + Dummy,unconscious,unconscious,False,Image,False,6,0,11,0
734,sub-06,lh-lingual,0.5,0.0,0.0,0.6931471805599453,Mutual + Dummy,unconscious,unconscious,False,Image,False,6,0,7,0
735,sub-06,lh-lingual,0.5,0.0,0.0,0.6931471805599453,Mutual + Dummy,unconscious,unconscious,False,Image,False,6,0,10,0
736,sub-06,lh-lingual,0.5,0.0,0.0,0.6931471805599453,Mutual + Dummy,unconscious,unconscious,False,Image,False,6,0,3,0
737,sub-06,lh-lingual,0.5,0.0,0.0,0.6931471805599453,Mutual + Dummy,unconscious,unconscious,False,Image,False,6,0,4,0
738,sub-06,lh-lingual,0.5,0.0,0.0,0.6931471805599453,Mutual + Dummy,unconscious,unconscious,False,Image,False,6,0,12,0
739,sub-06,lh-lingual,0.5,0.0,0.0,0.6931471805599453,Mutual + Dummy,unconscious,unconscious,False,Image,False,6,0,11,0
740,sub-06,lh-lingual,0.5,0.0,0.0,0.6931471805599453,Mutual + Dummy,unconscious,unconscious,False,Image,False,6,0,3,0
741,sub-06,lh-lingual,0.5,0.0,0.0,0.6931471805599453,Mutual + Dummy,unconscious,unconscious,False,Image,False,6,0,5,0
742,sub-06,lh-lingual,0.5,0.0,0.0,0.6931471805599453,Mutual + Dummy,unconscious,unconscious,False,Image,False,6,0,6,0
743,sub-06,lh-lingual,0.5,0.0,0.0,0.6931471805599453,Mutual + Dummy,unconscious,unconscious,False,Image,False,6,0,5,0
744,sub-06,lh-lingual,0.5,0.0,0.0,0.6931471805599453,Mutual + Dummy,unconscious,unconscious,False,Image,False,6,0,11,0
745,sub-06,lh-lingual,0.5,0.0,0.0,0.6931471805599453,Mutual + Dummy,unconscious,unconscious,False,Image,False,6,0,4,0
746,sub-06,lh-lingual,0.5,0.0,0.0,0.6931471805599453,Mutual + Dummy,unconscious,unconscious,False,Image,False,6,0,9,0
747,sub-06,lh-lingual,0.5,0.0,0.0,0.6931471805599453,Mutual + Dummy,unconscious,unconscious,False,Image,False,6,0,9,0
748,sub-06,lh-lingual,0.5,0.0,0.0,0.6931471805599453,Mutual + Dummy,unconscious,unconscious,False,Image,False,6,0,10,0
749,sub-06,lh-lingual,0.5,0.0,0.0,0.6931471805599453,Mutual + Dummy,unconscious,unconscious,False,Image,False,6,0,3,0
750,sub-06,lh-lingual,0.5,0.0,0.0,0.6931471805599453,Mutual + Dummy,unconscious,unconscious,False,Image,False,6,0,10,0
751,sub-06,lh-lingual,0.5,0.0,0.0,0.6931471805599453,Mutual + Dummy,unconscious,unconscious,False,Image,False,6,0,9,0
752,sub-06,lh-lingual,0.5,0.0,0.0,0.6931471805599453,Mutual + Dummy,unconscious,unconscious,False,Image,False,6,0,9,0
753,sub-06,lh-lingual,0.5,0.0,0.0,0.6931471805599453,Mutual + Dummy,unconscious,unconscious,False,Image,False,6,0,11,0
754,sub-06,lh-lingual,0.5,0.0,0.0,0.6931471805599453,Mutual + Dummy,unconscious,unconscious,False,Image,False,6,0,5,0
755,sub-06,lh-lingual,0.5,0.0,0.0,0.6931471805599453,Mutual + Dummy,unconscious,unconscious,False,Image,False,6,0,7,0
756,sub-06,lh-lingual,0.5,0.0,0.0,0.6931471805599453,Mutual + Dummy,unconscious,unconscious,False,Image,False,6,0,13,0
757,sub-06,lh-lingual,0.5,0.0,0.0,0.6931471805599453,Mutual + Dummy,unconscious,unconscious,False,Image,False,6,0,8,0
758,sub-06,lh-lingual,0.5,0.0,0.0,0.6931471805599453,Mutual + Dummy,unconscious,unconscious,False,Image,False,6,0,7,0
759,sub-06,lh-lingual,0.5,0.0,0.0,0.6931471805599453,Mutual + Dummy,unconscious,unconscious,False,Image,False,6,0,2,0
760,sub-06,lh-lingual,0.5,0.0,0.0,0.6931471805599453,Mutual + Dummy,unconscious,unconscious,False,Image,False,6,0,10,0
761,sub-06,lh-lingual,0.5,0.0,0.0,0.6931471805599453,Mutual + Dummy,unconscious,unconscious,False,Image,False,6,0,9,0
762,sub-06,lh-lingual,0.5,0.0,0.0,0.6931471805599453,Mutual + Dummy,unconscious,unconscious,False,Image,False,6,0,5,0
763,sub-06,lh-lingual,0.5,0.0,0.0,0.6931471805599453,Mutual + Dummy,unconscious,unconscious,False,Image,False,6,0,10,0
764,sub-06,lh-lingual,0.5,0.0,0.0,0.6931471805599453,Mutual + Dummy,unconscious,unconscious,False,Image,False,6,0,11,0
765,sub-06,lh-lingual,0.5,0.0,0.0,0.6931471805599453,Mutual + Dummy,unconscious,unconscious,False,Image,False,6,0,3,0
766,sub-06,lh-lingual,0.5,0.0,0.0,0.6931471805599453,Mutual + Dummy,unconscious,unconscious,False,Image,False,6,0,8,0
767,sub-06,lh-lingual,0.5,0.0,0.0,0.6931471805599453,Mutual + Dummy,unconscious,unconscious,False,Image,False,6,0,5,0
768,sub-06,lh-lingual,0.5,0.0,0.0,0.6931471805599453,Mutual + Dummy,unconscious,unconscious,False,Image,False,6,0,7,0
769,sub-06,lh-lingual,0.5,0.0,0.0,0.6931471805599453,Mutual + Dummy,unconscious,unconscious,False,Image,False,11,0,4,0
770,sub-06,lh-lingual,0.5,0.0,0.0,0.6931471805599453,Mutual + Dummy,unconscious,unconscious,False,Image,False,11,0,10,0
771,sub-06,lh-lingual,0.5,0.0,0.0,0.6931471805599453,Mutual + Dummy,unconscious,unconscious,False,Image,False,11,0,8,0
772,sub-06,lh-lingual,0.5,0.0,0.0,0.6931471805599453,Mutual + Dummy,unconscious,unconscious,False,Image,False,11,0,7,0
773,sub-06,lh-lingual,0.5,0.0,0.0,0.6931471805599453,Mutual + Dummy,unconscious,unconscious,False,Image,False,11,0,4,0
774,sub-06,lh-lingual,0.5,0.0,0.0,0.6931471805599453,Mutual + Dummy,unconscious,unconscious,False,Image,False,11,0,8,0
775,sub-06,lh-lingual,0.5,0.0,0.0,0.6931471805599453,Mutual + Dummy,unconscious,unconscious,False,Image,False,11,0,7,0
776,sub-06,lh-lingual,0.5,0.0,0.0,0.6931471805599453,Mutual + Dummy,unconscious,unconscious,False,Image,False,11,0,3,0
777,sub-06,lh-lingual,0.5,0.0,0.0,0.6931471805599453,Mutual + Dummy,unconscious,unconscious,False,Image,False,11,0,5,0
778,sub-06,lh-lingual,0.5,0.0,0.0,0.6931471805599453,Mutual + Dummy,unconscious,unconscious,False,Image,False,11,0,10,0
779,sub-06,lh-lingual,0.5,0.0,0.0,0.6931471805599453,Mutual + Dummy,unconscious,unconscious,False,Image,False,11,0,5,0
780,sub-06,lh-lingual,0.5,0.0,0.0,0.6931471805599453,Mutual + Dummy,unconscious,unconscious,False,Image,False,11,0,7,0
781,sub-06,lh-lingual,0.5,0.0,0.0,0.6931471805599453,Mutual + Dummy,unconscious,unconscious,False,Image,False,11,0,11,0
782,sub-06,lh-lingual,0.5,0.0,0.0,0.6931471805599453,Mutual + Dummy,unconscious,unconscious,False,Image,False,11,0,7,0
783,sub-06,lh-lingual,0.5,0.0,0.0,0.6931471805599453,Mutual + Dummy,unconscious,unconscious,False,Image,False,11,0,10,0
784,sub-06,lh-lingual,0.5,0.0,0.0,0.6931471805599453,Mutual + Dummy,unconscious,unconscious,False,Image,False,11,0,3,0
785,sub-06,lh-lingual,0.5,0.0,0.0,0.6931471805599453,Mutual + Dummy,unconscious,unconscious,False,Image,False,11,0,4,0
786,sub-06,lh-lingual,0.5,0.0,0.0,0.6931471805599453,Mutual + Dummy,unconscious,unconscious,False,Image,False,11,0,12,0
787,sub-06,lh-lingual,0.5,0.0,0.0,0.6931471805599453,Mutual + Dummy,unconscious,unconscious,False,Image,False,11,0,11,0
788,sub-06,lh-lingual,0.5,0.0,0.0,0.6931471805599453,Mutual + Dummy,unconscious,unconscious,False,Image,False,11,0,3,0
789,sub-06,lh-lingual,0.5,0.0,0.0,0.6931471805599453,Mutual + Dummy,unconscious,unconscious,False,Image,False,11,0,5,0
790,sub-06,lh-lingual,0.5,0.0,0.0,0.6931471805599453,Mutual + Dummy,unconscious,unconscious,False,Image,False,11,0,6,0
791,sub-06,lh-lingual,0.5,0.0,0.0,0.6931471805599453,Mutual + Dummy,unconscious,unconscious,False,Image,False,11,0,5,0
792,sub-06,lh-lingual,0.5,0.0,0.0,0.6931471805599453,Mutual + Dummy,unconscious,unconscious,False,Image,False,11,0,11,0
793,sub-06,lh-lingual,0.5,0.0,0.0,0.6931471805599453,Mutual + Dummy,unconscious,unconscious,False,Image,False,11,0,4,0
794,sub-06,lh-lingual,0.5,0.0,0.0,0.6931471805599453,Mutual + Dummy,unconscious,unconscious,False,Image,False,11,0,9,0
795,sub-06,lh-lingual,0.5,0.0,0.0,0.6931471805599453,Mutual + Dummy,unconscious,unconscious,False,Image,False,11,0,9,0
796,sub-06,lh-lingual,0.5,0.0,0.0,0.6931471805599453,Mutual + Dummy,unconscious,unconscious,False,Image,False,11,0,10,0
797,sub-06,lh-lingual,0.5,0.0,0.0,0.6931471805599453,Mutual + Dummy,unconscious,unconscious,False,Image,False,11,0,3,0
798,sub-06,lh-lingual,0.5,0.0,0.0,0.6931471805599453,Mutual + Dummy,unconscious,unconscious,False,Image,False,11,0,10,0
799,sub-06,lh-lingual,0.5,0.0,0.0,0.6931471805599453,Mutual + Dummy,unconscious,unconscious,False,Image,False,11,0,9,0
800,sub-06,lh-lingual,0.5,0.0,0.0,0.6931471805599453,Mutual + Dummy,unconscious,unconscious,False,Image,False,11,0,9,0
801,sub-06,lh-lingual,0.5,0.0,0.0,0.6931471805599453,Mutual + Dummy,unconscious,unconscious,False,Image,False,11,0,11,0
802,sub-06,lh-lingual,0.5,0.0,0.0,0.6931471805599453,Mutual + Dummy,unconscious,unconscious,False,Image,False,11,0,5,0
803,sub-06,lh-lingual,0.5,0.0,0.0,0.6931471805599453,Mutual + Dummy,unconscious,unconscious,False,Image,False,11,0,7,0
804,sub-06,lh-lingual,0.5,0.0,0.0,0.6931471805599453,Mutual + Dummy,unconscious,unconscious,False,Image,False,11,0,13,0
805,sub-06,lh-lingual,0.5,0.0,0.0,0.6931471805599453,Mutual + Dummy,unconscious,unconscious,False,Image,False,11,0,8,0
806,sub-06,lh-lingual,0.5,0.0,0.0,0.6931471805599453,Mutual + Dummy,unconscious,unconscious,False,Image,False,11,0,7,0
807,sub-06,lh-lingual,0.5,0.0,0.0,0.6931471805599453,Mutual + Dummy,unconscious,unconscious,False,Image,False,11,0,2,0
808,sub-06,lh-lingual,0.5,0.0,0.0,0.6931471805599453,Mutual + Dummy,unconscious,unconscious,False,Image,False,11,0,10,0
809,sub-06,lh-lingual,0.5,0.0,0.0,0.6931471805599453,Mutual + Dummy,unconscious,unconscious,False,Image,False,11,0,9,0
810,sub-06,lh-lingual,0.5,0.0,0.0,0.6931471805599453,Mutual + Dummy,unconscious,unconscious,False,Image,False,11,0,5,0
811,sub-06,lh-lingual,0.5,0.0,0.0,0.6931471805599453,Mutual + Dummy,unconscious,unconscious,False,Image,False,11,0,10,0
812,sub-06,lh-lingual,0.5,0.0,0.0,0.6931471805599453,Mutual + Dummy,unconscious,unconscious,False,Image,False,11,0,11,0
813,sub-06,lh-lingual,0.5,0.0,0.0,0.6931471805599453,Mutual + Dummy,unconscious,unconscious,False,Image,False,11,0,3,0
814,sub-06,lh-lingual,0.5,0.0,0.0,0.6931471805599453,Mutual + Dummy,unconscious,unconscious,False,Image,False,11,0,8,0
815,sub-06,lh-lingual,0.5,0.0,0.0,0.6931471805599453,Mutual + Dummy,unconscious,unconscious,False,Image,False,11,0,5,0
816,sub-06,lh-lingual,0.5,0.0,0.0,0.6931471805599453,Mutual + Dummy,unconscious,unconscious,False,Image,False,11,0,7,0
817,sub-06,lh-lingual,0.5,0.0,0.0,0.6931471805599453,Mutual + Dummy,unconscious,unconscious,False,Image,False,10,0,4,0
818,sub-06,lh-lingual,0.5,0.0,0.0,0.6931471805599453,Mutual + Dummy,unconscious,unconscious,False,Image,False,10,0,10,0
819,sub-06,lh-lingual,0.5,0.0,0.0,0.6931471805599453,Mutual + Dummy,unconscious,unconscious,False,Image,False,10,0,8,0
820,sub-06,lh-lingual,0.5,0.0,0.0,0.6931471805599453,Mutual + Dummy,unconscious,unconscious,False,Image,False,10,0,7,0
821,sub-06,lh-lingual,0.5,0.0,0.0,0.6931471805599453,Mutual + Dummy,unconscious,unconscious,False,Image,False,10,0,4,0
822,sub-06,lh-lingual,0.5,0.0,0.0,0.6931471805599453,Mutual + Dummy,unconscious,unconscious,False,Image,False,10,0,8,0
823,sub-06,lh-lingual,0.5,0.0,0.0,0.6931471805599453,Mutual + Dummy,unconscious,unconscious,False,Image,False,10,0,7,0
824,sub-06,lh-lingual,0.5,0.0,0.0,0.6931471805599453,Mutual + Dummy,unconscious,unconscious,False,Image,False,10,0,3,0
825,sub-06,lh-lingual,0.5,0.0,0.0,0.6931471805599453,Mutual + Dummy,unconscious,unconscious,False,Image,False,10,0,5,0
826,sub-06,lh-lingual,0.5,0.0,0.0,0.6931471805599453,Mutual + Dummy,unconscious,unconscious,False,Image,False,10,0,10,0
827,sub-06,lh-lingual,0.5,0.0,0.0,0.6931471805599453,Mutual + Dummy,unconscious,unconscious,False,Image,False,10,0,5,0
828,sub-06,lh-lingual,0.5,0.0,0.0,0.6931471805599453,Mutual + Dummy,unconscious,unconscious,False,Image,False,10,0,7,0
829,sub-06,lh-lingual,0.5,0.0,0.0,0.6931471805599453,Mutual + Dummy,unconscious,unconscious,False,Image,False,10,0,11,0
830,sub-06,lh-lingual,0.5,0.0,0.0,0.6931471805599453,Mutual + Dummy,unconscious,unconscious,False,Image,False,10,0,7,0
831,sub-06,lh-lingual,0.5,0.0,0.0,0.6931471805599453,Mutual + Dummy,unconscious,unconscious,False,Image,False,10,0,10,0
832,sub-06,lh-lingual,0.5,0.0,0.0,0.6931471805599453,Mutual + Dummy,unconscious,unconscious,False,Image,False,10,0,3,0
833,sub-06,lh-lingual,0.5,0.0,0.0,0.6931471805599453,Mutual + Dummy,unconscious,unconscious,False,Image,False,10,0,4,0
834,sub-06,lh-lingual,0.5,0.0,0.0,0.6931471805599453,Mutual + Dummy,unconscious,unconscious,False,Image,False,10,0,12,0
835,sub-06,lh-lingual,0.5,0.0,0.0,0.6931471805599453,Mutual + Dummy,unconscious,unconscious,False,Image,False,10,0,11,0
836,sub-06,lh-lingual,0.5,0.0,0.0,0.6931471805599453,Mutual + Dummy,unconscious,unconscious,False,Image,False,10,0,3,0
837,sub-06,lh-lingual,0.5,0.0,0.0,0.6931471805599453,Mutual + Dummy,unconscious,unconscious,False,Image,False,10,0,5,0
838,sub-06,lh-lingual,0.5,0.0,0.0,0.6931471805599453,Mutual + Dummy,unconscious,unconscious,False,Image,False,10,0,6,0
839,sub-06,lh-lingual,0.5,0.0,0.0,0.6931471805599453,Mutual + Dummy,unconscious,unconscious,False,Image,False,10,0,5,0
840,sub-06,lh-lingual,0.5,0.0,0.0,0.6931471805599453,Mutual + Dummy,unconscious,unconscious,False,Image,False,10,0,11,0
841,sub-06,lh-lingual,0.5,0.0,0.0,0.6931471805599453,Mutual + Dummy,unconscious,unconscious,False,Image,False,10,0,4,0
842,sub-06,lh-lingual,0.5,0.0,0.0,0.6931471805599453,Mutual + Dummy,unconscious,unconscious,False,Image,False,10,0,9,0
843,sub-06,lh-lingual,0.5,0.0,0.0,0.6931471805599453,Mutual + Dummy,unconscious,unconscious,False,Image,False,10,0,9,0
844,sub-06,lh-lingual,0.5,0.0,0.0,0.6931471805599453,Mutual + Dummy,unconscious,unconscious,False,Image,False,10,0,10,0
845,sub-06,lh-lingual,0.5,0.0,0.0,0.6931471805599453,Mutual + Dummy,unconscious,unconscious,False,Image,False,10,0,3,0
846,sub-06,lh-lingual,0.5,0.0,0.0,0.6931471805599453,Mutual + Dummy,unconscious,unconscious,False,Image,False,10,0,10,0
847,sub-06,lh-lingual,0.5,0.0,0.0,0.6931471805599453,Mutual + Dummy,unconscious,unconscious,False,Image,False,10,0,9,0
848,sub-06,lh-lingual,0.5,0.0,0.0,0.6931471805599453,Mutual + Dummy,unconscious,unconscious,False,Image,False,10,0,9,0
849,sub-06,lh-lingual,0.5,0.0,0.0,0.6931471805599453,Mutual + Dummy,unconscious,unconscious,False,Image,False,10,0,11,0
850,sub-06,lh-lingual,0.5,0.0,0.0,0.6931471805599453,Mutual + Dummy,unconscious,unconscious,False,Image,False,10,0,5,0
851,sub-06,lh-lingual,0.5,0.0,0.0,0.6931471805599453,Mutual + Dummy,unconscious,unconscious,False,Image,False,10,0,7,0
852,sub-06,lh-lingual,0.5,0.0,0.0,0.6931471805599453,Mutual + Dummy,unconscious,unconscious,False,Image,False,10,0,13,0
853,sub-06,lh-lingual,0.5,0.0,0.0,0.6931471805599453,Mutual + Dummy,unconscious,unconscious,False,Image,False,10,0,8,0
854,sub-06,lh-lingual,0.5,0.0,0.0,0.6931471805599453,Mutual + Dummy,unconscious,unconscious,False,Image,False,10,0,7,0
855,sub-06,lh-lingual,0.5,0.0,0.0,0.6931471805599453,Mutual + Dummy,unconscious,unconscious,False,Image,False,10,0,2,0
856,sub-06,lh-lingual,0.5,0.0,0.0,0.6931471805599453,Mutual + Dummy,unconscious,unconscious,False,Image,False,10,0,10,0
857,sub-06,lh-lingual,0.5,0.0,0.0,0.6931471805599453,Mutual + Dummy,unconscious,unconscious,False,Image,False,10,0,9,0
858,sub-06,lh-lingual,0.5,0.0,0.0,0.6931471805599453,Mutual + Dummy,unconscious,unconscious,False,Image,False,10,0,5,0
859,sub-06,lh-lingual,0.5,0.0,0.0,0.6931471805599453,Mutual + Dummy,unconscious,unconscious,False,Image,False,10,0,10,0
860,sub-06,lh-lingual,0.5,0.0,0.0,0.6931471805599453,Mutual + Dummy,unconscious,unconscious,False,Image,False,10,0,11,0
861,sub-06,lh-lingual,0.5,0.0,0.0,0.6931471805599453,Mutual + Dummy,unconscious,unconscious,False,Image,False,10,0,3,0
862,sub-06,lh-lingual,0.5,0.0,0.0,0.6931471805599453,Mutual + Dummy,unconscious,unconscious,False,Image,False,10,0,8,0
863,sub-06,lh-lingual,0.5,0.0,0.0,0.6931471805599453,Mutual + Dummy,unconscious,unconscious,False,Image,False,10,0,5,0
864,sub-06,lh-lingual,0.5,0.0,0.0,0.6931471805599453,Mutual + Dummy,unconscious,unconscious,False,Image,False,10,0,7,0
865,sub-06,lh-lingual,0.5,0.0,0.0,0.6931471805599453,Mutual + Dummy,unconscious,unconscious,False,Image,False,7,0,4,0
866,sub-06,lh-lingual,0.5,0.0,0.0,0.6931471805599453,Mutual + Dummy,unconscious,unconscious,False,Image,False,7,0,10,0
867,sub-06,lh-lingual,0.5,0.0,0.0,0.6931471805599453,Mutual + Dummy,unconscious,unconscious,False,Image,False,7,0,8,0
868,sub-06,lh-lingual,0.5,0.0,0.0,0.6931471805599453,Mutual + Dummy,unconscious,unconscious,False,Image,False,7,0,7,0
869,sub-06,lh-lingual,0.5,0.0,0.0,0.6931471805599453,Mutual + Dummy,unconscious,unconscious,False,Image,False,7,0,4,0
870,sub-06,lh-lingual,0.5,0.0,0.0,0.6931471805599453,Mutual + Dummy,unconscious,unconscious,False,Image,False,7,0,8,0
871,sub-06,lh-lingual,0.5,0.0,0.0,0.6931471805599453,Mutual + Dummy,unconscious,unconscious,False,Image,False,7,0,7,0
872,sub-06,lh-lingual,0.5,0.0,0.0,0.6931471805599453,Mutual + Dummy,unconscious,unconscious,False,Image,False,7,0,3,0
873,sub-06,lh-lingual,0.5,0.0,0.0,0.6931471805599453,Mutual + Dummy,unconscious,unconscious,False,Image,False,7,0,5,0
874,sub-06,lh-lingual,0.5,0.0,0.0,0.6931471805599453,Mutual + Dummy,unconscious,unconscious,False,Image,False,7,0,10,0
875,sub-06,lh-lingual,0.5,0.0,0.0,0.6931471805599453,Mutual + Dummy,unconscious,unconscious,False,Image,False,7,0,5,0
876,sub-06,lh-lingual,0.5,0.0,0.0,0.6931471805599453,Mutual + Dummy,unconscious,unconscious,False,Image,False,7,0,7,0
877,sub-06,lh-lingual,0.5,0.0,0.0,0.6931471805599453,Mutual + Dummy,unconscious,unconscious,False,Image,False,7,0,11,0
878,sub-06,lh-lingual,0.5,0.0,0.0,0.6931471805599453,Mutual + Dummy,unconscious,unconscious,False,Image,False,7,0,7,0
879,sub-06,lh-lingual,0.5,0.0,0.0,0.6931471805599453,Mutual + Dummy,unconscious,unconscious,False,Image,False,7,0,10,0
880,sub-06,lh-lingual,0.5,0.0,0.0,0.6931471805599453,Mutual + Dummy,unconscious,unconscious,False,Image,False,7,0,3,0
881,sub-06,lh-lingual,0.5,0.0,0.0,0.6931471805599453,Mutual + Dummy,unconscious,unconscious,False,Image,False,7,0,4,0
882,sub-06,lh-lingual,0.5,0.0,0.0,0.6931471805599453,Mutual + Dummy,unconscious,unconscious,False,Image,False,7,0,12,0
883,sub-06,lh-lingual,0.5,0.0,0.0,0.6931471805599453,Mutual + Dummy,unconscious,unconscious,False,Image,False,7,0,11,0
884,sub-06,lh-lingual,0.5,0.0,0.0,0.6931471805599453,Mutual + Dummy,unconscious,unconscious,False,Image,False,7,0,3,0
885,sub-06,lh-lingual,0.5,0.0,0.0,0.6931471805599453,Mutual + Dummy,unconscious,unconscious,False,Image,False,7,0,5,0
886,sub-06,lh-lingual,0.5,0.0,0.0,0.6931471805599453,Mutual + Dummy,unconscious,unconscious,False,Image,False,7,0,6,0
887,sub-06,lh-lingual,0.5,0.0,0.0,0.6931471805599453,Mutual + Dummy,unconscious,unconscious,False,Image,False,7,0,5,0
888,sub-06,lh-lingual,0.5,0.0,0.0,0.6931471805599453,Mutual + Dummy,unconscious,unconscious,False,Image,False,7,0,11,0
889,sub-06,lh-lingual,0.5,0.0,0.0,0.6931471805599453,Mutual + Dummy,unconscious,unconscious,False,Image,False,7,0,4,0
890,sub-06,lh-lingual,0.5,0.0,0.0,0.6931471805599453,Mutual + Dummy,unconscious,unconscious,False,Image,False,7,0,9,0
891,sub-06,lh-lingual,0.5,0.0,0.0,0.6931471805599453,Mutual + Dummy,unconscious,unconscious,False,Image,False,7,0,9,0
892,sub-06,lh-lingual,0.5,0.0,0.0,0.6931471805599453,Mutual + Dummy,unconscious,unconscious,False,Image,False,7,0,10,0
893,sub-06,lh-lingual,0.5,0.0,0.0,0.6931471805599453,Mutual + Dummy,unconscious,unconscious,False,Image,False,7,0,3,0
894,sub-06,lh-lingual,0.5,0.0,0.0,0.6931471805599453,Mutual + Dummy,unconscious,unconscious,False,Image,False,7,0,10,0
895,sub-06,lh-lingual,0.5,0.0,0.0,0.6931471805599453,Mutual + Dummy,unconscious,unconscious,False,Image,False,7,0,9,0
896,sub-06,lh-lingual,0.5,0.0,0.0,0.6931471805599453,Mutual + Dummy,unconscious,unconscious,False,Image,False,7,0,9,0
897,sub-06,lh-lingual,0.5,0.0,0.0,0.6931471805599453,Mutual + Dummy,unconscious,unconscious,False,Image,False,7,0,11,0
898,sub-06,lh-lingual,0.5,0.0,0.0,0.6931471805599453,Mutual + Dummy,unconscious,unconscious,False,Image,False,7,0,5,0
899,sub-06,lh-lingual,0.5,0.0,0.0,0.6931471805599453,Mutual + Dummy,unconscious,unconscious,False,Image,False,7,0,7,0
900,sub-06,lh-lingual,0.5,0.0,0.0,0.6931471805599453,Mutual + Dummy,unconscious,unconscious,False,Image,False,7,0,13,0
901,sub-06,lh-lingual,0.5,0.0,0.0,0.6931471805599453,Mutual + Dummy,unconscious,unconscious,False,Image,False,7,0,8,0
902,sub-06,lh-lingual,0.5,0.0,0.0,0.6931471805599453,Mutual + Dummy,unconscious,unconscious,False,Image,False,7,0,7,0
903,sub-06,lh-lingual,0.5,0.0,0.0,0.6931471805599453,Mutual + Dummy,unconscious,unconscious,False,Image,False,7,0,2,0
904,sub-06,lh-lingual,0.5,0.0,0.0,0.6931471805599453,Mutual + Dummy,unconscious,unconscious,False,Image,False,7,0,10,0
905,sub-06,lh-lingual,0.5,0.0,0.0,0.6931471805599453,Mutual + Dummy,unconscious,unconscious,False,Image,False,7,0,9,0
906,sub-06,lh-lingual,0.5,0.0,0.0,0.6931471805599453,Mutual + Dummy,unconscious,unconscious,False,Image,False,7,0,5,0
907,sub-06,lh-lingual,0.5,0.0,0.0,0.6931471805599453,Mutual + Dummy,unconscious,unconscious,False,Image,False,7,0,10,0
908,sub-06,lh-lingual,0.5,0.0,0.0,0.6931471805599453,Mutual + Dummy,unconscious,unconscious,False,Image,False,7,0,11,0
909,sub-06,lh-lingual,0.5,0.0,0.0,0.6931471805599453,Mutual + Dummy,unconscious,unconscious,False,Image,False,7,0,3,0
910,sub-06,lh-lingual,0.5,0.0,0.0,0.6931471805599453,Mutual + Dummy,unconscious,unconscious,False,Image,False,7,0,8,0
911,sub-06,lh-lingual,0.5,0.0,0.0,0.6931471805599453,Mutual + Dummy,unconscious,unconscious,False,Image,False,7,0,5,0
912,sub-06,lh-lingual,0.5,0.0,0.0,0.6931471805599453,Mutual + Dummy,unconscious,unconscious,False,Image,False,7,0,7,0
913,sub-06,lh-lingual,0.5,0.0,0.0,0.6931471805599453,Mutual + Dummy,unconscious,unconscious,False,Image,False,4,0,4,0
914,sub-06,lh-lingual,0.5,0.0,0.0,0.6931471805599453,Mutual + Dummy,unconscious,unconscious,False,Image,False,4,0,10,0
915,sub-06,lh-lingual,0.5,0.0,0.0,0.6931471805599453,Mutual + Dummy,unconscious,unconscious,False,Image,False,4,0,8,0
916,sub-06,lh-lingual,0.5,0.0,0.0,0.6931471805599453,Mutual + Dummy,unconscious,unconscious,False,Image,False,4,0,7,0
917,sub-06,lh-lingual,0.5,0.0,0.0,0.6931471805599453,Mutual + Dummy,unconscious,unconscious,False,Image,False,4,0,4,0
918,sub-06,lh-lingual,0.5,0.0,0.0,0.6931471805599453,Mutual + Dummy,unconscious,unconscious,False,Image,False,4,0,8,0
919,sub-06,lh-lingual,0.5,0.0,0.0,0.6931471805599453,Mutual + Dummy,unconscious,unconscious,False,Image,False,4,0,7,0
920,sub-06,lh-lingual,0.5,0.0,0.0,0.6931471805599453,Mutual + Dummy,unconscious,unconscious,False,Image,False,4,0,3,0
921,sub-06,lh-lingual,0.5,0.0,0.0,0.6931471805599453,Mutual + Dummy,unconscious,unconscious,False,Image,False,4,0,5,0
922,sub-06,lh-lingual,0.5,0.0,0.0,0.6931471805599453,Mutual + Dummy,unconscious,unconscious,False,Image,False,4,0,10,0
923,sub-06,lh-lingual,0.5,0.0,0.0,0.6931471805599453,Mutual + Dummy,unconscious,unconscious,False,Image,False,4,0,5,0
924,sub-06,lh-lingual,0.5,0.0,0.0,0.6931471805599453,Mutual + Dummy,unconscious,unconscious,False,Image,False,4,0,7,0
925,sub-06,lh-lingual,0.5,0.0,0.0,0.6931471805599453,Mutual + Dummy,unconscious,unconscious,False,Image,False,4,0,11,0
926,sub-06,lh-lingual,0.5,0.0,0.0,0.6931471805599453,Mutual + Dummy,unconscious,unconscious,False,Image,False,4,0,7,0
927,sub-06,lh-lingual,0.5,0.0,0.0,0.6931471805599453,Mutual + Dummy,unconscious,unconscious,False,Image,False,4,0,10,0
928,sub-06,lh-lingual,0.5,0.0,0.0,0.6931471805599453,Mutual + Dummy,unconscious,unconscious,False,Image,False,4,0,3,0
929,sub-06,lh-lingual,0.5,0.0,0.0,0.6931471805599453,Mutual + Dummy,unconscious,unconscious,False,Image,False,4,0,4,0
930,sub-06,lh-lingual,0.5,0.0,0.0,0.6931471805599453,Mutual + Dummy,unconscious,unconscious,False,Image,False,4,0,12,0
931,sub-06,lh-lingual,0.5,0.0,0.0,0.6931471805599453,Mutual + Dummy,unconscious,unconscious,False,Image,False,4,0,11,0
932,sub-06,lh-lingual,0.5,0.0,0.0,0.6931471805599453,Mutual + Dummy,unconscious,unconscious,False,Image,False,4,0,3,0
933,sub-06,lh-lingual,0.5,0.0,0.0,0.6931471805599453,Mutual + Dummy,unconscious,unconscious,False,Image,False,4,0,5,0
934,sub-06,lh-lingual,0.5,0.0,0.0,0.6931471805599453,Mutual + Dummy,unconscious,unconscious,False,Image,False,4,0,6,0
935,sub-06,lh-lingual,0.5,0.0,0.0,0.6931471805599453,Mutual + Dummy,unconscious,unconscious,False,Image,False,4,0,5,0
936,sub-06,lh-lingual,0.5,0.0,0.0,0.6931471805599453,Mutual + Dummy,unconscious,unconscious,False,Image,False,4,0,11,0
937,sub-06,lh-lingual,0.5,0.0,0.0,0.6931471805599453,Mutual + Dummy,unconscious,unconscious,False,Image,False,4,0,4,0
938,sub-06,lh-lingual,0.5,0.0,0.0,0.6931471805599453,Mutual + Dummy,unconscious,unconscious,False,Image,False,4,0,9,0
939,sub-06,lh-lingual,0.5,0.0,0.0,0.6931471805599453,Mutual + Dummy,unconscious,unconscious,False,Image,False,4,0,9,0
940,sub-06,lh-lingual,0.5,0.0,0.0,0.6931471805599453,Mutual + Dummy,unconscious,unconscious,False,Image,False,4,0,10,0
941,sub-06,lh-lingual,0.5,0.0,0.0,0.6931471805599453,Mutual + Dummy,unconscious,unconscious,False,Image,False,4,0,3,0
942,sub-06,lh-lingual,0.5,0.0,0.0,0.6931471805599453,Mutual + Dummy,unconscious,unconscious,False,Image,False,4,0,10,0
943,sub-06,lh-lingual,0.5,0.0,0.0,0.6931471805599453,Mutual + Dummy,unconscious,unconscious,False,Image,False,4,0,9,0
944,sub-06,lh-lingual,0.5,0.0,0.0,0.6931471805599453,Mutual + Dummy,unconscious,unconscious,False,Image,False,4,0,9,0
945,sub-06,lh-lingual,0.5,0.0,0.0,0.6931471805599453,Mutual + Dummy,unconscious,unconscious,False,Image,False,4,0,11,0
946,sub-06,lh-lingual,0.5,0.0,0.0,0.6931471805599453,Mutual + Dummy,unconscious,unconscious,False,Image,False,4,0,5,0
947,sub-06,lh-lingual,0.5,0.0,0.0,0.6931471805599453,Mutual + Dummy,unconscious,unconscious,False,Image,False,4,0,7,0
948,sub-06,lh-lingual,0.5,0.0,0.0,0.6931471805599453,Mutual + Dummy,unconscious,unconscious,False,Image,False,4,0,13,0
949,sub-06,lh-lingual,0.5,0.0,0.0,0.6931471805599453,Mutual + Dummy,unconscious,unconscious,False,Image,False,4,0,8,0
950,sub-06,lh-lingual,0.5,0.0,0.0,0.6931471805599453,Mutual + Dummy,unconscious,unconscious,False,Image,False,4,0,7,0
951,sub-06,lh-lingual,0.5,0.0,0.0,0.6931471805599453,Mutual + Dummy,unconscious,unconscious,False,Image,False,4,0,2,0
952,sub-06,lh-lingual,0.5,0.0,0.0,0.6931471805599453,Mutual + Dummy,unconscious,unconscious,False,Image,False,4,0,10,0
953,sub-06,lh-lingual,0.5,0.0,0.0,0.6931471805599453,Mutual + Dummy,unconscious,unconscious,False,Image,False,4,0,9,0
954,sub-06,lh-lingual,0.5,0.0,0.0,0.6931471805599453,Mutual + Dummy,unconscious,unconscious,False,Image,False,4,0,5,0
955,sub-06,lh-lingual,0.5,0.0,0.0,0.6931471805599453,Mutual + Dummy,unconscious,unconscious,False,Image,False,4,0,10,0
956,sub-06,lh-lingual,0.5,0.0,0.0,0.6931471805599453,Mutual + Dummy,unconscious,unconscious,False,Image,False,4,0,11,0
957,sub-06,lh-lingual,0.5,0.0,0.0,0.6931471805599453,Mutual + Dummy,unconscious,unconscious,False,Image,False,4,0,3,0
958,sub-06,lh-lingual,0.5,0.0,0.0,0.6931471805599453,Mutual + Dummy,unconscious,unconscious,False,Image,False,4,0,8,0
959,sub-06,lh-lingual,0.5,0.0,0.0,0.6931471805599453,Mutual + Dummy,unconscious,unconscious,False,Image,False,4,0,5,0
960,sub-06,lh-lingual,0.5,0.0,0.0,0.6931471805599453,Mutual + Dummy,unconscious,unconscious,False,Image,False,4,0,7,0
961,sub-06,lh-lingual,0.5,0.0,0.0,0.6931471805599453,Mutual + Dummy,unconscious,unconscious,False,Image,False,10,0,4,0
962,sub-06,lh-lingual,0.5,0.0,0.0,0.6931471805599453,Mutual + Dummy,unconscious,unconscious,False,Image,False,10,0,10,0
963,sub-06,lh-lingual,0.5,0.0,0.0,0.6931471805599453,Mutual + Dummy,unconscious,unconscious,False,Image,False,10,0,8,0
964,sub-06,lh-lingual,0.5,0.0,0.0,0.6931471805599453,Mutual + Dummy,unconscious,unconscious,False,Image,False,10,0,7,0
965,sub-06,lh-lingual,0.5,0.0,0.0,0.6931471805599453,Mutual + Dummy,unconscious,unconscious,False,Image,False,10,0,4,0
966,sub-06,lh-lingual,0.5,0.0,0.0,0.6931471805599453,Mutual + Dummy,unconscious,unconscious,False,Image,False,10,0,8,0
967,sub-06,lh-lingual,0.5,0.0,0.0,0.6931471805599453,Mutual + Dummy,unconscious,unconscious,False,Image,False,10,0,7,0
968,sub-06,lh-lingual,0.5,0.0,0.0,0.6931471805599453,Mutual + Dummy,unconscious,unconscious,False,Image,False,10,0,3,0
969,sub-06,lh-lingual,0.5,0.0,0.0,0.6931471805599453,Mutual + Dummy,unconscious,unconscious,False,Image,False,10,0,5,0
970,sub-06,lh-lingual,0.5,0.0,0.0,0.6931471805599453,Mutual + Dummy,unconscious,unconscious,False,Image,False,10,0,10,0
971,sub-06,lh-lingual,0.5,0.0,0.0,0.6931471805599453,Mutual + Dummy,unconscious,unconscious,False,Image,False,10,0,5,0
972,sub-06,lh-lingual,0.5,0.0,0.0,0.6931471805599453,Mutual + Dummy,unconscious,unconscious,False,Image,False,10,0,7,0
973,sub-06,lh-lingual,0.5,0.0,0.0,0.6931471805599453,Mutual + Dummy,unconscious,unconscious,False,Image,False,10,0,11,0
974,sub-06,lh-lingual,0.5,0.0,0.0,0.6931471805599453,Mutual + Dummy,unconscious,unconscious,False,Image,False,10,0,7,0
975,sub-06,lh-lingual,0.5,0.0,0.0,0.6931471805599453,Mutual + Dummy,unconscious,unconscious,False,Image,False,10,0,10,0
976,sub-06,lh-lingual,0.5,0.0,0.0,0.6931471805599453,Mutual + Dummy,unconscious,unconscious,False,Image,False,10,0,3,0
977,sub-06,lh-lingual,0.5,0.0,0.0,0.6931471805599453,Mutual + Dummy,unconscious,unconscious,False,Image,False,10,0,4,0
978,sub-06,lh-lingual,0.5,0.0,0.0,0.6931471805599453,Mutual + Dummy,unconscious,unconscious,False,Image,False,10,0,12,0
979,sub-06,lh-lingual,0.5,0.0,0.0,0.6931471805599453,Mutual + Dummy,unconscious,unconscious,False,Image,False,10,0,11,0
980,sub-06,lh-lingual,0.5,0.0,0.0,0.6931471805599453,Mutual + Dummy,unconscious,unconscious,False,Image,False,10,0,3,0
981,sub-06,lh-lingual,0.5,0.0,0.0,0.6931471805599453,Mutual + Dummy,unconscious,unconscious,False,Image,False,10,0,5,0
982,sub-06,lh-lingual,0.5,0.0,0.0,0.6931471805599453,Mutual + Dummy,unconscious,unconscious,False,Image,False,10,0,6,0
983,sub-06,lh-lingual,0.5,0.0,0.0,0.6931471805599453,Mutual + Dummy,unconscious,unconscious,False,Image,False,10,0,5,0
984,sub-06,lh-lingual,0.5,0.0,0.0,0.6931471805599453,Mutual + Dummy,unconscious,unconscious,False,Image,False,10,0,11,0
985,sub-06,lh-lingual,0.5,0.0,0.0,0.6931471805599453,Mutual + Dummy,unconscious,unconscious,False,Image,False,10,0,4,0
986,sub-06,lh-lingual,0.5,0.0,0.0,0.6931471805599453,Mutual + Dummy,unconscious,unconscious,False,Image,False,10,0,9,0
987,sub-06,lh-lingual,0.5,0.0,0.0,0.6931471805599453,Mutual + Dummy,unconscious,unconscious,False,Image,False,10,0,9,0
988,sub-06,lh-lingual,0.5,0.0,0.0,0.6931471805599453,Mutual + Dummy,unconscious,unconscious,False,Image,False,10,0,10,0
989,sub-06,lh-lingual,0.5,0.0,0.0,0.6931471805599453,Mutual + Dummy,unconscious,unconscious,False,Image,False,10,0,3,0
990,sub-06,lh-lingual,0.5,0.0,0.0,0.6931471805599453,Mutual + Dummy,unconscious,unconscious,False,Image,False,10,0,10,0
991,sub-06,lh-lingual,0.5,0.0,0.0,0.6931471805599453,Mutual + Dummy,unconscious,unconscious,False,Image,False,10,0,9,0
992,sub-06,lh-lingual,0.5,0.0,0.0,0.6931471805599453,Mutual + Dummy,unconscious,unconscious,False,Image,False,10,0,9,0
993,sub-06,lh-lingual,0.5,0.0,0.0,0.6931471805599453,Mutual + Dummy,unconscious,unconscious,False,Image,False,10,0,11,0
994,sub-06,lh-lingual,0.5,0.0,0.0,0.6931471805599453,Mutual + Dummy,unconscious,unconscious,False,Image,False,10,0,5,0
995,sub-06,lh-lingual,0.5,0.0,0.0,0.6931471805599453,Mutual + Dummy,unconscious,unconscious,False,Image,False,10,0,7,0
996,sub-06,lh-lingual,0.5,0.0,0.0,0.6931471805599453,Mutual + Dummy,unconscious,unconscious,False,Image,False,10,0,13,0
997,sub-06,lh-lingual,0.5,0.0,0.0,0.6931471805599453,Mutual + Dummy,unconscious,unconscious,False,Image,False,10,0,8,0
998,sub-06,lh-lingual,0.5,0.0,0.0,0.6931471805599453,Mutual + Dummy,unconscious,unconscious,False,Image,False,10,0,7,0
999,sub-06,lh-lingual,0.5,0.0,0.0,0.6931471805599453,Mutual + Dummy,unconscious,unconscious,False,Image,False,10,0,2,0
1000,sub-06,lh-lingual,0.5,0.0,0.0,0.6931471805599453,Mutual + Dummy,unconscious,unconscious,False,Image,False,10,0,10,0
1001,sub-06,lh-lingual,0.5,0.0,0.0,0.6931471805599453,Mutual + Dummy,unconscious,unconscious,False,Image,False,10,0,9,0
1002,sub-06,lh-lingual,0.5,0.0,0.0,0.6931471805599453,Mutual + Dummy,unconscious,unconscious,False,Image,False,10,0,5,0
1003,sub-06,lh-lingual,0.5,0.0,0.0,0.6931471805599453,Mutual + Dummy,unconscious,unconscious,False,Image,False,10,0,10,0
1004,sub-06,lh-lingual,0.5,0.0,0.0,0.6931471805599453,Mutual + Dummy,unconscious,unconscious,False,Image,False,10,0,11,0
1005,sub-06,lh-lingual,0.5,0.0,0.0,0.6931471805599453,Mutual + Dummy,unconscious,unconscious,False,Image,False,10,0,3,0
1006,sub-06,lh-lingual,0.5,0.0,0.0,0.6931471805599453,Mutual + Dummy,unconscious,unconscious,False,Image,False,10,0,8,0
1007,sub-06,lh-lingual,0.5,0.0,0.0,0.6931471805599453,Mutual + Dummy,unconscious,unconscious,False,Image,False,10,0,5,0
1008,sub-06,lh-lingual,0.5,0.0,0.0,0.6931471805599453,Mutual + Dummy,unconscious,unconscious,False,Image,False,10,0,7,0
1009,sub-06,lh-lingual,0.5,0.0,0.0,0.6931471805599453,Mutual + Dummy,unconscious,unconscious,False,Image,False,13,0,4,0
1010,sub-06,lh-lingual,0.5,0.0,0.0,0.6931471805599453,Mutual + Dummy,unconscious,unconscious,False,Image,False,13,0,10,0
1011,sub-06,lh-lingual,0.5,0.0,0.0,0.6931471805599453,Mutual + Dummy,unconscious,unconscious,False,Image,False,13,0,8,0
1012,sub-06,lh-lingual,0.5,0.0,0.0,0.6931471805599453,Mutual + Dummy,unconscious,unconscious,False,Image,False,13,0,7,0
1013,sub-06,lh-lingual,0.5,0.0,0.0,0.6931471805599453,Mutual + Dummy,unconscious,unconscious,False,Image,False,13,0,4,0
1014,sub-06,lh-lingual,0.5,0.0,0.0,0.6931471805599453,Mutual + Dummy,unconscious,unconscious,False,Image,False,13,0,8,0
1015,sub-06,lh-lingual,0.5,0.0,0.0,0.6931471805599453,Mutual + Dummy,unconscious,unconscious,False,Image,False,13,0,7,0
1016,sub-06,lh-lingual,0.5,0.0,0.0,0.6931471805599453,Mutual + Dummy,unconscious,unconscious,False,Image,False,13,0,3,0
1017,sub-06,lh-lingual,0.5,0.0,0.0,0.6931471805599453,Mutual + Dummy,unconscious,unconscious,False,Image,False,13,0,5,0
1018,sub-06,lh-lingual,0.5,0.0,0.0,0.6931471805599453,Mutual + Dummy,unconscious,unconscious,False,Image,False,13,0,10,0
1019,sub-06,lh-lingual,0.5,0.0,0.0,0.6931471805599453,Mutual + Dummy,unconscious,unconscious,False,Image,False,13,0,5,0
1020,sub-06,lh-lingual,0.5,0.0,0.0,0.6931471805599453,Mutual + Dummy,unconscious,unconscious,False,Image,False,13,0,7,0
1021,sub-06,lh-lingual,0.5,0.0,0.0,0.6931471805599453,Mutual + Dummy,unconscious,unconscious,False,Image,False,13,0,11,0
1022,sub-06,lh-lingual,0.5,0.0,0.0,0.6931471805599453,Mutual + Dummy,unconscious,unconscious,False,Image,False,13,0,7,0
1023,sub-06,lh-lingual,0.5,0.0,0.0,0.6931471805599453,Mutual + Dummy,unconscious,unconscious,False,Image,False,13,0,10,0
1024,sub-06,lh-lingual,0.5,0.0,0.0,0.6931471805599453,Mutual + Dummy,unconscious,unconscious,False,Image,False,13,0,3,0
1025,sub-06,lh-lingual,0.5,0.0,0.0,0.6931471805599453,Mutual + Dummy,unconscious,unconscious,False,Image,False,13,0,4,0
1026,sub-06,lh-lingual,0.5,0.0,0.0,0.6931471805599452,Mutual + Dummy,unconscious,unconscious,False,Image,False,13,0,12,0
1027,sub-06,lh-lingual,0.5,0.0,0.0,0.6931471805599453,Mutual + Dummy,unconscious,unconscious,False,Image,False,13,0,11,0
1028,sub-06,lh-lingual,0.5,0.0,0.0,0.6931471805599453,Mutual + Dummy,unconscious,unconscious,False,Image,False,13,0,3,0
1029,sub-06,lh-lingual,0.5,0.0,0.0,0.6931471805599453,Mutual + Dummy,unconscious,unconscious,False,Image,False,13,0,5,0
1030,sub-06,lh-lingual,0.5,0.0,0.0,0.6931471805599453,Mutual + Dummy,unconscious,unconscious,False,Image,False,13,0,6,0
1031,sub-06,lh-lingual,0.5,0.0,0.0,0.6931471805599453,Mutual + Dummy,unconscious,unconscious,False,Image,False,13,0,5,0
1032,sub-06,lh-lingual,0.5,0.0,0.0,0.6931471805599453,Mutual + Dummy,unconscious,unconscious,False,Image,False,13,0,11,0
1033,sub-06,lh-lingual,0.5,0.0,0.0,0.6931471805599453,Mutual + Dummy,unconscious,unconscious,False,Image,False,13,0,4,0
1034,sub-06,lh-lingual,0.5,0.0,0.0,0.6931471805599453,Mutual + Dummy,unconscious,unconscious,False,Image,False,13,0,9,0
1035,sub-06,lh-lingual,0.5,0.0,0.0,0.6931471805599453,Mutual + Dummy,unconscious,unconscious,False,Image,False,13,0,9,0
1036,sub-06,lh-lingual,0.5,0.0,0.0,0.6931471805599453,Mutual + Dummy,unconscious,unconscious,False,Image,False,13,0,10,0
1037,sub-06,lh-lingual,0.5,0.0,0.0,0.6931471805599453,Mutual + Dummy,unconscious,unconscious,False,Image,False,13,0,3,0
1038,sub-06,lh-lingual,0.5,0.0,0.0,0.6931471805599453,Mutual + Dummy,unconscious,unconscious,False,Image,False,13,0,10,0
1039,sub-06,lh-lingual,0.5,0.0,0.0,0.6931471805599453,Mutual + Dummy,unconscious,unconscious,False,Image,False,13,0,9,0
1040,sub-06,lh-lingual,0.5,0.0,0.0,0.6931471805599453,Mutual + Dummy,unconscious,unconscious,False,Image,False,13,0,9,0
1041,sub-06,lh-lingual,0.5,0.0,0.0,0.6931471805599453,Mutual + Dummy,unconscious,unconscious,False,Image,False,13,0,11,0
1042,sub-06,lh-lingual,0.5,0.0,0.0,0.6931471805599453,Mutual + Dummy,unconscious,unconscious,False,Image,False,13,0,5,0
1043,sub-06,lh-lingual,0.5,0.0,0.0,0.6931471805599453,Mutual + Dummy,unconscious,unconscious,False,Image,False,13,0,7,0
1044,sub-06,lh-lingual,0.5,0.0,0.0,0.6931471805599452,Mutual + Dummy,unconscious,unconscious,False,Image,False,13,0,13,0
1045,sub-06,lh-lingual,0.5,0.0,0.0,0.6931471805599453,Mutual + Dummy,unconscious,unconscious,False,Image,False,13,0,8,0
1046,sub-06,lh-lingual,0.5,0.0,0.0,0.6931471805599453,Mutual + Dummy,unconscious,unconscious,False,Image,False,13,0,7,0
1047,sub-06,lh-lingual,0.5,0.0,0.0,0.6931471805599453,Mutual + Dummy,unconscious,unconscious,False,Image,False,13,0,2,0
1048,sub-06,lh-lingual,0.5,0.0,0.0,0.6931471805599453,Mutual + Dummy,unconscious,unconscious,False,Image,False,13,0,10,0
1049,sub-06,lh-lingual,0.5,0.0,0.0,0.6931471805599453,Mutual + Dummy,unconscious,unconscious,False,Image,False,13,0,9,0
1050,sub-06,lh-lingual,0.5,0.0,0.0,0.6931471805599453,Mutual + Dummy,unconscious,unconscious,False,Image,False,13,0,5,0
1051,sub-06,lh-lingual,0.5,0.0,0.0,0.6931471805599453,Mutual + Dummy,unconscious,unconscious,False,Image,False,13,0,10,0
1052,sub-06,lh-lingual,0.5,0.0,0.0,0.6931471805599453,Mutual + Dummy,unconscious,unconscious,False,Image,False,13,0,11,0
1053,sub-06,lh-lingual,0.5,0.0,0.0,0.6931471805599453,Mutual + Dummy,unconscious,unconscious,False,Image,False,13,0,3,0
1054,sub-06,lh-lingual,0.5,0.0,0.0,0.6931471805599453,Mutual + Dummy,unconscious,unconscious,False,Image,False,13,0,8,0
1055,sub-06,lh-lingual,0.5,0.0,0.0,0.6931471805599453,Mutual + Dummy,unconscious,unconscious,False,Image,False,13,0,5,0
1056,sub-06,lh-lingual,0.5,0.0,0.0,0.6931471805599453,Mutual + Dummy,unconscious,unconscious,False,Image,False,13,0,7,0
1057,sub-06,lh-lingual,0.5,0.0,0.0,0.6931471805599453,Mutual + Dummy,unconscious,unconscious,False,Image,False,7,0,4,0
1058,sub-06,lh-lingual,0.5,0.0,0.0,0.6931471805599453,Mutual + Dummy,unconscious,unconscious,False,Image,False,7,0,10,0
1059,sub-06,lh-lingual,0.5,0.0,0.0,0.6931471805599453,Mutual + Dummy,unconscious,unconscious,False,Image,False,7,0,8,0
1060,sub-06,lh-lingual,0.5,0.0,0.0,0.6931471805599453,Mutual + Dummy,unconscious,unconscious,False,Image,False,7,0,7,0
1061,sub-06,lh-lingual,0.5,0.0,0.0,0.6931471805599453,Mutual + Dummy,unconscious,unconscious,False,Image,False,7,0,4,0
1062,sub-06,lh-lingual,0.5,0.0,0.0,0.6931471805599453,Mutual + Dummy,unconscious,unconscious,False,Image,False,7,0,8,0
1063,sub-06,lh-lingual,0.5,0.0,0.0,0.6931471805599453,Mutual + Dummy,unconscious,unconscious,False,Image,False,7,0,7,0
1064,sub-06,lh-lingual,0.5,0.0,0.0,0.6931471805599453,Mutual + Dummy,unconscious,unconscious,False,Image,False,7,0,3,0
1065,sub-06,lh-lingual,0.5,0.0,0.0,0.6931471805599453,Mutual + Dummy,unconscious,unconscious,False,Image,False,7,0,5,0
1066,sub-06,lh-lingual,0.5,0.0,0.0,0.6931471805599453,Mutual + Dummy,unconscious,unconscious,False,Image,False,7,0,10,0
1067,sub-06,lh-lingual,0.5,0.0,0.0,0.6931471805599453,Mutual + Dummy,unconscious,unconscious,False,Image,False,7,0,5,0
1068,sub-06,lh-lingual,0.5,0.0,0.0,0.6931471805599453,Mutual + Dummy,unconscious,unconscious,False,Image,False,7,0,7,0
1069,sub-06,lh-lingual,0.5,0.0,0.0,0.6931471805599453,Mutual + Dummy,unconscious,unconscious,False,Image,False,7,0,11,0
1070,sub-06,lh-lingual,0.5,0.0,0.0,0.6931471805599453,Mutual + Dummy,unconscious,unconscious,False,Image,False,7,0,7,0
1071,sub-06,lh-lingual,0.5,0.0,0.0,0.6931471805599453,Mutual + Dummy,unconscious,unconscious,False,Image,False,7,0,10,0
1072,sub-06,lh-lingual,0.5,0.0,0.0,0.6931471805599453,Mutual + Dummy,unconscious,unconscious,False,Image,False,7,0,3,0
1073,sub-06,lh-lingual,0.5,0.0,0.0,0.6931471805599453,Mutual + Dummy,unconscious,unconscious,False,Image,False,7,0,4,0
1074,sub-06,lh-lingual,0.5,0.0,0.0,0.6931471805599453,Mutual + Dummy,unconscious,unconscious,False,Image,False,7,0,12,0
1075,sub-06,lh-lingual,0.5,0.0,0.0,0.6931471805599453,Mutual + Dummy,unconscious,unconscious,False,Image,False,7,0,11,0
1076,sub-06,lh-lingual,0.5,0.0,0.0,0.6931471805599453,Mutual + Dummy,unconscious,unconscious,False,Image,False,7,0,3,0
1077,sub-06,lh-lingual,0.5,0.0,0.0,0.6931471805599453,Mutual + Dummy,unconscious,unconscious,False,Image,False,7,0,5,0
1078,sub-06,lh-lingual,0.5,0.0,0.0,0.6931471805599453,Mutual + Dummy,unconscious,unconscious,False,Image,False,7,0,6,0
1079,sub-06,lh-lingual,0.5,0.0,0.0,0.6931471805599453,Mutual + Dummy,unconscious,unconscious,False,Image,False,7,0,5,0
1080,sub-06,lh-lingual,0.5,0.0,0.0,0.6931471805599453,Mutual + Dummy,unconscious,unconscious,False,Image,False,7,0,11,0
1081,sub-06,lh-lingual,0.5,0.0,0.0,0.6931471805599453,Mutual + Dummy,unconscious,unconscious,False,Image,False,7,0,4,0
1082,sub-06,lh-lingual,0.5,0.0,0.0,0.6931471805599453,Mutual + Dummy,unconscious,unconscious,False,Image,False,7,0,9,0
1083,sub-06,lh-lingual,0.5,0.0,0.0,0.6931471805599453,Mutual + Dummy,unconscious,unconscious,False,Image,False,7,0,9,0
1084,sub-06,lh-lingual,0.5,0.0,0.0,0.6931471805599453,Mutual + Dummy,unconscious,unconscious,False,Image,False,7,0,10,0
1085,sub-06,lh-lingual,0.5,0.0,0.0,0.6931471805599453,Mutual + Dummy,unconscious,unconscious,False,Image,False,7,0,3,0
1086,sub-06,lh-lingual,0.5,0.0,0.0,0.6931471805599453,Mutual + Dummy,unconscious,unconscious,False,Image,False,7,0,10,0
1087,sub-06,lh-lingual,0.5,0.0,0.0,0.6931471805599453,Mutual + Dummy,unconscious,unconscious,False,Image,False,7,0,9,0
1088,sub-06,lh-lingual,0.5,0.0,0.0,0.6931471805599453,Mutual + Dummy,unconscious,unconscious,False,Image,False,7,0,9,0
1089,sub-06,lh-lingual,0.5,0.0,0.0,0.6931471805599453,Mutual + Dummy,unconscious,unconscious,False,Image,False,7,0,11,0
1090,sub-06,lh-lingual,0.5,0.0,0.0,0.6931471805599453,Mutual + Dummy,unconscious,unconscious,False,Image,False,7,0,5,0
1091,sub-06,lh-lingual,0.5,0.0,0.0,0.6931471805599453,Mutual + Dummy,unconscious,unconscious,False,Image,False,7,0,7,0
1092,sub-06,lh-lingual,0.5,0.0,0.0,0.6931471805599453,Mutual + Dummy,unconscious,unconscious,False,Image,False,7,0,13,0
1093,sub-06,lh-lingual,0.5,0.0,0.0,0.6931471805599453,Mutual + Dummy,unconscious,unconscious,False,Image,False,7,0,8,0
1094,sub-06,lh-lingual,0.5,0.0,0.0,0.6931471805599453,Mutual + Dummy,unconscious,unconscious,False,Image,False,7,0,7,0
1095,sub-06,lh-lingual,0.5,0.0,0.0,0.6931471805599453,Mutual + Dummy,unconscious,unconscious,False,Image,False,7,0,2,0
1096,sub-06,lh-lingual,0.5,0.0,0.0,0.6931471805599453,Mutual + Dummy,unconscious,unconscious,False,Image,False,7,0,10,0
1097,sub-06,lh-lingual,0.5,0.0,0.0,0.6931471805599453,Mutual + Dummy,unconscious,unconscious,False,Image,False,7,0,9,0
1098,sub-06,lh-lingual,0.5,0.0,0.0,0.6931471805599453,Mutual + Dummy,unconscious,unconscious,False,Image,False,7,0,5,0
1099,sub-06,lh-lingual,0.5,0.0,0.0,0.6931471805599453,Mutual + Dummy,unconscious,unconscious,False,Image,False,7,0,10,0
1100,sub-06,lh-lingual,0.5,0.0,0.0,0.6931471805599453,Mutual + Dummy,unconscious,unconscious,False,Image,False,7,0,11,0
1101,sub-06,lh-lingual,0.5,0.0,0.0,0.6931471805599453,Mutual + Dummy,unconscious,unconscious,False,Image,False,7,0,3,0
1102,sub-06,lh-lingual,0.5,0.0,0.0,0.6931471805599453,Mutual + Dummy,unconscious,unconscious,False,Image,False,7,0,8,0
1103,sub-06,lh-lingual,0.5,0.0,0.0,0.6931471805599453,Mutual + Dummy,unconscious,unconscious,False,Image,False,7,0,5,0
1104,sub-06,lh-lingual,0.5,0.0,0.0,0.6931471805599453,Mutual + Dummy,unconscious,unconscious,False,Image,False,7,0,7,0
1105,sub-06,lh-lingual,0.5,0.0,0.0,0.6931471805599453,Mutual + Dummy,unconscious,unconscious,False,Image,False,12,0,4,0
1106,sub-06,lh-lingual,0.5,0.0,0.0,0.6931471805599453,Mutual + Dummy,unconscious,unconscious,False,Image,False,12,0,10,0
1107,sub-06,lh-lingual,0.5,0.0,0.0,0.6931471805599453,Mutual + Dummy,unconscious,unconscious,False,Image,False,12,0,8,0
1108,sub-06,lh-lingual,0.5,0.0,0.0,0.6931471805599453,Mutual + Dummy,unconscious,unconscious,False,Image,False,12,0,7,0
1109,sub-06,lh-lingual,0.5,0.0,0.0,0.6931471805599453,Mutual + Dummy,unconscious,unconscious,False,Image,False,12,0,4,0
1110,sub-06,lh-lingual,0.5,0.0,0.0,0.6931471805599453,Mutual + Dummy,unconscious,unconscious,False,Image,False,12,0,8,0
1111,sub-06,lh-lingual,0.5,0.0,0.0,0.6931471805599453,Mutual + Dummy,unconscious,unconscious,False,Image,False,12,0,7,0
1112,sub-06,lh-lingual,0.5,0.0,0.0,0.6931471805599453,Mutual + Dummy,unconscious,unconscious,False,Image,False,12,0,3,0
1113,sub-06,lh-lingual,0.5,0.0,0.0,0.6931471805599453,Mutual + Dummy,unconscious,unconscious,False,Image,False,12,0,5,0
1114,sub-06,lh-lingual,0.5,0.0,0.0,0.6931471805599453,Mutual + Dummy,unconscious,unconscious,False,Image,False,12,0,10,0
1115,sub-06,lh-lingual,0.5,0.0,0.0,0.6931471805599453,Mutual + Dummy,unconscious,unconscious,False,Image,False,12,0,5,0
1116,sub-06,lh-lingual,0.5,0.0,0.0,0.6931471805599453,Mutual + Dummy,unconscious,unconscious,False,Image,False,12,0,7,0
1117,sub-06,lh-lingual,0.5,0.0,0.0,0.6931471805599453,Mutual + Dummy,unconscious,unconscious,False,Image,False,12,0,11,0
1118,sub-06,lh-lingual,0.5,0.0,0.0,0.6931471805599453,Mutual + Dummy,unconscious,unconscious,False,Image,False,12,0,7,0
1119,sub-06,lh-lingual,0.5,0.0,0.0,0.6931471805599453,Mutual + Dummy,unconscious,unconscious,False,Image,False,12,0,10,0
1120,sub-06,lh-lingual,0.5,0.0,0.0,0.6931471805599453,Mutual + Dummy,unconscious,unconscious,False,Image,False,12,0,3,0
1121,sub-06,lh-lingual,0.5,0.0,0.0,0.6931471805599453,Mutual + Dummy,unconscious,unconscious,False,Image,False,12,0,4,0
1122,sub-06,lh-lingual,0.5,0.0,0.0,0.6931471805599453,Mutual + Dummy,unconscious,unconscious,False,Image,False,12,0,12,0
1123,sub-06,lh-lingual,0.5,0.0,0.0,0.6931471805599453,Mutual + Dummy,unconscious,unconscious,False,Image,False,12,0,11,0
1124,sub-06,lh-lingual,0.5,0.0,0.0,0.6931471805599453,Mutual + Dummy,unconscious,unconscious,False,Image,False,12,0,3,0
1125,sub-06,lh-lingual,0.5,0.0,0.0,0.6931471805599453,Mutual + Dummy,unconscious,unconscious,False,Image,False,12,0,5,0
1126,sub-06,lh-lingual,0.5,0.0,0.0,0.6931471805599453,Mutual + Dummy,unconscious,unconscious,False,Image,False,12,0,6,0
1127,sub-06,lh-lingual,0.5,0.0,0.0,0.6931471805599453,Mutual + Dummy,unconscious,unconscious,False,Image,False,12,0,5,0
1128,sub-06,lh-lingual,0.5,0.0,0.0,0.6931471805599453,Mutual + Dummy,unconscious,unconscious,False,Image,False,12,0,11,0
1129,sub-06,lh-lingual,0.5,0.0,0.0,0.6931471805599453,Mutual + Dummy,unconscious,unconscious,False,Image,False,12,0,4,0
1130,sub-06,lh-lingual,0.5,0.0,0.0,0.6931471805599453,Mutual + Dummy,unconscious,unconscious,False,Image,False,12,0,9,0
1131,sub-06,lh-lingual,0.5,0.0,0.0,0.6931471805599453,Mutual + Dummy,unconscious,unconscious,False,Image,False,12,0,9,0
1132,sub-06,lh-lingual,0.5,0.0,0.0,0.6931471805599453,Mutual + Dummy,unconscious,unconscious,False,Image,False,12,0,10,0
1133,sub-06,lh-lingual,0.5,0.0,0.0,0.6931471805599453,Mutual + Dummy,unconscious,unconscious,False,Image,False,12,0,3,0
1134,sub-06,lh-lingual,0.5,0.0,0.0,0.6931471805599453,Mutual + Dummy,unconscious,unconscious,False,Image,False,12,0,10,0
1135,sub-06,lh-lingual,0.5,0.0,0.0,0.6931471805599453,Mutual + Dummy,unconscious,unconscious,False,Image,False,12,0,9,0
1136,sub-06,lh-lingual,0.5,0.0,0.0,0.6931471805599453,Mutual + Dummy,unconscious,unconscious,False,Image,False,12,0,9,0
1137,sub-06,lh-lingual,0.5,0.0,0.0,0.6931471805599453,Mutual + Dummy,unconscious,unconscious,False,Image,False,12,0,11,0
1138,sub-06,lh-lingual,0.5,0.0,0.0,0.6931471805599453,Mutual + Dummy,unconscious,unconscious,False,Image,False,12,0,5,0
1139,sub-06,lh-lingual,0.5,0.0,0.0,0.6931471805599453,Mutual + Dummy,unconscious,unconscious,False,Image,False,12,0,7,0
1140,sub-06,lh-lingual,0.5,0.0,0.0,0.6931471805599452,Mutual + Dummy,unconscious,unconscious,False,Image,False,12,0,13,0
1141,sub-06,lh-lingual,0.5,0.0,0.0,0.6931471805599453,Mutual + Dummy,unconscious,unconscious,False,Image,False,12,0,8,0
1142,sub-06,lh-lingual,0.5,0.0,0.0,0.6931471805599453,Mutual + Dummy,unconscious,unconscious,False,Image,False,12,0,7,0
1143,sub-06,lh-lingual,0.5,0.0,0.0,0.6931471805599453,Mutual + Dummy,unconscious,unconscious,False,Image,False,12,0,2,0
1144,sub-06,lh-lingual,0.5,0.0,0.0,0.6931471805599453,Mutual + Dummy,unconscious,unconscious,False,Image,False,12,0,10,0
1145,sub-06,lh-lingual,0.5,0.0,0.0,0.6931471805599453,Mutual + Dummy,unconscious,unconscious,False,Image,False,12,0,9,0
1146,sub-06,lh-lingual,0.5,0.0,0.0,0.6931471805599453,Mutual + Dummy,unconscious,unconscious,False,Image,False,12,0,5,0
1147,sub-06,lh-lingual,0.5,0.0,0.0,0.6931471805599453,Mutual + Dummy,unconscious,unconscious,False,Image,False,12,0,10,0
1148,sub-06,lh-lingual,0.5,0.0,0.0,0.6931471805599453,Mutual + Dummy,unconscious,unconscious,False,Image,False,12,0,11,0
1149,sub-06,lh-lingual,0.5,0.0,0.0,0.6931471805599453,Mutual + Dummy,unconscious,unconscious,False,Image,False,12,0,3,0
1150,sub-06,lh-lingual,0.5,0.0,0.0,0.6931471805599453,Mutual + Dummy,unconscious,unconscious,False,Image,False,12,0,8,0
1151,sub-06,lh-lingual,0.5,0.0,0.0,0.6931471805599453,Mutual + Dummy,unconscious,unconscious,False,Image,False,12,0,5,0
1152,sub-06,lh-lingual,0.5,0.0,0.0,0.6931471805599453,Mutual + Dummy,unconscious,unconscious,False,Image,False,12,0,7,0
1153,sub-06,lh-lingual,0.5,0.0,0.0,0.6931471805599453,Mutual + Dummy,unconscious,unconscious,False,Image,False,8,0,4,0
1154,sub-06,lh-lingual,0.5,0.0,0.0,0.6931471805599453,Mutual + Dummy,unconscious,unconscious,False,Image,False,8,0,10,0
1155,sub-06,lh-lingual,0.5,0.0,0.0,0.6931471805599453,Mutual + Dummy,unconscious,unconscious,False,Image,False,8,0,8,0
1156,sub-06,lh-lingual,0.5,0.0,0.0,0.6931471805599453,Mutual + Dummy,unconscious,unconscious,False,Image,False,8,0,7,0
1157,sub-06,lh-lingual,0.5,0.0,0.0,0.6931471805599453,Mutual + Dummy,unconscious,unconscious,False,Image,False,8,0,4,0
1158,sub-06,lh-lingual,0.5,0.0,0.0,0.6931471805599453,Mutual + Dummy,unconscious,unconscious,False,Image,False,8,0,8,0
1159,sub-06,lh-lingual,0.5,0.0,0.0,0.6931471805599453,Mutual + Dummy,unconscious,unconscious,False,Image,False,8,0,7,0
1160,sub-06,lh-lingual,0.5,0.0,0.0,0.6931471805599453,Mutual + Dummy,unconscious,unconscious,False,Image,False,8,0,3,0
1161,sub-06,lh-lingual,0.5,0.0,0.0,0.6931471805599453,Mutual + Dummy,unconscious,unconscious,False,Image,False,8,0,5,0
1162,sub-06,lh-lingual,0.5,0.0,0.0,0.6931471805599453,Mutual + Dummy,unconscious,unconscious,False,Image,False,8,0,10,0
1163,sub-06,lh-lingual,0.5,0.0,0.0,0.6931471805599453,Mutual + Dummy,unconscious,unconscious,False,Image,False,8,0,5,0
1164,sub-06,lh-lingual,0.5,0.0,0.0,0.6931471805599453,Mutual + Dummy,unconscious,unconscious,False,Image,False,8,0,7,0
1165,sub-06,lh-lingual,0.5,0.0,0.0,0.6931471805599453,Mutual + Dummy,unconscious,unconscious,False,Image,False,8,0,11,0
1166,sub-06,lh-lingual,0.5,0.0,0.0,0.6931471805599453,Mutual + Dummy,unconscious,unconscious,False,Image,False,8,0,7,0
1167,sub-06,lh-lingual,0.5,0.0,0.0,0.6931471805599453,Mutual + Dummy,unconscious,unconscious,False,Image,False,8,0,10,0
1168,sub-06,lh-lingual,0.5,0.0,0.0,0.6931471805599453,Mutual + Dummy,unconscious,unconscious,False,Image,False,8,0,3,0
1169,sub-06,lh-lingual,0.5,0.0,0.0,0.6931471805599453,Mutual + Dummy,unconscious,unconscious,False,Image,False,8,0,4,0
1170,sub-06,lh-lingual,0.5,0.0,0.0,0.6931471805599453,Mutual + Dummy,unconscious,unconscious,False,Image,False,8,0,12,0
1171,sub-06,lh-lingual,0.5,0.0,0.0,0.6931471805599453,Mutual + Dummy,unconscious,unconscious,False,Image,False,8,0,11,0
1172,sub-06,lh-lingual,0.5,0.0,0.0,0.6931471805599453,Mutual + Dummy,unconscious,unconscious,False,Image,False,8,0,3,0
1173,sub-06,lh-lingual,0.5,0.0,0.0,0.6931471805599453,Mutual + Dummy,unconscious,unconscious,False,Image,False,8,0,5,0
1174,sub-06,lh-lingual,0.5,0.0,0.0,0.6931471805599453,Mutual + Dummy,unconscious,unconscious,False,Image,False,8,0,6,0
1175,sub-06,lh-lingual,0.5,0.0,0.0,0.6931471805599453,Mutual + Dummy,unconscious,unconscious,False,Image,False,8,0,5,0
1176,sub-06,lh-lingual,0.5,0.0,0.0,0.6931471805599453,Mutual + Dummy,unconscious,unconscious,False,Image,False,8,0,11,0
1177,sub-06,lh-lingual,0.5,0.0,0.0,0.6931471805599453,Mutual + Dummy,unconscious,unconscious,False,Image,False,8,0,4,0
1178,sub-06,lh-lingual,0.5,0.0,0.0,0.6931471805599453,Mutual + Dummy,unconscious,unconscious,False,Image,False,8,0,9,0
1179,sub-06,lh-lingual,0.5,0.0,0.0,0.6931471805599453,Mutual + Dummy,unconscious,unconscious,False,Image,False,8,0,9,0
1180,sub-06,lh-lingual,0.5,0.0,0.0,0.6931471805599453,Mutual + Dummy,unconscious,unconscious,False,Image,False,8,0,10,0
1181,sub-06,lh-lingual,0.5,0.0,0.0,0.6931471805599453,Mutual + Dummy,unconscious,unconscious,False,Image,False,8,0,3,0
1182,sub-06,lh-lingual,0.5,0.0,0.0,0.6931471805599453,Mutual + Dummy,unconscious,unconscious,False,Image,False,8,0,10,0
1183,sub-06,lh-lingual,0.5,0.0,0.0,0.6931471805599453,Mutual + Dummy,unconscious,unconscious,False,Image,False,8,0,9,0
1184,sub-06,lh-lingual,0.5,0.0,0.0,0.6931471805599453,Mutual + Dummy,unconscious,unconscious,False,Image,False,8,0,9,0
1185,sub-06,lh-lingual,0.5,0.0,0.0,0.6931471805599453,Mutual + Dummy,unconscious,unconscious,False,Image,False,8,0,11,0
1186,sub-06,lh-lingual,0.5,0.0,0.0,0.6931471805599453,Mutual + Dummy,unconscious,unconscious,False,Image,False,8,0,5,0
1187,sub-06,lh-lingual,0.5,0.0,0.0,0.6931471805599453,Mutual + Dummy,unconscious,unconscious,False,Image,False,8,0,7,0
1188,sub-06,lh-lingual,0.5,0.0,0.0,0.6931471805599453,Mutual + Dummy,unconscious,unconscious,False,Image,False,8,0,13,0
1189,sub-06,lh-lingual,0.5,0.0,0.0,0.6931471805599453,Mutual + Dummy,unconscious,unconscious,False,Image,False,8,0,8,0
1190,sub-06,lh-lingual,0.5,0.0,0.0,0.6931471805599453,Mutual + Dummy,unconscious,unconscious,False,Image,False,8,0,7,0
1191,sub-06,lh-lingual,0.5,0.0,0.0,0.6931471805599453,Mutual + Dummy,unconscious,unconscious,False,Image,False,8,0,2,0
1192,sub-06,lh-lingual,0.5,0.0,0.0,0.6931471805599453,Mutual + Dummy,unconscious,unconscious,False,Image,False,8,0,10,0
1193,sub-06,lh-lingual,0.5,0.0,0.0,0.6931471805599453,Mutual + Dummy,unconscious,unconscious,False,Image,False,8,0,9,0
1194,sub-06,lh-lingual,0.5,0.0,0.0,0.6931471805599453,Mutual + Dummy,unconscious,unconscious,False,Image,False,8,0,5,0
1195,sub-06,lh-lingual,0.5,0.0,0.0,0.6931471805599453,Mutual + Dummy,unconscious,unconscious,False,Image,False,8,0,10,0
1196,sub-06,lh-lingual,0.5,0.0,0.0,0.6931471805599453,Mutual + Dummy,unconscious,unconscious,False,Image,False,8,0,11,0
1197,sub-06,lh-lingual,0.5,0.0,0.0,0.6931471805599453,Mutual + Dummy,unconscious,unconscious,False,Image,False,8,0,3,0
1198,sub-06,lh-lingual,0.5,0.0,0.0,0.6931471805599453,Mutual + Dummy,unconscious,unconscious,False,Image,False,8,0,8,0
1199,sub-06,lh-lingual,0.5,0.0,0.0,0.6931471805599453,Mutual + Dummy,unconscious,unconscious,False,Image,False,8,0,5,0
1200,sub-06,lh-lingual,0.5,0.0,0.0,0.6931471805599453,Mutual + Dummy,unconscious,unconscious,False,Image,False,8,0,7,0
1201,sub-06,lh-lingual,0.5,0.0,0.0,0.6931471805599453,Mutual + Dummy,unconscious,unconscious,False,Image,False,6,0,4,0
1202,sub-06,lh-lingual,0.5,0.0,0.0,0.6931471805599453,Mutual + Dummy,unconscious,unconscious,False,Image,False,6,0,10,0
1203,sub-06,lh-lingual,0.5,0.0,0.0,0.6931471805599453,Mutual + Dummy,unconscious,unconscious,False,Image,False,6,0,8,0
1204,sub-06,lh-lingual,0.5,0.0,0.0,0.6931471805599453,Mutual + Dummy,unconscious,unconscious,False,Image,False,6,0,7,0
1205,sub-06,lh-lingual,0.5,0.0,0.0,0.6931471805599453,Mutual + Dummy,unconscious,unconscious,False,Image,False,6,0,4,0
1206,sub-06,lh-lingual,0.5,0.0,0.0,0.6931471805599453,Mutual + Dummy,unconscious,unconscious,False,Image,False,6,0,8,0
1207,sub-06,lh-lingual,0.5,0.0,0.0,0.6931471805599453,Mutual + Dummy,unconscious,unconscious,False,Image,False,6,0,7,0
1208,sub-06,lh-lingual,0.5,0.0,0.0,0.6931471805599453,Mutual + Dummy,unconscious,unconscious,False,Image,False,6,0,3,0
1209,sub-06,lh-lingual,0.5,0.0,0.0,0.6931471805599453,Mutual + Dummy,unconscious,unconscious,False,Image,False,6,0,5,0
1210,sub-06,lh-lingual,0.5,0.0,0.0,0.6931471805599453,Mutual + Dummy,unconscious,unconscious,False,Image,False,6,0,10,0
1211,sub-06,lh-lingual,0.5,0.0,0.0,0.6931471805599453,Mutual + Dummy,unconscious,unconscious,False,Image,False,6,0,5,0
1212,sub-06,lh-lingual,0.5,0.0,0.0,0.6931471805599453,Mutual + Dummy,unconscious,unconscious,False,Image,False,6,0,7,0
1213,sub-06,lh-lingual,0.5,0.0,0.0,0.6931471805599453,Mutual + Dummy,unconscious,unconscious,False,Image,False,6,0,11,0
1214,sub-06,lh-lingual,0.5,0.0,0.0,0.6931471805599453,Mutual + Dummy,unconscious,unconscious,False,Image,False,6,0,7,0
1215,sub-06,lh-lingual,0.5,0.0,0.0,0.6931471805599453,Mutual + Dummy,unconscious,unconscious,False,Image,False,6,0,10,0
1216,sub-06,lh-lingual,0.5,0.0,0.0,0.6931471805599453,Mutual + Dummy,unconscious,unconscious,False,Image,False,6,0,3,0
1217,sub-06,lh-lingual,0.5,0.0,0.0,0.6931471805599453,Mutual + Dummy,unconscious,unconscious,False,Image,False,6,0,4,0
1218,sub-06,lh-lingual,0.5,0.0,0.0,0.6931471805599453,Mutual + Dummy,unconscious,unconscious,False,Image,False,6,0,12,0
1219,sub-06,lh-lingual,0.5,0.0,0.0,0.6931471805599453,Mutual + Dummy,unconscious,unconscious,False,Image,False,6,0,11,0
1220,sub-06,lh-lingual,0.5,0.0,0.0,0.6931471805599453,Mutual + Dummy,unconscious,unconscious,False,Image,False,6,0,3,0
1221,sub-06,lh-lingual,0.5,0.0,0.0,0.6931471805599453,Mutual + Dummy,unconscious,unconscious,False,Image,False,6,0,5,0
1222,sub-06,lh-lingual,0.5,0.0,0.0,0.6931471805599453,Mutual + Dummy,unconscious,unconscious,False,Image,False,6,0,6,0
1223,sub-06,lh-lingual,0.5,0.0,0.0,0.6931471805599453,Mutual + Dummy,unconscious,unconscious,False,Image,False,6,0,5,0
1224,sub-06,lh-lingual,0.5,0.0,0.0,0.6931471805599453,Mutual + Dummy,unconscious,unconscious,False,Image,False,6,0,11,0
1225,sub-06,lh-lingual,0.5,0.0,0.0,0.6931471805599453,Mutual + Dummy,unconscious,unconscious,False,Image,False,6,0,4,0
1226,sub-06,lh-lingual,0.5,0.0,0.0,0.6931471805599453,Mutual + Dummy,unconscious,unconscious,False,Image,False,6,0,9,0
1227,sub-06,lh-lingual,0.5,0.0,0.0,0.6931471805599453,Mutual + Dummy,unconscious,unconscious,False,Image,False,6,0,9,0
1228,sub-06,lh-lingual,0.5,0.0,0.0,0.6931471805599453,Mutual + Dummy,unconscious,unconscious,False,Image,False,6,0,10,0
1229,sub-06,lh-lingual,0.5,0.0,0.0,0.6931471805599453,Mutual + Dummy,unconscious,unconscious,False,Image,False,6,0,3,0
1230,sub-06,lh-lingual,0.5,0.0,0.0,0.6931471805599453,Mutual + Dummy,unconscious,unconscious,False,Image,False,6,0,10,0
1231,sub-06,lh-lingual,0.5,0.0,0.0,0.6931471805599453,Mutual + Dummy,unconscious,unconscious,False,Image,False,6,0,9,0
1232,sub-06,lh-lingual,0.5,0.0,0.0,0.6931471805599453,Mutual + Dummy,unconscious,unconscious,False,Image,False,6,0,9,0
1233,sub-06,lh-lingual,0.5,0.0,0.0,0.6931471805599453,Mutual + Dummy,unconscious,unconscious,False,Image,False,6,0,11,0
1234,sub-06,lh-lingual,0.5,0.0,0.0,0.6931471805599453,Mutual + Dummy,unconscious,unconscious,False,Image,False,6,0,5,0
1235,sub-06,lh-lingual,0.5,0.0,0.0,0.6931471805599453,Mutual + Dummy,unconscious,unconscious,False,Image,False,6,0,7,0
1236,sub-06,lh-lingual,0.5,0.0,0.0,0.6931471805599453,Mutual + Dummy,unconscious,unconscious,False,Image,False,6,0,13,0
1237,sub-06,lh-lingual,0.5,0.0,0.0,0.6931471805599453,Mutual + Dummy,unconscious,unconscious,False,Image,False,6,0,8,0
1238,sub-06,lh-lingual,0.5,0.0,0.0,0.6931471805599453,Mutual + Dummy,unconscious,unconscious,False,Image,False,6,0,7,0
1239,sub-06,lh-lingual,0.5,0.0,0.0,0.6931471805599453,Mutual + Dummy,unconscious,unconscious,False,Image,False,6,0,2,0
1240,sub-06,lh-lingual,0.5,0.0,0.0,0.6931471805599453,Mutual + Dummy,unconscious,unconscious,False,Image,False,6,0,10,0
1241,sub-06,lh-lingual,0.5,0.0,0.0,0.6931471805599453,Mutual + Dummy,unconscious,unconscious,False,Image,False,6,0,9,0
1242,sub-06,lh-lingual,0.5,0.0,0.0,0.6931471805599453,Mutual + Dummy,unconscious,unconscious,False,Image,False,6,0,5,0
1243,sub-06,lh-lingual,0.5,0.0,0.0,0.6931471805599453,Mutual + Dummy,unconscious,unconscious,False,Image,False,6,0,10,0
1244,sub-06,lh-lingual,0.5,0.0,0.0,0.6931471805599453,Mutual + Dummy,unconscious,unconscious,False,Image,False,6,0,11,0
1245,sub-06,lh-lingual,0.5,0.0,0.0,0.6931471805599453,Mutual + Dummy,unconscious,unconscious,False,Image,False,6,0,3,0
1246,sub-06,lh-lingual,0.5,0.0,0.0,0.6931471805599453,Mutual + Dummy,unconscious,unconscious,False,Image,False,6,0,8,0
1247,sub-06,lh-lingual,0.5,0.0,0.0,0.6931471805599453,Mutual + Dummy,unconscious,unconscious,False,Image,False,6,0,5,0
1248,sub-06,lh-lingual,0.5,0.0,0.0,0.6931471805599453,Mutual + Dummy,unconscious,unconscious,False,Image,False,6,0,7,0
1249,sub-06,lh-lingual,0.5,0.0,0.0,0.6931471805599453,Mutual + Dummy,unconscious,unconscious,False,Image,False,9,0,4,0
1250,sub-06,lh-lingual,0.5,0.0,0.0,0.6931471805599453,Mutual + Dummy,unconscious,unconscious,False,Image,False,9,0,10,0
1251,sub-06,lh-lingual,0.5,0.0,0.0,0.6931471805599453,Mutual + Dummy,unconscious,unconscious,False,Image,False,9,0,8,0
1252,sub-06,lh-lingual,0.5,0.0,0.0,0.6931471805599453,Mutual + Dummy,unconscious,unconscious,False,Image,False,9,0,7,0
1253,sub-06,lh-lingual,0.5,0.0,0.0,0.6931471805599453,Mutual + Dummy,unconscious,unconscious,False,Image,False,9,0,4,0
1254,sub-06,lh-lingual,0.5,0.0,0.0,0.6931471805599453,Mutual + Dummy,unconscious,unconscious,False,Image,False,9,0,8,0
1255,sub-06,lh-lingual,0.5,0.0,0.0,0.6931471805599453,Mutual + Dummy,unconscious,unconscious,False,Image,False,9,0,7,0
1256,sub-06,lh-lingual,0.5,0.0,0.0,0.6931471805599453,Mutual + Dummy,unconscious,unconscious,False,Image,False,9,0,3,0
1257,sub-06,lh-lingual,0.5,0.0,0.0,0.6931471805599453,Mutual + Dummy,unconscious,unconscious,False,Image,False,9,0,5,0
1258,sub-06,lh-lingual,0.5,0.0,0.0,0.6931471805599453,Mutual + Dummy,unconscious,unconscious,False,Image,False,9,0,10,0
1259,sub-06,lh-lingual,0.5,0.0,0.0,0.6931471805599453,Mutual + Dummy,unconscious,unconscious,False,Image,False,9,0,5,0
1260,sub-06,lh-lingual,0.5,0.0,0.0,0.6931471805599453,Mutual + Dummy,unconscious,unconscious,False,Image,False,9,0,7,0
1261,sub-06,lh-lingual,0.5,0.0,0.0,0.6931471805599453,Mutual + Dummy,unconscious,unconscious,False,Image,False,9,0,11,0
1262,sub-06,lh-lingual,0.5,0.0,0.0,0.6931471805599453,Mutual + Dummy,unconscious,unconscious,False,Image,False,9,0,7,0
1263,sub-06,lh-lingual,0.5,0.0,0.0,0.6931471805599453,Mutual + Dummy,unconscious,unconscious,False,Image,False,9,0,10,0
1264,sub-06,lh-lingual,0.5,0.0,0.0,0.6931471805599453,Mutual + Dummy,unconscious,unconscious,False,Image,False,9,0,3,0
1265,sub-06,lh-lingual,0.5,0.0,0.0,0.6931471805599453,Mutual + Dummy,unconscious,unconscious,False,Image,False,9,0,4,0
1266,sub-06,lh-lingual,0.5,0.0,0.0,0.6931471805599453,Mutual + Dummy,unconscious,unconscious,False,Image,False,9,0,12,0
1267,sub-06,lh-lingual,0.5,0.0,0.0,0.6931471805599453,Mutual + Dummy,unconscious,unconscious,False,Image,False,9,0,11,0
1268,sub-06,lh-lingual,0.5,0.0,0.0,0.6931471805599453,Mutual + Dummy,unconscious,unconscious,False,Image,False,9,0,3,0
1269,sub-06,lh-lingual,0.5,0.0,0.0,0.6931471805599453,Mutual + Dummy,unconscious,unconscious,False,Image,False,9,0,5,0
1270,sub-06,lh-lingual,0.5,0.0,0.0,0.6931471805599453,Mutual + Dummy,unconscious,unconscious,False,Image,False,9,0,6,0
1271,sub-06,lh-lingual,0.5,0.0,0.0,0.6931471805599453,Mutual + Dummy,unconscious,unconscious,False,Image,False,9,0,5,0
1272,sub-06,lh-lingual,0.5,0.0,0.0,0.6931471805599453,Mutual + Dummy,unconscious,unconscious,False,Image,False,9,0,11,0
1273,sub-06,lh-lingual,0.5,0.0,0.0,0.6931471805599453,Mutual + Dummy,unconscious,unconscious,False,Image,False,9,0,4,0
1274,sub-06,lh-lingual,0.5,0.0,0.0,0.6931471805599453,Mutual + Dummy,unconscious,unconscious,False,Image,False,9,0,9,0
1275,sub-06,lh-lingual,0.5,0.0,0.0,0.6931471805599453,Mutual + Dummy,unconscious,unconscious,False,Image,False,9,0,9,0
1276,sub-06,lh-lingual,0.5,0.0,0.0,0.6931471805599453,Mutual + Dummy,unconscious,unconscious,False,Image,False,9,0,10,0
1277,sub-06,lh-lingual,0.5,0.0,0.0,0.6931471805599453,Mutual + Dummy,unconscious,unconscious,False,Image,False,9,0,3,0
1278,sub-06,lh-lingual,0.5,0.0,0.0,0.6931471805599453,Mutual + Dummy,unconscious,unconscious,False,Image,False,9,0,10,0
1279,sub-06,lh-lingual,0.5,0.0,0.0,0.6931471805599453,Mutual + Dummy,unconscious,unconscious,False,Image,False,9,0,9,0
1280,sub-06,lh-lingual,0.5,0.0,0.0,0.6931471805599453,Mutual + Dummy,unconscious,unconscious,False,Image,False,9,0,9,0
1281,sub-06,lh-lingual,0.5,0.0,0.0,0.6931471805599453,Mutual + Dummy,unconscious,unconscious,False,Image,False,9,0,11,0
1282,sub-06,lh-lingual,0.5,0.0,0.0,0.6931471805599453,Mutual + Dummy,unconscious,unconscious,False,Image,False,9,0,5,0
1283,sub-06,lh-lingual,0.5,0.0,0.0,0.6931471805599453,Mutual + Dummy,unconscious,unconscious,False,Image,False,9,0,7,0
1284,sub-06,lh-lingual,0.5,0.0,0.0,0.6931471805599453,Mutual + Dummy,unconscious,unconscious,False,Image,False,9,0,13,0
1285,sub-06,lh-lingual,0.5,0.0,0.0,0.6931471805599453,Mutual + Dummy,unconscious,unconscious,False,Image,False,9,0,8,0
1286,sub-06,lh-lingual,0.5,0.0,0.0,0.6931471805599453,Mutual + Dummy,unconscious,unconscious,False,Image,False,9,0,7,0
1287,sub-06,lh-lingual,0.5,0.0,0.0,0.6931471805599453,Mutual + Dummy,unconscious,unconscious,False,Image,False,9,0,2,0
1288,sub-06,lh-lingual,0.5,0.0,0.0,0.6931471805599453,Mutual + Dummy,unconscious,unconscious,False,Image,False,9,0,10,0
1289,sub-06,lh-lingual,0.5,0.0,0.0,0.6931471805599453,Mutual + Dummy,unconscious,unconscious,False,Image,False,9,0,9,0
1290,sub-06,lh-lingual,0.5,0.0,0.0,0.6931471805599453,Mutual + Dummy,unconscious,unconscious,False,Image,False,9,0,5,0
1291,sub-06,lh-lingual,0.5,0.0,0.0,0.6931471805599453,Mutual + Dummy,unconscious,unconscious,False,Image,False,9,0,10,0
1292,sub-06,lh-lingual,0.5,0.0,0.0,0.6931471805599453,Mutual + Dummy,unconscious,unconscious,False,Image,False,9,0,11,0
1293,sub-06,lh-lingual,0.5,0.0,0.0,0.6931471805599453,Mutual + Dummy,unconscious,unconscious,False,Image,False,9,0,3,0
1294,sub-06,lh-lingual,0.5,0.0,0.0,0.6931471805599453,Mutual + Dummy,unconscious,unconscious,False,Image,False,9,0,8,0
1295,sub-06,lh-lingual,0.5,0.0,0.0,0.6931471805599453,Mutual + Dummy,unconscious,unconscious,False,Image,False,9,0,5,0
1296,sub-06,lh-lingual,0.5,0.0,0.0,0.6931471805599453,Mutual + Dummy,unconscious,unconscious,False,Image,False,9,0,7,0
1297,sub-06,lh-lingual,0.5,0.0,0.0,0.6931471805599453,Mutual + Dummy,unconscious,unconscious,False,Image,False,7,0,4,0
1298,sub-06,lh-lingual,0.5,0.0,0.0,0.6931471805599453,Mutual + Dummy,unconscious,unconscious,False,Image,False,7,0,10,0
1299,sub-06,lh-lingual,0.5,0.0,0.0,0.6931471805599453,Mutual + Dummy,unconscious,unconscious,False,Image,False,7,0,8,0
1300,sub-06,lh-lingual,0.5,0.0,0.0,0.6931471805599453,Mutual + Dummy,unconscious,unconscious,False,Image,False,7,0,7,0
1301,sub-06,lh-lingual,0.5,0.0,0.0,0.6931471805599453,Mutual + Dummy,unconscious,unconscious,False,Image,False,7,0,4,0
1302,sub-06,lh-lingual,0.5,0.0,0.0,0.6931471805599453,Mutual + Dummy,unconscious,unconscious,False,Image,False,7,0,8,0
1303,sub-06,lh-lingual,0.5,0.0,0.0,0.6931471805599453,Mutual + Dummy,unconscious,unconscious,False,Image,False,7,0,7,0
1304,sub-06,lh-lingual,0.5,0.0,0.0,0.6931471805599453,Mutual + Dummy,unconscious,unconscious,False,Image,False,7,0,3,0
1305,sub-06,lh-lingual,0.5,0.0,0.0,0.6931471805599453,Mutual + Dummy,unconscious,unconscious,False,Image,False,7,0,5,0
1306,sub-06,lh-lingual,0.5,0.0,0.0,0.6931471805599453,Mutual + Dummy,unconscious,unconscious,False,Image,False,7,0,10,0
1307,sub-06,lh-lingual,0.5,0.0,0.0,0.6931471805599453,Mutual + Dummy,unconscious,unconscious,False,Image,False,7,0,5,0
1308,sub-06,lh-lingual,0.5,0.0,0.0,0.6931471805599453,Mutual + Dummy,unconscious,unconscious,False,Image,False,7,0,7,0
1309,sub-06,lh-lingual,0.5,0.0,0.0,0.6931471805599453,Mutual + Dummy,unconscious,unconscious,False,Image,False,7,0,11,0
1310,sub-06,lh-lingual,0.5,0.0,0.0,0.6931471805599453,Mutual + Dummy,unconscious,unconscious,False,Image,False,7,0,7,0
1311,sub-06,lh-lingual,0.5,0.0,0.0,0.6931471805599453,Mutual + Dummy,unconscious,unconscious,False,Image,False,7,0,10,0
1312,sub-06,lh-lingual,0.5,0.0,0.0,0.6931471805599453,Mutual + Dummy,unconscious,unconscious,False,Image,False,7,0,3,0
1313,sub-06,lh-lingual,0.5,0.0,0.0,0.6931471805599453,Mutual + Dummy,unconscious,unconscious,False,Image,False,7,0,4,0
1314,sub-06,lh-lingual,0.5,0.0,0.0,0.6931471805599453,Mutual + Dummy,unconscious,unconscious,False,Image,False,7,0,12,0
1315,sub-06,lh-lingual,0.5,0.0,0.0,0.6931471805599453,Mutual + Dummy,unconscious,unconscious,False,Image,False,7,0,11,0
1316,sub-06,lh-lingual,0.5,0.0,0.0,0.6931471805599453,Mutual + Dummy,unconscious,unconscious,False,Image,False,7,0,3,0
1317,sub-06,lh-lingual,0.5,0.0,0.0,0.6931471805599453,Mutual + Dummy,unconscious,unconscious,False,Image,False,7,0,5,0
1318,sub-06,lh-lingual,0.5,0.0,0.0,0.6931471805599453,Mutual + Dummy,unconscious,unconscious,False,Image,False,7,0,6,0
1319,sub-06,lh-lingual,0.5,0.0,0.0,0.6931471805599453,Mutual + Dummy,unconscious,unconscious,False,Image,False,7,0,5,0
1320,sub-06,lh-lingual,0.5,0.0,0.0,0.6931471805599453,Mutual + Dummy,unconscious,unconscious,False,Image,False,7,0,11,0
1321,sub-06,lh-lingual,0.5,0.0,0.0,0.6931471805599453,Mutual + Dummy,unconscious,unconscious,False,Image,False,7,0,4,0
1322,sub-06,lh-lingual,0.5,0.0,0.0,0.6931471805599453,Mutual + Dummy,unconscious,unconscious,False,Image,False,7,0,9,0
1323,sub-06,lh-lingual,0.5,0.0,0.0,0.6931471805599453,Mutual + Dummy,unconscious,unconscious,False,Image,False,7,0,9,0
1324,sub-06,lh-lingual,0.5,0.0,0.0,0.6931471805599453,Mutual + Dummy,unconscious,unconscious,False,Image,False,7,0,10,0
1325,sub-06,lh-lingual,0.5,0.0,0.0,0.6931471805599453,Mutual + Dummy,unconscious,unconscious,False,Image,False,7,0,3,0
1326,sub-06,lh-lingual,0.5,0.0,0.0,0.6931471805599453,Mutual + Dummy,unconscious,unconscious,False,Image,False,7,0,10,0
1327,sub-06,lh-lingual,0.5,0.0,0.0,0.6931471805599453,Mutual + Dummy,unconscious,unconscious,False,Image,False,7,0,9,0
1328,sub-06,lh-lingual,0.5,0.0,0.0,0.6931471805599453,Mutual + Dummy,unconscious,unconscious,False,Image,False,7,0,9,0
1329,sub-06,lh-lingual,0.5,0.0,0.0,0.6931471805599453,Mutual + Dummy,unconscious,unconscious,False,Image,False,7,0,11,0
1330,sub-06,lh-lingual,0.5,0.0,0.0,0.6931471805599453,Mutual + Dummy,unconscious,unconscious,False,Image,False,7,0,5,0
1331,sub-06,lh-lingual,0.5,0.0,0.0,0.6931471805599453,Mutual + Dummy,unconscious,unconscious,False,Image,False,7,0,7,0
1332,sub-06,lh-lingual,0.5,0.0,0.0,0.6931471805599453,Mutual + Dummy,unconscious,unconscious,False,Image,False,7,0,13,0
1333,sub-06,lh-lingual,0.5,0.0,0.0,0.6931471805599453,Mutual + Dummy,unconscious,unconscious,False,Image,False,7,0,8,0
1334,sub-06,lh-lingual,0.5,0.0,0.0,0.6931471805599453,Mutual + Dummy,unconscious,unconscious,False,Image,False,7,0,7,0
1335,sub-06,lh-lingual,0.5,0.0,0.0,0.6931471805599453,Mutual + Dummy,unconscious,unconscious,False,Image,False,7,0,2,0
1336,sub-06,lh-lingual,0.5,0.0,0.0,0.6931471805599453,Mutual + Dummy,unconscious,unconscious,False,Image,False,7,0,10,0
1337,sub-06,lh-lingual,0.5,0.0,0.0,0.6931471805599453,Mutual + Dummy,unconscious,unconscious,False,Image,False,7,0,9,0
1338,sub-06,lh-lingual,0.5,0.0,0.0,0.6931471805599453,Mutual + Dummy,unconscious,unconscious,False,Image,False,7,0,5,0
1339,sub-06,lh-lingual,0.5,0.0,0.0,0.6931471805599453,Mutual + Dummy,unconscious,unconscious,False,Image,False,7,0,10,0
1340,sub-06,lh-lingual,0.5,0.0,0.0,0.6931471805599453,Mutual + Dummy,unconscious,unconscious,False,Image,False,7,0,11,0
1341,sub-06,lh-lingual,0.5,0.0,0.0,0.6931471805599453,Mutual + Dummy,unconscious,unconscious,False,Image,False,7,0,3,0
1342,sub-06,lh-lingual,0.5,0.0,0.0,0.6931471805599453,Mutual + Dummy,unconscious,unconscious,False,Image,False,7,0,8,0
1343,sub-06,lh-lingual,0.5,0.0,0.0,0.6931471805599453,Mutual + Dummy,unconscious,unconscious,False,Image,False,7,0,5,0
1344,sub-06,lh-lingual,0.5,0.0,0.0,0.6931471805599453,Mutual + Dummy,unconscious,unconscious,False,Image,False,7,0,7,0
1345,sub-06,lh-lingual,0.5,0.0,0.0,0.6931471805599453,Mutual + Dummy,unconscious,unconscious,False,Image,False,4,0,4,0
1346,sub-06,lh-lingual,0.5,0.0,0.0,0.6931471805599453,Mutual + Dummy,unconscious,unconscious,False,Image,False,4,0,10,0
1347,sub-06,lh-lingual,0.5,0.0,0.0,0.6931471805599453,Mutual + Dummy,unconscious,unconscious,False,Image,False,4,0,8,0
1348,sub-06,lh-lingual,0.5,0.0,0.0,0.6931471805599453,Mutual + Dummy,unconscious,unconscious,False,Image,False,4,0,7,0
1349,sub-06,lh-lingual,0.5,0.0,0.0,0.6931471805599453,Mutual + Dummy,unconscious,unconscious,False,Image,False,4,0,4,0
1350,sub-06,lh-lingual,0.5,0.0,0.0,0.6931471805599453,Mutual + Dummy,unconscious,unconscious,False,Image,False,4,0,8,0
1351,sub-06,lh-lingual,0.5,0.0,0.0,0.6931471805599453,Mutual + Dummy,unconscious,unconscious,False,Image,False,4,0,7,0
1352,sub-06,lh-lingual,0.5,0.0,0.0,0.6931471805599453,Mutual + Dummy,unconscious,unconscious,False,Image,False,4,0,3,0
1353,sub-06,lh-lingual,0.5,0.0,0.0,0.6931471805599453,Mutual + Dummy,unconscious,unconscious,False,Image,False,4,0,5,0
1354,sub-06,lh-lingual,0.5,0.0,0.0,0.6931471805599453,Mutual + Dummy,unconscious,unconscious,False,Image,False,4,0,10,0
1355,sub-06,lh-lingual,0.5,0.0,0.0,0.6931471805599453,Mutual + Dummy,unconscious,unconscious,False,Image,False,4,0,5,0
1356,sub-06,lh-lingual,0.5,0.0,0.0,0.6931471805599453,Mutual + Dummy,unconscious,unconscious,False,Image,False,4,0,7,0
1357,sub-06,lh-lingual,0.5,0.0,0.0,0.6931471805599453,Mutual + Dummy,unconscious,unconscious,False,Image,False,4,0,11,0
1358,sub-06,lh-lingual,0.5,0.0,0.0,0.6931471805599453,Mutual + Dummy,unconscious,unconscious,False,Image,False,4,0,7,0
1359,sub-06,lh-lingual,0.5,0.0,0.0,0.6931471805599453,Mutual + Dummy,unconscious,unconscious,False,Image,False,4,0,10,0
1360,sub-06,lh-lingual,0.5,0.0,0.0,0.6931471805599453,Mutual + Dummy,unconscious,unconscious,False,Image,False,4,0,3,0
1361,sub-06,lh-lingual,0.5,0.0,0.0,0.6931471805599453,Mutual + Dummy,unconscious,unconscious,False,Image,False,4,0,4,0
1362,sub-06,lh-lingual,0.5,0.0,0.0,0.6931471805599453,Mutual + Dummy,unconscious,unconscious,False,Image,False,4,0,12,0
1363,sub-06,lh-lingual,0.5,0.0,0.0,0.6931471805599453,Mutual + Dummy,unconscious,unconscious,False,Image,False,4,0,11,0
1364,sub-06,lh-lingual,0.5,0.0,0.0,0.6931471805599453,Mutual + Dummy,unconscious,unconscious,False,Image,False,4,0,3,0
1365,sub-06,lh-lingual,0.5,0.0,0.0,0.6931471805599453,Mutual + Dummy,unconscious,unconscious,False,Image,False,4,0,5,0
1366,sub-06,lh-lingual,0.5,0.0,0.0,0.6931471805599453,Mutual + Dummy,unconscious,unconscious,False,Image,False,4,0,6,0
1367,sub-06,lh-lingual,0.5,0.0,0.0,0.6931471805599453,Mutual + Dummy,unconscious,unconscious,False,Image,False,4,0,5,0
1368,sub-06,lh-lingual,0.5,0.0,0.0,0.6931471805599453,Mutual + Dummy,unconscious,unconscious,False,Image,False,4,0,11,0
1369,sub-06,lh-lingual,0.5,0.0,0.0,0.6931471805599453,Mutual + Dummy,unconscious,unconscious,False,Image,False,4,0,4,0
1370,sub-06,lh-lingual,0.5,0.0,0.0,0.6931471805599453,Mutual + Dummy,unconscious,unconscious,False,Image,False,4,0,9,0
1371,sub-06,lh-lingual,0.5,0.0,0.0,0.6931471805599453,Mutual + Dummy,unconscious,unconscious,False,Image,False,4,0,9,0
1372,sub-06,lh-lingual,0.5,0.0,0.0,0.6931471805599453,Mutual + Dummy,unconscious,unconscious,False,Image,False,4,0,10,0
1373,sub-06,lh-lingual,0.5,0.0,0.0,0.6931471805599453,Mutual + Dummy,unconscious,unconscious,False,Image,False,4,0,3,0
1374,sub-06,lh-lingual,0.5,0.0,0.0,0.6931471805599453,Mutual + Dummy,unconscious,unconscious,False,Image,False,4,0,10,0
1375,sub-06,lh-lingual,0.5,0.0,0.0,0.6931471805599453,Mutual + Dummy,unconscious,unconscious,False,Image,False,4,0,9,0
1376,sub-06,lh-lingual,0.5,0.0,0.0,0.6931471805599453,Mutual + Dummy,unconscious,unconscious,False,Image,False,4,0,9,0
1377,sub-06,lh-lingual,0.5,0.0,0.0,0.6931471805599453,Mutual + Dummy,unconscious,unconscious,False,Image,False,4,0,11,0
1378,sub-06,lh-lingual,0.5,0.0,0.0,0.6931471805599453,Mutual + Dummy,unconscious,unconscious,False,Image,False,4,0,5,0
1379,sub-06,lh-lingual,0.5,0.0,0.0,0.6931471805599453,Mutual + Dummy,unconscious,unconscious,False,Image,False,4,0,7,0
1380,sub-06,lh-lingual,0.5,0.0,0.0,0.6931471805599453,Mutual + Dummy,unconscious,unconscious,False,Image,False,4,0,13,0
1381,sub-06,lh-lingual,0.5,0.0,0.0,0.6931471805599453,Mutual + Dummy,unconscious,unconscious,False,Image,False,4,0,8,0
1382,sub-06,lh-lingual,0.5,0.0,0.0,0.6931471805599453,Mutual + Dummy,unconscious,unconscious,False,Image,False,4,0,7,0
1383,sub-06,lh-lingual,0.5,0.0,0.0,0.6931471805599453,Mutual + Dummy,unconscious,unconscious,False,Image,False,4,0,2,0
1384,sub-06,lh-lingual,0.5,0.0,0.0,0.6931471805599453,Mutual + Dummy,unconscious,unconscious,False,Image,False,4,0,10,0
1385,sub-06,lh-lingual,0.5,0.0,0.0,0.6931471805599453,Mutual + Dummy,unconscious,unconscious,False,Image,False,4,0,9,0
1386,sub-06,lh-lingual,0.5,0.0,0.0,0.6931471805599453,Mutual + Dummy,unconscious,unconscious,False,Image,False,4,0,5,0
1387,sub-06,lh-lingual,0.5,0.0,0.0,0.6931471805599453,Mutual + Dummy,unconscious,unconscious,False,Image,False,4,0,10,0
1388,sub-06,lh-lingual,0.5,0.0,0.0,0.6931471805599453,Mutual + Dummy,unconscious,unconscious,False,Image,False,4,0,11,0
1389,sub-06,lh-lingual,0.5,0.0,0.0,0.6931471805599453,Mutual + Dummy,unconscious,unconscious,False,Image,False,4,0,3,0
1390,sub-06,lh-lingual,0.5,0.0,0.0,0.6931471805599453,Mutual + Dummy,unconscious,unconscious,False,Image,False,4,0,8,0
1391,sub-06,lh-lingual,0.5,0.0,0.0,0.6931471805599453,Mutual + Dummy,unconscious,unconscious,False,Image,False,4,0,5,0
1392,sub-06,lh-lingual,0.5,0.0,0.0,0.6931471805599453,Mutual + Dummy,unconscious,unconscious,False,Image,False,4,0,7,0
1393,sub-06,lh-lingual,0.5,0.0,0.0,0.6931471805599453,Mutual + Dummy,unconscious,unconscious,False,Image,False,9,0,4,0
1394,sub-06,lh-lingual,0.5,0.0,0.0,0.6931471805599453,Mutual + Dummy,unconscious,unconscious,False,Image,False,9,0,10,0
1395,sub-06,lh-lingual,0.5,0.0,0.0,0.6931471805599453,Mutual + Dummy,unconscious,unconscious,False,Image,False,9,0,8,0
1396,sub-06,lh-lingual,0.5,0.0,0.0,0.6931471805599453,Mutual + Dummy,unconscious,unconscious,False,Image,False,9,0,7,0
1397,sub-06,lh-lingual,0.5,0.0,0.0,0.6931471805599453,Mutual + Dummy,unconscious,unconscious,False,Image,False,9,0,4,0
1398,sub-06,lh-lingual,0.5,0.0,0.0,0.6931471805599453,Mutual + Dummy,unconscious,unconscious,False,Image,False,9,0,8,0
1399,sub-06,lh-lingual,0.5,0.0,0.0,0.6931471805599453,Mutual + Dummy,unconscious,unconscious,False,Image,False,9,0,7,0
1400,sub-06,lh-lingual,0.5,0.0,0.0,0.6931471805599453,Mutual + Dummy,unconscious,unconscious,False,Image,False,9,0,3,0
1401,sub-06,lh-lingual,0.5,0.0,0.0,0.6931471805599453,Mutual + Dummy,unconscious,unconscious,False,Image,False,9,0,5,0
1402,sub-06,lh-lingual,0.5,0.0,0.0,0.6931471805599453,Mutual + Dummy,unconscious,unconscious,False,Image,False,9,0,10,0
1403,sub-06,lh-lingual,0.5,0.0,0.0,0.6931471805599453,Mutual + Dummy,unconscious,unconscious,False,Image,False,9,0,5,0
1404,sub-06,lh-lingual,0.5,0.0,0.0,0.6931471805599453,Mutual + Dummy,unconscious,unconscious,False,Image,False,9,0,7,0
1405,sub-06,lh-lingual,0.5,0.0,0.0,0.6931471805599453,Mutual + Dummy,unconscious,unconscious,False,Image,False,9,0,11,0
1406,sub-06,lh-lingual,0.5,0.0,0.0,0.6931471805599453,Mutual + Dummy,unconscious,unconscious,False,Image,False,9,0,7,0
1407,sub-06,lh-lingual,0.5,0.0,0.0,0.6931471805599453,Mutual + Dummy,unconscious,unconscious,False,Image,False,9,0,10,0
1408,sub-06,lh-lingual,0.5,0.0,0.0,0.6931471805599453,Mutual + Dummy,unconscious,unconscious,False,Image,False,9,0,3,0
1409,sub-06,lh-lingual,0.5,0.0,0.0,0.6931471805599453,Mutual + Dummy,unconscious,unconscious,False,Image,False,9,0,4,0
1410,sub-06,lh-lingual,0.5,0.0,0.0,0.6931471805599453,Mutual + Dummy,unconscious,unconscious,False,Image,False,9,0,12,0
1411,sub-06,lh-lingual,0.5,0.0,0.0,0.6931471805599453,Mutual + Dummy,unconscious,unconscious,False,Image,False,9,0,11,0
1412,sub-06,lh-lingual,0.5,0.0,0.0,0.6931471805599453,Mutual + Dummy,unconscious,unconscious,False,Image,False,9,0,3,0
1413,sub-06,lh-lingual,0.5,0.0,0.0,0.6931471805599453,Mutual + Dummy,unconscious,unconscious,False,Image,False,9,0,5,0
1414,sub-06,lh-lingual,0.5,0.0,0.0,0.6931471805599453,Mutual + Dummy,unconscious,unconscious,False,Image,False,9,0,6,0
1415,sub-06,lh-lingual,0.5,0.0,0.0,0.6931471805599453,Mutual + Dummy,unconscious,unconscious,False,Image,False,9,0,5,0
1416,sub-06,lh-lingual,0.5,0.0,0.0,0.6931471805599453,Mutual + Dummy,unconscious,unconscious,False,Image,False,9,0,11,0
1417,sub-06,lh-lingual,0.5,0.0,0.0,0.6931471805599453,Mutual + Dummy,unconscious,unconscious,False,Image,False,9,0,4,0
1418,sub-06,lh-lingual,0.5,0.0,0.0,0.6931471805599453,Mutual + Dummy,unconscious,unconscious,False,Image,False,9,0,9,0
1419,sub-06,lh-lingual,0.5,0.0,0.0,0.6931471805599453,Mutual + Dummy,unconscious,unconscious,False,Image,False,9,0,9,0
1420,sub-06,lh-lingual,0.5,0.0,0.0,0.6931471805599453,Mutual + Dummy,unconscious,unconscious,False,Image,False,9,0,10,0
1421,sub-06,lh-lingual,0.5,0.0,0.0,0.6931471805599453,Mutual + Dummy,unconscious,unconscious,False,Image,False,9,0,3,0
1422,sub-06,lh-lingual,0.5,0.0,0.0,0.6931471805599453,Mutual + Dummy,unconscious,unconscious,False,Image,False,9,0,10,0
1423,sub-06,lh-lingual,0.5,0.0,0.0,0.6931471805599453,Mutual + Dummy,unconscious,unconscious,False,Image,False,9,0,9,0
1424,sub-06,lh-lingual,0.5,0.0,0.0,0.6931471805599453,Mutual + Dummy,unconscious,unconscious,False,Image,False,9,0,9,0
1425,sub-06,lh-lingual,0.5,0.0,0.0,0.6931471805599453,Mutual + Dummy,unconscious,unconscious,False,Image,False,9,0,11,0
1426,sub-06,lh-lingual,0.5,0.0,0.0,0.6931471805599453,Mutual + Dummy,unconscious,unconscious,False,Image,False,9,0,5,0
1427,sub-06,lh-lingual,0.5,0.0,0.0,0.6931471805599453,Mutual + Dummy,unconscious,unconscious,False,Image,False,9,0,7,0
1428,sub-06,lh-lingual,0.5,0.0,0.0,0.6931471805599453,Mutual + Dummy,unconscious,unconscious,False,Image,False,9,0,13,0
1429,sub-06,lh-lingual,0.5,0.0,0.0,0.6931471805599453,Mutual + Dummy,unconscious,unconscious,False,Image,False,9,0,8,0
1430,sub-06,lh-lingual,0.5,0.0,0.0,0.6931471805599453,Mutual + Dummy,unconscious,unconscious,False,Image,False,9,0,7,0
1431,sub-06,lh-lingual,0.5,0.0,0.0,0.6931471805599453,Mutual + Dummy,unconscious,unconscious,False,Image,False,9,0,2,0
1432,sub-06,lh-lingual,0.5,0.0,0.0,0.6931471805599453,Mutual + Dummy,unconscious,unconscious,False,Image,False,9,0,10,0
1433,sub-06,lh-lingual,0.5,0.0,0.0,0.6931471805599453,Mutual + Dummy,unconscious,unconscious,False,Image,False,9,0,9,0
1434,sub-06,lh-lingual,0.5,0.0,0.0,0.6931471805599453,Mutual + Dummy,unconscious,unconscious,False,Image,False,9,0,5,0
1435,sub-06,lh-lingual,0.5,0.0,0.0,0.6931471805599453,Mutual + Dummy,unconscious,unconscious,False,Image,False,9,0,10,0
1436,sub-06,lh-lingual,0.5,0.0,0.0,0.6931471805599453,Mutual + Dummy,unconscious,unconscious,False,Image,False,9,0,11,0
1437,sub-06,lh-lingual,0.5,0.0,0.0,0.6931471805599453,Mutual + Dummy,unconscious,unconscious,False,Image,False,9,0,3,0
1438,sub-06,lh-lingual,0.5,0.0,0.0,0.6931471805599453,Mutual + Dummy,unconscious,unconscious,False,Image,False,9,0,8,0
1439,sub-06,lh-lingual,0.5,0.0,0.0,0.6931471805599453,Mutual + Dummy,unconscious,unconscious,False,Image,False,9,0,5,0
1440,sub-06,lh-lingual,0.5,0.0,0.0,0.6931471805599453,Mutual + Dummy,unconscious,unconscious,False,Image,False,9,0,7,0
1441,sub-06,lh-lingual,0.5,0.0,0.0,0.6931471805599453,Mutual + Dummy,unconscious,unconscious,False,Image,False,14,0,4,0
1442,sub-06,lh-lingual,0.5,0.0,0.0,0.6931471805599453,Mutual + Dummy,unconscious,unconscious,False,Image,False,14,0,10,0
1443,sub-06,lh-lingual,0.5,0.0,0.0,0.6931471805599453,Mutual + Dummy,unconscious,unconscious,False,Image,False,14,0,8,0
1444,sub-06,lh-lingual,0.5,0.0,0.0,0.6931471805599453,Mutual + Dummy,unconscious,unconscious,False,Image,False,14,0,7,0
1445,sub-06,lh-lingual,0.5,0.0,0.0,0.6931471805599453,Mutual + Dummy,unconscious,unconscious,False,Image,False,14,0,4,0
1446,sub-06,lh-lingual,0.5,0.0,0.0,0.6931471805599453,Mutual + Dummy,unconscious,unconscious,False,Image,False,14,0,8,0
1447,sub-06,lh-lingual,0.5,0.0,0.0,0.6931471805599453,Mutual + Dummy,unconscious,unconscious,False,Image,False,14,0,7,0
1448,sub-06,lh-lingual,0.5,0.0,0.0,0.6931471805599453,Mutual + Dummy,unconscious,unconscious,False,Image,False,14,0,3,0
1449,sub-06,lh-lingual,0.5,0.0,0.0,0.6931471805599453,Mutual + Dummy,unconscious,unconscious,False,Image,False,14,0,5,0
1450,sub-06,lh-lingual,0.5,0.0,0.0,0.6931471805599453,Mutual + Dummy,unconscious,unconscious,False,Image,False,14,0,10,0
1451,sub-06,lh-lingual,0.5,0.0,0.0,0.6931471805599453,Mutual + Dummy,unconscious,unconscious,False,Image,False,14,0,5,0
1452,sub-06,lh-lingual,0.5,0.0,0.0,0.6931471805599453,Mutual + Dummy,unconscious,unconscious,False,Image,False,14,0,7,0
1453,sub-06,lh-lingual,0.5,0.0,0.0,0.6931471805599452,Mutual + Dummy,unconscious,unconscious,False,Image,False,14,0,11,0
1454,sub-06,lh-lingual,0.5,0.0,0.0,0.6931471805599453,Mutual + Dummy,unconscious,unconscious,False,Image,False,14,0,7,0
1455,sub-06,lh-lingual,0.5,0.0,0.0,0.6931471805599453,Mutual + Dummy,unconscious,unconscious,False,Image,False,14,0,10,0
1456,sub-06,lh-lingual,0.5,0.0,0.0,0.6931471805599453,Mutual + Dummy,unconscious,unconscious,False,Image,False,14,0,3,0
1457,sub-06,lh-lingual,0.5,0.0,0.0,0.6931471805599453,Mutual + Dummy,unconscious,unconscious,False,Image,False,14,0,4,0
1458,sub-06,lh-lingual,0.5,0.0,0.0,0.6931471805599452,Mutual + Dummy,unconscious,unconscious,False,Image,False,14,0,12,0
1459,sub-06,lh-lingual,0.5,0.0,0.0,0.6931471805599452,Mutual + Dummy,unconscious,unconscious,False,Image,False,14,0,11,0
1460,sub-06,lh-lingual,0.5,0.0,0.0,0.6931471805599453,Mutual + Dummy,unconscious,unconscious,False,Image,False,14,0,3,0
1461,sub-06,lh-lingual,0.5,0.0,0.0,0.6931471805599453,Mutual + Dummy,unconscious,unconscious,False,Image,False,14,0,5,0
1462,sub-06,lh-lingual,0.5,0.0,0.0,0.6931471805599453,Mutual + Dummy,unconscious,unconscious,False,Image,False,14,0,6,0
1463,sub-06,lh-lingual,0.5,0.0,0.0,0.6931471805599453,Mutual + Dummy,unconscious,unconscious,False,Image,False,14,0,5,0
1464,sub-06,lh-lingual,0.5,0.0,0.0,0.6931471805599452,Mutual + Dummy,unconscious,unconscious,False,Image,False,14,0,11,0
1465,sub-06,lh-lingual,0.5,0.0,0.0,0.6931471805599453,Mutual + Dummy,unconscious,unconscious,False,Image,False,14,0,4,0
1466,sub-06,lh-lingual,0.5,0.0,0.0,0.6931471805599453,Mutual + Dummy,unconscious,unconscious,False,Image,False,14,0,9,0
1467,sub-06,lh-lingual,0.5,0.0,0.0,0.6931471805599453,Mutual + Dummy,unconscious,unconscious,False,Image,False,14,0,9,0
1468,sub-06,lh-lingual,0.5,0.0,0.0,0.6931471805599453,Mutual + Dummy,unconscious,unconscious,False,Image,False,14,0,10,0
1469,sub-06,lh-lingual,0.5,0.0,0.0,0.6931471805599453,Mutual + Dummy,unconscious,unconscious,False,Image,False,14,0,3,0
1470,sub-06,lh-lingual,0.5,0.0,0.0,0.6931471805599453,Mutual + Dummy,unconscious,unconscious,False,Image,False,14,0,10,0
1471,sub-06,lh-lingual,0.5,0.0,0.0,0.6931471805599453,Mutual + Dummy,unconscious,unconscious,False,Image,False,14,0,9,0
1472,sub-06,lh-lingual,0.5,0.0,0.0,0.6931471805599453,Mutual + Dummy,unconscious,unconscious,False,Image,False,14,0,9,0
1473,sub-06,lh-lingual,0.5,0.0,0.0,0.6931471805599452,Mutual + Dummy,unconscious,unconscious,False,Image,False,14,0,11,0
1474,sub-06,lh-lingual,0.5,0.0,0.0,0.6931471805599453,Mutual + Dummy,unconscious,unconscious,False,Image,False,14,0,5,0
1475,sub-06,lh-lingual,0.5,0.0,0.0,0.6931471805599453,Mutual + Dummy,unconscious,unconscious,False,Image,False,14,0,7,0
1476,sub-06,lh-lingual,0.5,0.0,0.0,0.6931471805599451,Mutual + Dummy,unconscious,unconscious,False,Image,False,14,0,13,0
1477,sub-06,lh-lingual,0.5,0.0,0.0,0.6931471805599453,Mutual + Dummy,unconscious,unconscious,False,Image,False,14,0,8,0
1478,sub-06,lh-lingual,0.5,0.0,0.0,0.6931471805599453,Mutual + Dummy,unconscious,unconscious,False,Image,False,14,0,7,0
1479,sub-06,lh-lingual,0.5,0.0,0.0,0.6931471805599453,Mutual + Dummy,unconscious,unconscious,False,Image,False,14,0,2,0
1480,sub-06,lh-lingual,0.5,0.0,0.0,0.6931471805599453,Mutual + Dummy,unconscious,unconscious,False,Image,False,14,0,10,0
1481,sub-06,lh-lingual,0.5,0.0,0.0,0.6931471805599453,Mutual + Dummy,unconscious,unconscious,False,Image,False,14,0,9,0
1482,sub-06,lh-lingual,0.5,0.0,0.0,0.6931471805599453,Mutual + Dummy,unconscious,unconscious,False,Image,False,14,0,5,0
1483,sub-06,lh-lingual,0.5,0.0,0.0,0.6931471805599453,Mutual + Dummy,unconscious,unconscious,False,Image,False,14,0,10,0
1484,sub-06,lh-lingual,0.5,0.0,0.0,0.6931471805599452,Mutual + Dummy,unconscious,unconscious,False,Image,False,14,0,11,0
1485,sub-06,lh-lingual,0.5,0.0,0.0,0.6931471805599453,Mutual + Dummy,unconscious,unconscious,False,Image,False,14,0,3,0
1486,sub-06,lh-lingual,0.5,0.0,0.0,0.6931471805599453,Mutual + Dummy,unconscious,unconscious,False,Image,False,14,0,8,0
1487,sub-06,lh-lingual,0.5,0.0,0.0,0.6931471805599453,Mutual + Dummy,unconscious,unconscious,False,Image,False,14,0,5,0
1488,sub-06,lh-lingual,0.5,0.0,0.0,0.6931471805599453,Mutual + Dummy,unconscious,unconscious,False,Image,False,14,0,7,0
1489,sub-06,lh-lingual,0.5,0.0,0.0,0.6931471805599453,Mutual + Dummy,unconscious,unconscious,False,Image,False,10,0,4,0
1490,sub-06,lh-lingual,0.5,0.0,0.0,0.6931471805599453,Mutual + Dummy,unconscious,unconscious,False,Image,False,10,0,10,0
1491,sub-06,lh-lingual,0.5,0.0,0.0,0.6931471805599453,Mutual + Dummy,unconscious,unconscious,False,Image,False,10,0,8,0
1492,sub-06,lh-lingual,0.5,0.0,0.0,0.6931471805599453,Mutual + Dummy,unconscious,unconscious,False,Image,False,10,0,7,0
1493,sub-06,lh-lingual,0.5,0.0,0.0,0.6931471805599453,Mutual + Dummy,unconscious,unconscious,False,Image,False,10,0,4,0
1494,sub-06,lh-lingual,0.5,0.0,0.0,0.6931471805599453,Mutual + Dummy,unconscious,unconscious,False,Image,False,10,0,8,0
1495,sub-06,lh-lingual,0.5,0.0,0.0,0.6931471805599453,Mutual + Dummy,unconscious,unconscious,False,Image,False,10,0,7,0
1496,sub-06,lh-lingual,0.5,0.0,0.0,0.6931471805599453,Mutual + Dummy,unconscious,unconscious,False,Image,False,10,0,3,0
1497,sub-06,lh-lingual,0.5,0.0,0.0,0.6931471805599453,Mutual + Dummy,unconscious,unconscious,False,Image,False,10,0,5,0
1498,sub-06,lh-lingual,0.5,0.0,0.0,0.6931471805599453,Mutual + Dummy,unconscious,unconscious,False,Image,False,10,0,10,0
1499,sub-06,lh-lingual,0.5,0.0,0.0,0.6931471805599453,Mutual + Dummy,unconscious,unconscious,False,Image,False,10,0,5,0
1500,sub-06,lh-lingual,0.5,0.0,0.0,0.6931471805599453,Mutual + Dummy,unconscious,unconscious,False,Image,False,10,0,7,0
1501,sub-06,lh-lingual,0.5,0.0,0.0,0.6931471805599453,Mutual + Dummy,unconscious,unconscious,False,Image,False,10,0,11,0
1502,sub-06,lh-lingual,0.5,0.0,0.0,0.6931471805599453,Mutual + Dummy,unconscious,unconscious,False,Image,False,10,0,7,0
1503,sub-06,lh-lingual,0.5,0.0,0.0,0.6931471805599453,Mutual + Dummy,unconscious,unconscious,False,Image,False,10,0,10,0
1504,sub-06,lh-lingual,0.5,0.0,0.0,0.6931471805599453,Mutual + Dummy,unconscious,unconscious,False,Image,False,10,0,3,0
1505,sub-06,lh-lingual,0.5,0.0,0.0,0.6931471805599453,Mutual + Dummy,unconscious,unconscious,False,Image,False,10,0,4,0
1506,sub-06,lh-lingual,0.5,0.0,0.0,0.6931471805599453,Mutual + Dummy,unconscious,unconscious,False,Image,False,10,0,12,0
1507,sub-06,lh-lingual,0.5,0.0,0.0,0.6931471805599453,Mutual + Dummy,unconscious,unconscious,False,Image,False,10,0,11,0
1508,sub-06,lh-lingual,0.5,0.0,0.0,0.6931471805599453,Mutual + Dummy,unconscious,unconscious,False,Image,False,10,0,3,0
1509,sub-06,lh-lingual,0.5,0.0,0.0,0.6931471805599453,Mutual + Dummy,unconscious,unconscious,False,Image,False,10,0,5,0
1510,sub-06,lh-lingual,0.5,0.0,0.0,0.6931471805599453,Mutual + Dummy,unconscious,unconscious,False,Image,False,10,0,6,0
1511,sub-06,lh-lingual,0.5,0.0,0.0,0.6931471805599453,Mutual + Dummy,unconscious,unconscious,False,Image,False,10,0,5,0
1512,sub-06,lh-lingual,0.5,0.0,0.0,0.6931471805599453,Mutual + Dummy,unconscious,unconscious,False,Image,False,10,0,11,0
1513,sub-06,lh-lingual,0.5,0.0,0.0,0.6931471805599453,Mutual + Dummy,unconscious,unconscious,False,Image,False,10,0,4,0
1514,sub-06,lh-lingual,0.5,0.0,0.0,0.6931471805599453,Mutual + Dummy,unconscious,unconscious,False,Image,False,10,0,9,0
1515,sub-06,lh-lingual,0.5,0.0,0.0,0.6931471805599453,Mutual + Dummy,unconscious,unconscious,False,Image,False,10,0,9,0
1516,sub-06,lh-lingual,0.5,0.0,0.0,0.6931471805599453,Mutual + Dummy,unconscious,unconscious,False,Image,False,10,0,10,0
1517,sub-06,lh-lingual,0.5,0.0,0.0,0.6931471805599453,Mutual + Dummy,unconscious,unconscious,False,Image,False,10,0,3,0
1518,sub-06,lh-lingual,0.5,0.0,0.0,0.6931471805599453,Mutual + Dummy,unconscious,unconscious,False,Image,False,10,0,10,0
1519,sub-06,lh-lingual,0.5,0.0,0.0,0.6931471805599453,Mutual + Dummy,unconscious,unconscious,False,Image,False,10,0,9,0
1520,sub-06,lh-lingual,0.5,0.0,0.0,0.6931471805599453,Mutual + Dummy,unconscious,unconscious,False,Image,False,10,0,9,0
1521,sub-06,lh-lingual,0.5,0.0,0.0,0.6931471805599453,Mutual + Dummy,unconscious,unconscious,False,Image,False,10,0,11,0
1522,sub-06,lh-lingual,0.5,0.0,0.0,0.6931471805599453,Mutual + Dummy,unconscious,unconscious,False,Image,False,10,0,5,0
1523,sub-06,lh-lingual,0.5,0.0,0.0,0.6931471805599453,Mutual + Dummy,unconscious,unconscious,False,Image,False,10,0,7,0
1524,sub-06,lh-lingual,0.5,0.0,0.0,0.6931471805599453,Mutual + Dummy,unconscious,unconscious,False,Image,False,10,0,13,0
1525,sub-06,lh-lingual,0.5,0.0,0.0,0.6931471805599453,Mutual + Dummy,unconscious,unconscious,False,Image,False,10,0,8,0
1526,sub-06,lh-lingual,0.5,0.0,0.0,0.6931471805599453,Mutual + Dummy,unconscious,unconscious,False,Image,False,10,0,7,0
1527,sub-06,lh-lingual,0.5,0.0,0.0,0.6931471805599453,Mutual + Dummy,unconscious,unconscious,False,Image,False,10,0,2,0
1528,sub-06,lh-lingual,0.5,0.0,0.0,0.6931471805599453,Mutual + Dummy,unconscious,unconscious,False,Image,False,10,0,10,0
1529,sub-06,lh-lingual,0.5,0.0,0.0,0.6931471805599453,Mutual + Dummy,unconscious,unconscious,False,Image,False,10,0,9,0
1530,sub-06,lh-lingual,0.5,0.0,0.0,0.6931471805599453,Mutual + Dummy,unconscious,unconscious,False,Image,False,10,0,5,0
1531,sub-06,lh-lingual,0.5,0.0,0.0,0.6931471805599453,Mutual + Dummy,unconscious,unconscious,False,Image,False,10,0,10,0
1532,sub-06,lh-lingual,0.5,0.0,0.0,0.6931471805599453,Mutual + Dummy,unconscious,unconscious,False,Image,False,10,0,11,0
1533,sub-06,lh-lingual,0.5,0.0,0.0,0.6931471805599453,Mutual + Dummy,unconscious,unconscious,False,Image,False,10,0,3,0
1534,sub-06,lh-lingual,0.5,0.0,0.0,0.6931471805599453,Mutual + Dummy,unconscious,unconscious,False,Image,False,10,0,8,0
1535,sub-06,lh-lingual,0.5,0.0,0.0,0.6931471805599453,Mutual + Dummy,unconscious,unconscious,False,Image,False,10,0,5,0
1536,sub-06,lh-lingual,0.5,0.0,0.0,0.6931471805599453,Mutual + Dummy,unconscious,unconscious,False,Image,False,10,0,7,0
1537,sub-06,lh-lingual,0.5,0.0,0.0,0.6931471805599453,Mutual + Dummy,unconscious,unconscious,False,Image,False,8,0,4,0
1538,sub-06,lh-lingual,0.5,0.0,0.0,0.6931471805599453,Mutual + Dummy,unconscious,unconscious,False,Image,False,8,0,10,0
1539,sub-06,lh-lingual,0.5,0.0,0.0,0.6931471805599453,Mutual + Dummy,unconscious,unconscious,False,Image,False,8,0,8,0
1540,sub-06,lh-lingual,0.5,0.0,0.0,0.6931471805599453,Mutual + Dummy,unconscious,unconscious,False,Image,False,8,0,7,0
1541,sub-06,lh-lingual,0.5,0.0,0.0,0.6931471805599453,Mutual + Dummy,unconscious,unconscious,False,Image,False,8,0,4,0
1542,sub-06,lh-lingual,0.5,0.0,0.0,0.6931471805599453,Mutual + Dummy,unconscious,unconscious,False,Image,False,8,0,8,0
1543,sub-06,lh-lingual,0.5,0.0,0.0,0.6931471805599453,Mutual + Dummy,unconscious,unconscious,False,Image,False,8,0,7,0
1544,sub-06,lh-lingual,0.5,0.0,0.0,0.6931471805599453,Mutual + Dummy,unconscious,unconscious,False,Image,False,8,0,3,0
1545,sub-06,lh-lingual,0.5,0.0,0.0,0.6931471805599453,Mutual + Dummy,unconscious,unconscious,False,Image,False,8,0,5,0
1546,sub-06,lh-lingual,0.5,0.0,0.0,0.6931471805599453,Mutual + Dummy,unconscious,unconscious,False,Image,False,8,0,10,0
1547,sub-06,lh-lingual,0.5,0.0,0.0,0.6931471805599453,Mutual + Dummy,unconscious,unconscious,False,Image,False,8,0,5,0
1548,sub-06,lh-lingual,0.5,0.0,0.0,0.6931471805599453,Mutual + Dummy,unconscious,unconscious,False,Image,False,8,0,7,0
1549,sub-06,lh-lingual,0.5,0.0,0.0,0.6931471805599453,Mutual + Dummy,unconscious,unconscious,False,Image,False,8,0,11,0
1550,sub-06,lh-lingual,0.5,0.0,0.0,0.6931471805599453,Mutual + Dummy,unconscious,unconscious,False,Image,False,8,0,7,0
1551,sub-06,lh-lingual,0.5,0.0,0.0,0.6931471805599453,Mutual + Dummy,unconscious,unconscious,False,Image,False,8,0,10,0
1552,sub-06,lh-lingual,0.5,0.0,0.0,0.6931471805599453,Mutual + Dummy,unconscious,unconscious,False,Image,False,8,0,3,0
1553,sub-06,lh-lingual,0.5,0.0,0.0,0.6931471805599453,Mutual + Dummy,unconscious,unconscious,False,Image,False,8,0,4,0
1554,sub-06,lh-lingual,0.5,0.0,0.0,0.6931471805599453,Mutual + Dummy,unconscious,unconscious,False,Image,False,8,0,12,0
1555,sub-06,lh-lingual,0.5,0.0,0.0,0.6931471805599453,Mutual + Dummy,unconscious,unconscious,False,Image,False,8,0,11,0
1556,sub-06,lh-lingual,0.5,0.0,0.0,0.6931471805599453,Mutual + Dummy,unconscious,unconscious,False,Image,False,8,0,3,0
1557,sub-06,lh-lingual,0.5,0.0,0.0,0.6931471805599453,Mutual + Dummy,unconscious,unconscious,False,Image,False,8,0,5,0
1558,sub-06,lh-lingual,0.5,0.0,0.0,0.6931471805599453,Mutual + Dummy,unconscious,unconscious,False,Image,False,8,0,6,0
1559,sub-06,lh-lingual,0.5,0.0,0.0,0.6931471805599453,Mutual + Dummy,unconscious,unconscious,False,Image,False,8,0,5,0
1560,sub-06,lh-lingual,0.5,0.0,0.0,0.6931471805599453,Mutual + Dummy,unconscious,unconscious,False,Image,False,8,0,11,0
1561,sub-06,lh-lingual,0.5,0.0,0.0,0.6931471805599453,Mutual + Dummy,unconscious,unconscious,False,Image,False,8,0,4,0
1562,sub-06,lh-lingual,0.5,0.0,0.0,0.6931471805599453,Mutual + Dummy,unconscious,unconscious,False,Image,False,8,0,9,0
1563,sub-06,lh-lingual,0.5,0.0,0.0,0.6931471805599453,Mutual + Dummy,unconscious,unconscious,False,Image,False,8,0,9,0
1564,sub-06,lh-lingual,0.5,0.0,0.0,0.6931471805599453,Mutual + Dummy,unconscious,unconscious,False,Image,False,8,0,10,0
1565,sub-06,lh-lingual,0.5,0.0,0.0,0.6931471805599453,Mutual + Dummy,unconscious,unconscious,False,Image,False,8,0,3,0
1566,sub-06,lh-lingual,0.5,0.0,0.0,0.6931471805599453,Mutual + Dummy,unconscious,unconscious,False,Image,False,8,0,10,0
1567,sub-06,lh-lingual,0.5,0.0,0.0,0.6931471805599453,Mutual + Dummy,unconscious,unconscious,False,Image,False,8,0,9,0
1568,sub-06,lh-lingual,0.5,0.0,0.0,0.6931471805599453,Mutual + Dummy,unconscious,unconscious,False,Image,False,8,0,9,0
1569,sub-06,lh-lingual,0.5,0.0,0.0,0.6931471805599453,Mutual + Dummy,unconscious,unconscious,False,Image,False,8,0,11,0
1570,sub-06,lh-lingual,0.5,0.0,0.0,0.6931471805599453,Mutual + Dummy,unconscious,unconscious,False,Image,False,8,0,5,0
1571,sub-06,lh-lingual,0.5,0.0,0.0,0.6931471805599453,Mutual + Dummy,unconscious,unconscious,False,Image,False,8,0,7,0
1572,sub-06,lh-lingual,0.5,0.0,0.0,0.6931471805599453,Mutual + Dummy,unconscious,unconscious,False,Image,False,8,0,13,0
1573,sub-06,lh-lingual,0.5,0.0,0.0,0.6931471805599453,Mutual + Dummy,unconscious,unconscious,False,Image,False,8,0,8,0
1574,sub-06,lh-lingual,0.5,0.0,0.0,0.6931471805599453,Mutual + Dummy,unconscious,unconscious,False,Image,False,8,0,7,0
1575,sub-06,lh-lingual,0.5,0.0,0.0,0.6931471805599453,Mutual + Dummy,unconscious,unconscious,False,Image,False,8,0,2,0
1576,sub-06,lh-lingual,0.5,0.0,0.0,0.6931471805599453,Mutual + Dummy,unconscious,unconscious,False,Image,False,8,0,10,0
1577,sub-06,lh-lingual,0.5,0.0,0.0,0.6931471805599453,Mutual + Dummy,unconscious,unconscious,False,Image,False,8,0,9,0
1578,sub-06,lh-lingual,0.5,0.0,0.0,0.6931471805599453,Mutual + Dummy,unconscious,unconscious,False,Image,False,8,0,5,0
1579,sub-06,lh-lingual,0.5,0.0,0.0,0.6931471805599453,Mutual + Dummy,unconscious,unconscious,False,Image,False,8,0,10,0
1580,sub-06,lh-lingual,0.5,0.0,0.0,0.6931471805599453,Mutual + Dummy,unconscious,unconscious,False,Image,False,8,0,11,0
1581,sub-06,lh-lingual,0.5,0.0,0.0,0.6931471805599453,Mutual + Dummy,unconscious,unconscious,False,Image,False,8,0,3,0
1582,sub-06,lh-lingual,0.5,0.0,0.0,0.6931471805599453,Mutual + Dummy,unconscious,unconscious,False,Image,False,8,0,8,0
1583,sub-06,lh-lingual,0.5,0.0,0.0,0.6931471805599453,Mutual + Dummy,unconscious,unconscious,False,Image,False,8,0,5,0
1584,sub-06,lh-lingual,0.5,0.0,0.0,0.6931471805599453,Mutual + Dummy,unconscious,unconscious,False,Image,False,8,0,7,0
1585,sub-06,lh-lingual,0.5,0.0,0.0,0.6931471805599453,Mutual + Dummy,unconscious,unconscious,False,Image,False,7,0,4,0
1586,sub-06,lh-lingual,0.5,0.0,0.0,0.6931471805599453,Mutual + Dummy,unconscious,unconscious,False,Image,False,7,0,10,0
1587,sub-06,lh-lingual,0.5,0.0,0.0,0.6931471805599453,Mutual + Dummy,unconscious,unconscious,False,Image,False,7,0,8,0
1588,sub-06,lh-lingual,0.5,0.0,0.0,0.6931471805599453,Mutual + Dummy,unconscious,unconscious,False,Image,False,7,0,7,0
1589,sub-06,lh-lingual,0.5,0.0,0.0,0.6931471805599453,Mutual + Dummy,unconscious,unconscious,False,Image,False,7,0,4,0
1590,sub-06,lh-lingual,0.5,0.0,0.0,0.6931471805599453,Mutual + Dummy,unconscious,unconscious,False,Image,False,7,0,8,0
1591,sub-06,lh-lingual,0.5,0.0,0.0,0.6931471805599453,Mutual + Dummy,unconscious,unconscious,False,Image,False,7,0,7,0
1592,sub-06,lh-lingual,0.5,0.0,0.0,0.6931471805599453,Mutual + Dummy,unconscious,unconscious,False,Image,False,7,0,3,0
1593,sub-06,lh-lingual,0.5,0.0,0.0,0.6931471805599453,Mutual + Dummy,unconscious,unconscious,False,Image,False,7,0,5,0
1594,sub-06,lh-lingual,0.5,0.0,0.0,0.6931471805599453,Mutual + Dummy,unconscious,unconscious,False,Image,False,7,0,10,0
1595,sub-06,lh-lingual,0.5,0.0,0.0,0.6931471805599453,Mutual + Dummy,unconscious,unconscious,False,Image,False,7,0,5,0
1596,sub-06,lh-lingual,0.5,0.0,0.0,0.6931471805599453,Mutual + Dummy,unconscious,unconscious,False,Image,False,7,0,7,0
1597,sub-06,lh-lingual,0.5,0.0,0.0,0.6931471805599453,Mutual + Dummy,unconscious,unconscious,False,Image,False,7,0,11,0
1598,sub-06,lh-lingual,0.5,0.0,0.0,0.6931471805599453,Mutual + Dummy,unconscious,unconscious,False,Image,False,7,0,7,0
1599,sub-06,lh-lingual,0.5,0.0,0.0,0.6931471805599453,Mutual + Dummy,unconscious,unconscious,False,Image,False,7,0,10,0
1600,sub-06,lh-lingual,0.5,0.0,0.0,0.6931471805599453,Mutual + Dummy,unconscious,unconscious,False,Image,False,7,0,3,0
1601,sub-06,lh-lingual,0.5,0.0,0.0,0.6931471805599453,Mutual + Dummy,unconscious,unconscious,False,Image,False,7,0,4,0
1602,sub-06,lh-lingual,0.5,0.0,0.0,0.6931471805599453,Mutual + Dummy,unconscious,unconscious,False,Image,False,7,0,12,0
1603,sub-06,lh-lingual,0.5,0.0,0.0,0.6931471805599453,Mutual + Dummy,unconscious,unconscious,False,Image,False,7,0,11,0
1604,sub-06,lh-lingual,0.5,0.0,0.0,0.6931471805599453,Mutual + Dummy,unconscious,unconscious,False,Image,False,7,0,3,0
1605,sub-06,lh-lingual,0.5,0.0,0.0,0.6931471805599453,Mutual + Dummy,unconscious,unconscious,False,Image,False,7,0,5,0
1606,sub-06,lh-lingual,0.5,0.0,0.0,0.6931471805599453,Mutual + Dummy,unconscious,unconscious,False,Image,False,7,0,6,0
1607,sub-06,lh-lingual,0.5,0.0,0.0,0.6931471805599453,Mutual + Dummy,unconscious,unconscious,False,Image,False,7,0,5,0
1608,sub-06,lh-lingual,0.5,0.0,0.0,0.6931471805599453,Mutual + Dummy,unconscious,unconscious,False,Image,False,7,0,11,0
1609,sub-06,lh-lingual,0.5,0.0,0.0,0.6931471805599453,Mutual + Dummy,unconscious,unconscious,False,Image,False,7,0,4,0
1610,sub-06,lh-lingual,0.5,0.0,0.0,0.6931471805599453,Mutual + Dummy,unconscious,unconscious,False,Image,False,7,0,9,0
1611,sub-06,lh-lingual,0.5,0.0,0.0,0.6931471805599453,Mutual + Dummy,unconscious,unconscious,False,Image,False,7,0,9,0
1612,sub-06,lh-lingual,0.5,0.0,0.0,0.6931471805599453,Mutual + Dummy,unconscious,unconscious,False,Image,False,7,0,10,0
1613,sub-06,lh-lingual,0.5,0.0,0.0,0.6931471805599453,Mutual + Dummy,unconscious,unconscious,False,Image,False,7,0,3,0
1614,sub-06,lh-lingual,0.5,0.0,0.0,0.6931471805599453,Mutual + Dummy,unconscious,unconscious,False,Image,False,7,0,10,0
1615,sub-06,lh-lingual,0.5,0.0,0.0,0.6931471805599453,Mutual + Dummy,unconscious,unconscious,False,Image,False,7,0,9,0
1616,sub-06,lh-lingual,0.5,0.0,0.0,0.6931471805599453,Mutual + Dummy,unconscious,unconscious,False,Image,False,7,0,9,0
1617,sub-06,lh-lingual,0.5,0.0,0.0,0.6931471805599453,Mutual + Dummy,unconscious,unconscious,False,Image,False,7,0,11,0
1618,sub-06,lh-lingual,0.5,0.0,0.0,0.6931471805599453,Mutual + Dummy,unconscious,unconscious,False,Image,False,7,0,5,0
1619,sub-06,lh-lingual,0.5,0.0,0.0,0.6931471805599453,Mutual + Dummy,unconscious,unconscious,False,Image,False,7,0,7,0
1620,sub-06,lh-lingual,0.5,0.0,0.0,0.6931471805599453,Mutual + Dummy,unconscious,unconscious,False,Image,False,7,0,13,0
1621,sub-06,lh-lingual,0.5,0.0,0.0,0.6931471805599453,Mutual + Dummy,unconscious,unconscious,False,Image,False,7,0,8,0
1622,sub-06,lh-lingual,0.5,0.0,0.0,0.6931471805599453,Mutual + Dummy,unconscious,unconscious,False,Image,False,7,0,7,0
1623,sub-06,lh-lingual,0.5,0.0,0.0,0.6931471805599453,Mutual + Dummy,unconscious,unconscious,False,Image,False,7,0,2,0
1624,sub-06,lh-lingual,0.5,0.0,0.0,0.6931471805599453,Mutual + Dummy,unconscious,unconscious,False,Image,False,7,0,10,0
1625,sub-06,lh-lingual,0.5,0.0,0.0,0.6931471805599453,Mutual + Dummy,unconscious,unconscious,False,Image,False,7,0,9,0
1626,sub-06,lh-lingual,0.5,0.0,0.0,0.6931471805599453,Mutual + Dummy,unconscious,unconscious,False,Image,False,7,0,5,0
1627,sub-06,lh-lingual,0.5,0.0,0.0,0.6931471805599453,Mutual + Dummy,unconscious,unconscious,False,Image,False,7,0,10,0
1628,sub-06,lh-lingual,0.5,0.0,0.0,0.6931471805599453,Mutual + Dummy,unconscious,unconscious,False,Image,False,7,0,11,0
1629,sub-06,lh-lingual,0.5,0.0,0.0,0.6931471805599453,Mutual + Dummy,unconscious,unconscious,False,Image,False,7,0,3,0
1630,sub-06,lh-lingual,0.5,0.0,0.0,0.6931471805599453,Mutual + Dummy,unconscious,unconscious,False,Image,False,7,0,8,0
1631,sub-06,lh-lingual,0.5,0.0,0.0,0.6931471805599453,Mutual + Dummy,unconscious,unconscious,False,Image,False,7,0,5,0
1632,sub-06,lh-lingual,0.5,0.0,0.0,0.6931471805599453,Mutual + Dummy,unconscious,unconscious,False,Image,False,7,0,7,0
1633,sub-06,lh-lingual,0.5,0.0,0.0,0.6931471805599453,Mutual + Dummy,unconscious,unconscious,False,Image,False,5,0,4,0
1634,sub-06,lh-lingual,0.5,0.0,0.0,0.6931471805599453,Mutual + Dummy,unconscious,unconscious,False,Image,False,5,0,10,0
1635,sub-06,lh-lingual,0.5,0.0,0.0,0.6931471805599453,Mutual + Dummy,unconscious,unconscious,False,Image,False,5,0,8,0
1636,sub-06,lh-lingual,0.5,0.0,0.0,0.6931471805599453,Mutual + Dummy,unconscious,unconscious,False,Image,False,5,0,7,0
1637,sub-06,lh-lingual,0.5,0.0,0.0,0.6931471805599453,Mutual + Dummy,unconscious,unconscious,False,Image,False,5,0,4,0
1638,sub-06,lh-lingual,0.5,0.0,0.0,0.6931471805599453,Mutual + Dummy,unconscious,unconscious,False,Image,False,5,0,8,0
1639,sub-06,lh-lingual,0.5,0.0,0.0,0.6931471805599453,Mutual + Dummy,unconscious,unconscious,False,Image,False,5,0,7,0
1640,sub-06,lh-lingual,0.5,0.0,0.0,0.6931471805599453,Mutual + Dummy,unconscious,unconscious,False,Image,False,5,0,3,0
1641,sub-06,lh-lingual,0.5,0.0,0.0,0.6931471805599453,Mutual + Dummy,unconscious,unconscious,False,Image,False,5,0,5,0
1642,sub-06,lh-lingual,0.5,0.0,0.0,0.6931471805599453,Mutual + Dummy,unconscious,unconscious,False,Image,False,5,0,10,0
1643,sub-06,lh-lingual,0.5,0.0,0.0,0.6931471805599453,Mutual + Dummy,unconscious,unconscious,False,Image,False,5,0,5,0
1644,sub-06,lh-lingual,0.5,0.0,0.0,0.6931471805599453,Mutual + Dummy,unconscious,unconscious,False,Image,False,5,0,7,0
1645,sub-06,lh-lingual,0.5,0.0,0.0,0.6931471805599453,Mutual + Dummy,unconscious,unconscious,False,Image,False,5,0,11,0
1646,sub-06,lh-lingual,0.5,0.0,0.0,0.6931471805599453,Mutual + Dummy,unconscious,unconscious,False,Image,False,5,0,7,0
1647,sub-06,lh-lingual,0.5,0.0,0.0,0.6931471805599453,Mutual + Dummy,unconscious,unconscious,False,Image,False,5,0,10,0
1648,sub-06,lh-lingual,0.5,0.0,0.0,0.6931471805599453,Mutual + Dummy,unconscious,unconscious,False,Image,False,5,0,3,0
1649,sub-06,lh-lingual,0.5,0.0,0.0,0.6931471805599453,Mutual + Dummy,unconscious,unconscious,False,Image,False,5,0,4,0
1650,sub-06,lh-lingual,0.5,0.0,0.0,0.6931471805599453,Mutual + Dummy,unconscious,unconscious,False,Image,False,5,0,12,0
1651,sub-06,lh-lingual,0.5,0.0,0.0,0.6931471805599453,Mutual + Dummy,unconscious,unconscious,False,Image,False,5,0,11,0
1652,sub-06,lh-lingual,0.5,0.0,0.0,0.6931471805599453,Mutual + Dummy,unconscious,unconscious,False,Image,False,5,0,3,0
1653,sub-06,lh-lingual,0.5,0.0,0.0,0.6931471805599453,Mutual + Dummy,unconscious,unconscious,False,Image,False,5,0,5,0
1654,sub-06,lh-lingual,0.5,0.0,0.0,0.6931471805599453,Mutual + Dummy,unconscious,unconscious,False,Image,False,5,0,6,0
1655,sub-06,lh-lingual,0.5,0.0,0.0,0.6931471805599453,Mutual + Dummy,unconscious,unconscious,False,Image,False,5,0,5,0
1656,sub-06,lh-lingual,0.5,0.0,0.0,0.6931471805599453,Mutual + Dummy,unconscious,unconscious,False,Image,False,5,0,11,0
1657,sub-06,lh-lingual,0.5,0.0,0.0,0.6931471805599453,Mutual + Dummy,unconscious,unconscious,False,Image,False,5,0,4,0
1658,sub-06,lh-lingual,0.5,0.0,0.0,0.6931471805599453,Mutual + Dummy,unconscious,unconscious,False,Image,False,5,0,9,0
1659,sub-06,lh-lingual,0.5,0.0,0.0,0.6931471805599453,Mutual + Dummy,unconscious,unconscious,False,Image,False,5,0,9,0
1660,sub-06,lh-lingual,0.5,0.0,0.0,0.6931471805599453,Mutual + Dummy,unconscious,unconscious,False,Image,False,5,0,10,0
1661,sub-06,lh-lingual,0.5,0.0,0.0,0.6931471805599453,Mutual + Dummy,unconscious,unconscious,False,Image,False,5,0,3,0
1662,sub-06,lh-lingual,0.5,0.0,0.0,0.6931471805599453,Mutual + Dummy,unconscious,unconscious,False,Image,False,5,0,10,0
1663,sub-06,lh-lingual,0.5,0.0,0.0,0.6931471805599453,Mutual + Dummy,unconscious,unconscious,False,Image,False,5,0,9,0
1664,sub-06,lh-lingual,0.5,0.0,0.0,0.6931471805599453,Mutual + Dummy,unconscious,unconscious,False,Image,False,5,0,9,0
1665,sub-06,lh-lingual,0.5,0.0,0.0,0.6931471805599453,Mutual + Dummy,unconscious,unconscious,False,Image,False,5,0,11,0
1666,sub-06,lh-lingual,0.5,0.0,0.0,0.6931471805599453,Mutual + Dummy,unconscious,unconscious,False,Image,False,5,0,5,0
1667,sub-06,lh-lingual,0.5,0.0,0.0,0.6931471805599453,Mutual + Dummy,unconscious,unconscious,False,Image,False,5,0,7,0
1668,sub-06,lh-lingual,0.5,0.0,0.0,0.6931471805599453,Mutual + Dummy,unconscious,unconscious,False,Image,False,5,0,13,0
1669,sub-06,lh-lingual,0.5,0.0,0.0,0.6931471805599453,Mutual + Dummy,unconscious,unconscious,False,Image,False,5,0,8,0
1670,sub-06,lh-lingual,0.5,0.0,0.0,0.6931471805599453,Mutual + Dummy,unconscious,unconscious,False,Image,False,5,0,7,0
1671,sub-06,lh-lingual,0.5,0.0,0.0,0.6931471805599453,Mutual + Dummy,unconscious,unconscious,False,Image,False,5,0,2,0
1672,sub-06,lh-lingual,0.5,0.0,0.0,0.6931471805599453,Mutual + Dummy,unconscious,unconscious,False,Image,False,5,0,10,0
1673,sub-06,lh-lingual,0.5,0.0,0.0,0.6931471805599453,Mutual + Dummy,unconscious,unconscious,False,Image,False,5,0,9,0
1674,sub-06,lh-lingual,0.5,0.0,0.0,0.6931471805599453,Mutual + Dummy,unconscious,unconscious,False,Image,False,5,0,5,0
1675,sub-06,lh-lingual,0.5,0.0,0.0,0.6931471805599453,Mutual + Dummy,unconscious,unconscious,False,Image,False,5,0,10,0
1676,sub-06,lh-lingual,0.5,0.0,0.0,0.6931471805599453,Mutual + Dummy,unconscious,unconscious,False,Image,False,5,0,11,0
1677,sub-06,lh-lingual,0.5,0.0,0.0,0.6931471805599453,Mutual + Dummy,unconscious,unconscious,False,Image,False,5,0,3,0
1678,sub-06,lh-lingual,0.5,0.0,0.0,0.6931471805599453,Mutual + Dummy,unconscious,unconscious,False,Image,False,5,0,8,0
1679,sub-06,lh-lingual,0.5,0.0,0.0,0.6931471805599453,Mutual + Dummy,unconscious,unconscious,False,Image,False,5,0,5,0
1680,sub-06,lh-lingual,0.5,0.0,0.0,0.6931471805599453,Mutual + Dummy,unconscious,unconscious,False,Image,False,5,0,7,0
1681,sub-06,lh-lingual,0.5,0.0,0.0,0.6931471805599453,Mutual + Dummy,unconscious,unconscious,False,Image,False,7,0,4,0
1682,sub-06,lh-lingual,0.5,0.0,0.0,0.6931471805599453,Mutual + Dummy,unconscious,unconscious,False,Image,False,7,0,10,0
1683,sub-06,lh-lingual,0.5,0.0,0.0,0.6931471805599453,Mutual + Dummy,unconscious,unconscious,False,Image,False,7,0,8,0
1684,sub-06,lh-lingual,0.5,0.0,0.0,0.6931471805599453,Mutual + Dummy,unconscious,unconscious,False,Image,False,7,0,7,0
1685,sub-06,lh-lingual,0.5,0.0,0.0,0.6931471805599453,Mutual + Dummy,unconscious,unconscious,False,Image,False,7,0,4,0
1686,sub-06,lh-lingual,0.5,0.0,0.0,0.6931471805599453,Mutual + Dummy,unconscious,unconscious,False,Image,False,7,0,8,0
1687,sub-06,lh-lingual,0.5,0.0,0.0,0.6931471805599453,Mutual + Dummy,unconscious,unconscious,False,Image,False,7,0,7,0
1688,sub-06,lh-lingual,0.5,0.0,0.0,0.6931471805599453,Mutual + Dummy,unconscious,unconscious,False,Image,False,7,0,3,0
1689,sub-06,lh-lingual,0.5,0.0,0.0,0.6931471805599453,Mutual + Dummy,unconscious,unconscious,False,Image,False,7,0,5,0
1690,sub-06,lh-lingual,0.5,0.0,0.0,0.6931471805599453,Mutual + Dummy,unconscious,unconscious,False,Image,False,7,0,10,0
1691,sub-06,lh-lingual,0.5,0.0,0.0,0.6931471805599453,Mutual + Dummy,unconscious,unconscious,False,Image,False,7,0,5,0
1692,sub-06,lh-lingual,0.5,0.0,0.0,0.6931471805599453,Mutual + Dummy,unconscious,unconscious,False,Image,False,7,0,7,0
1693,sub-06,lh-lingual,0.5,0.0,0.0,0.6931471805599453,Mutual + Dummy,unconscious,unconscious,False,Image,False,7,0,11,0
1694,sub-06,lh-lingual,0.5,0.0,0.0,0.6931471805599453,Mutual + Dummy,unconscious,unconscious,False,Image,False,7,0,7,0
1695,sub-06,lh-lingual,0.5,0.0,0.0,0.6931471805599453,Mutual + Dummy,unconscious,unconscious,False,Image,False,7,0,10,0
1696,sub-06,lh-lingual,0.5,0.0,0.0,0.6931471805599453,Mutual + Dummy,unconscious,unconscious,False,Image,False,7,0,3,0
1697,sub-06,lh-lingual,0.5,0.0,0.0,0.6931471805599453,Mutual + Dummy,unconscious,unconscious,False,Image,False,7,0,4,0
1698,sub-06,lh-lingual,0.5,0.0,0.0,0.6931471805599453,Mutual + Dummy,unconscious,unconscious,False,Image,False,7,0,12,0
1699,sub-06,lh-lingual,0.5,0.0,0.0,0.6931471805599453,Mutual + Dummy,unconscious,unconscious,False,Image,False,7,0,11,0
1700,sub-06,lh-lingual,0.5,0.0,0.0,0.6931471805599453,Mutual + Dummy,unconscious,unconscious,False,Image,False,7,0,3,0
1701,sub-06,lh-lingual,0.5,0.0,0.0,0.6931471805599453,Mutual + Dummy,unconscious,unconscious,False,Image,False,7,0,5,0
1702,sub-06,lh-lingual,0.5,0.0,0.0,0.6931471805599453,Mutual + Dummy,unconscious,unconscious,False,Image,False,7,0,6,0
1703,sub-06,lh-lingual,0.5,0.0,0.0,0.6931471805599453,Mutual + Dummy,unconscious,unconscious,False,Image,False,7,0,5,0
1704,sub-06,lh-lingual,0.5,0.0,0.0,0.6931471805599453,Mutual + Dummy,unconscious,unconscious,False,Image,False,7,0,11,0
1705,sub-06,lh-lingual,0.5,0.0,0.0,0.6931471805599453,Mutual + Dummy,unconscious,unconscious,False,Image,False,7,0,4,0
1706,sub-06,lh-lingual,0.5,0.0,0.0,0.6931471805599453,Mutual + Dummy,unconscious,unconscious,False,Image,False,7,0,9,0
1707,sub-06,lh-lingual,0.5,0.0,0.0,0.6931471805599453,Mutual + Dummy,unconscious,unconscious,False,Image,False,7,0,9,0
1708,sub-06,lh-lingual,0.5,0.0,0.0,0.6931471805599453,Mutual + Dummy,unconscious,unconscious,False,Image,False,7,0,10,0
1709,sub-06,lh-lingual,0.5,0.0,0.0,0.6931471805599453,Mutual + Dummy,unconscious,unconscious,False,Image,False,7,0,3,0
1710,sub-06,lh-lingual,0.5,0.0,0.0,0.6931471805599453,Mutual + Dummy,unconscious,unconscious,False,Image,False,7,0,10,0
1711,sub-06,lh-lingual,0.5,0.0,0.0,0.6931471805599453,Mutual + Dummy,unconscious,unconscious,False,Image,False,7,0,9,0
1712,sub-06,lh-lingual,0.5,0.0,0.0,0.6931471805599453,Mutual + Dummy,unconscious,unconscious,False,Image,False,7,0,9,0
1713,sub-06,lh-lingual,0.5,0.0,0.0,0.6931471805599453,Mutual + Dummy,unconscious,unconscious,False,Image,False,7,0,11,0
1714,sub-06,lh-lingual,0.5,0.0,0.0,0.6931471805599453,Mutual + Dummy,unconscious,unconscious,False,Image,False,7,0,5,0
1715,sub-06,lh-lingual,0.5,0.0,0.0,0.6931471805599453,Mutual + Dummy,unconscious,unconscious,False,Image,False,7,0,7,0
1716,sub-06,lh-lingual,0.5,0.0,0.0,0.6931471805599453,Mutual + Dummy,unconscious,unconscious,False,Image,False,7,0,13,0
1717,sub-06,lh-lingual,0.5,0.0,0.0,0.6931471805599453,Mutual + Dummy,unconscious,unconscious,False,Image,False,7,0,8,0
1718,sub-06,lh-lingual,0.5,0.0,0.0,0.6931471805599453,Mutual + Dummy,unconscious,unconscious,False,Image,False,7,0,7,0
1719,sub-06,lh-lingual,0.5,0.0,0.0,0.6931471805599453,Mutual + Dummy,unconscious,unconscious,False,Image,False,7,0,2,0
1720,sub-06,lh-lingual,0.5,0.0,0.0,0.6931471805599453,Mutual + Dummy,unconscious,unconscious,False,Image,False,7,0,10,0
1721,sub-06,lh-lingual,0.5,0.0,0.0,0.6931471805599453,Mutual + Dummy,unconscious,unconscious,False,Image,False,7,0,9,0
1722,sub-06,lh-lingual,0.5,0.0,0.0,0.6931471805599453,Mutual + Dummy,unconscious,unconscious,False,Image,False,7,0,5,0
1723,sub-06,lh-lingual,0.5,0.0,0.0,0.6931471805599453,Mutual + Dummy,unconscious,unconscious,False,Image,False,7,0,10,0
1724,sub-06,lh-lingual,0.5,0.0,0.0,0.6931471805599453,Mutual + Dummy,unconscious,unconscious,False,Image,False,7,0,11,0
1725,sub-06,lh-lingual,0.5,0.0,0.0,0.6931471805599453,Mutual + Dummy,unconscious,unconscious,False,Image,False,7,0,3,0
1726,sub-06,lh-lingual,0.5,0.0,0.0,0.6931471805599453,Mutual + Dummy,unconscious,unconscious,False,Image,False,7,0,8,0
1727,sub-06,lh-lingual,0.5,0.0,0.0,0.6931471805599453,Mutual + Dummy,unconscious,unconscious,False,Image,False,7,0,5,0
1728,sub-06,lh-lingual,0.5,0.0,0.0,0.6931471805599453,Mutual + Dummy,unconscious,unconscious,False,Image,False,7,0,7,0
1729,sub-06,lh-lingual,0.5,0.0,0.0,0.6931471805599453,Mutual + Dummy,unconscious,unconscious,False,Image,False,10,0,4,0
1730,sub-06,lh-lingual,0.5,0.0,0.0,0.6931471805599453,Mutual + Dummy,unconscious,unconscious,False,Image,False,10,0,10,0
1731,sub-06,lh-lingual,0.5,0.0,0.0,0.6931471805599453,Mutual + Dummy,unconscious,unconscious,False,Image,False,10,0,8,0
1732,sub-06,lh-lingual,0.5,0.0,0.0,0.6931471805599453,Mutual + Dummy,unconscious,unconscious,False,Image,False,10,0,7,0
1733,sub-06,lh-lingual,0.5,0.0,0.0,0.6931471805599453,Mutual + Dummy,unconscious,unconscious,False,Image,False,10,0,4,0
1734,sub-06,lh-lingual,0.5,0.0,0.0,0.6931471805599453,Mutual + Dummy,unconscious,unconscious,False,Image,False,10,0,8,0
1735,sub-06,lh-lingual,0.5,0.0,0.0,0.6931471805599453,Mutual + Dummy,unconscious,unconscious,False,Image,False,10,0,7,0
1736,sub-06,lh-lingual,0.5,0.0,0.0,0.6931471805599453,Mutual + Dummy,unconscious,unconscious,False,Image,False,10,0,3,0
1737,sub-06,lh-lingual,0.5,0.0,0.0,0.6931471805599453,Mutual + Dummy,unconscious,unconscious,False,Image,False,10,0,5,0
1738,sub-06,lh-lingual,0.5,0.0,0.0,0.6931471805599453,Mutual + Dummy,unconscious,unconscious,False,Image,False,10,0,10,0
1739,sub-06,lh-lingual,0.5,0.0,0.0,0.6931471805599453,Mutual + Dummy,unconscious,unconscious,False,Image,False,10,0,5,0
1740,sub-06,lh-lingual,0.5,0.0,0.0,0.6931471805599453,Mutual + Dummy,unconscious,unconscious,False,Image,False,10,0,7,0
1741,sub-06,lh-lingual,0.5,0.0,0.0,0.6931471805599453,Mutual + Dummy,unconscious,unconscious,False,Image,False,10,0,11,0
1742,sub-06,lh-lingual,0.5,0.0,0.0,0.6931471805599453,Mutual + Dummy,unconscious,unconscious,False,Image,False,10,0,7,0
1743,sub-06,lh-lingual,0.5,0.0,0.0,0.6931471805599453,Mutual + Dummy,unconscious,unconscious,False,Image,False,10,0,10,0
1744,sub-06,lh-lingual,0.5,0.0,0.0,0.6931471805599453,Mutual + Dummy,unconscious,unconscious,False,Image,False,10,0,3,0
1745,sub-06,lh-lingual,0.5,0.0,0.0,0.6931471805599453,Mutual + Dummy,unconscious,unconscious,False,Image,False,10,0,4,0
1746,sub-06,lh-lingual,0.5,0.0,0.0,0.6931471805599453,Mutual + Dummy,unconscious,unconscious,False,Image,False,10,0,12,0
1747,sub-06,lh-lingual,0.5,0.0,0.0,0.6931471805599453,Mutual + Dummy,unconscious,unconscious,False,Image,False,10,0,11,0
1748,sub-06,lh-lingual,0.5,0.0,0.0,0.6931471805599453,Mutual + Dummy,unconscious,unconscious,False,Image,False,10,0,3,0
1749,sub-06,lh-lingual,0.5,0.0,0.0,0.6931471805599453,Mutual + Dummy,unconscious,unconscious,False,Image,False,10,0,5,0
1750,sub-06,lh-lingual,0.5,0.0,0.0,0.6931471805599453,Mutual + Dummy,unconscious,unconscious,False,Image,False,10,0,6,0
1751,sub-06,lh-lingual,0.5,0.0,0.0,0.6931471805599453,Mutual + Dummy,unconscious,unconscious,False,Image,False,10,0,5,0
1752,sub-06,lh-lingual,0.5,0.0,0.0,0.6931471805599453,Mutual + Dummy,unconscious,unconscious,False,Image,False,10,0,11,0
1753,sub-06,lh-lingual,0.5,0.0,0.0,0.6931471805599453,Mutual + Dummy,unconscious,unconscious,False,Image,False,10,0,4,0
1754,sub-06,lh-lingual,0.5,0.0,0.0,0.6931471805599453,Mutual + Dummy,unconscious,unconscious,False,Image,False,10,0,9,0
1755,sub-06,lh-lingual,0.5,0.0,0.0,0.6931471805599453,Mutual + Dummy,unconscious,unconscious,False,Image,False,10,0,9,0
1756,sub-06,lh-lingual,0.5,0.0,0.0,0.6931471805599453,Mutual + Dummy,unconscious,unconscious,False,Image,False,10,0,10,0
1757,sub-06,lh-lingual,0.5,0.0,0.0,0.6931471805599453,Mutual + Dummy,unconscious,unconscious,False,Image,False,10,0,3,0
1758,sub-06,lh-lingual,0.5,0.0,0.0,0.6931471805599453,Mutual + Dummy,unconscious,unconscious,False,Image,False,10,0,10,0
1759,sub-06,lh-lingual,0.5,0.0,0.0,0.6931471805599453,Mutual + Dummy,unconscious,unconscious,False,Image,False,10,0,9,0
1760,sub-06,lh-lingual,0.5,0.0,0.0,0.6931471805599453,Mutual + Dummy,unconscious,unconscious,False,Image,False,10,0,9,0
1761,sub-06,lh-lingual,0.5,0.0,0.0,0.6931471805599453,Mutual + Dummy,unconscious,unconscious,False,Image,False,10,0,11,0
1762,sub-06,lh-lingual,0.5,0.0,0.0,0.6931471805599453,Mutual + Dummy,unconscious,unconscious,False,Image,False,10,0,5,0
1763,sub-06,lh-lingual,0.5,0.0,0.0,0.6931471805599453,Mutual + Dummy,unconscious,unconscious,False,Image,False,10,0,7,0
1764,sub-06,lh-lingual,0.5,0.0,0.0,0.6931471805599453,Mutual + Dummy,unconscious,unconscious,False,Image,False,10,0,13,0
1765,sub-06,lh-lingual,0.5,0.0,0.0,0.6931471805599453,Mutual + Dummy,unconscious,unconscious,False,Image,False,10,0,8,0
1766,sub-06,lh-lingual,0.5,0.0,0.0,0.6931471805599453,Mutual + Dummy,unconscious,unconscious,False,Image,False,10,0,7,0
1767,sub-06,lh-lingual,0.5,0.0,0.0,0.6931471805599453,Mutual + Dummy,unconscious,unconscious,False,Image,False,10,0,2,0
1768,sub-06,lh-lingual,0.5,0.0,0.0,0.6931471805599453,Mutual + Dummy,unconscious,unconscious,False,Image,False,10,0,10,0
1769,sub-06,lh-lingual,0.5,0.0,0.0,0.6931471805599453,Mutual + Dummy,unconscious,unconscious,False,Image,False,10,0,9,0
1770,sub-06,lh-lingual,0.5,0.0,0.0,0.6931471805599453,Mutual + Dummy,unconscious,unconscious,False,Image,False,10,0,5,0
1771,sub-06,lh-lingual,0.5,0.0,0.0,0.6931471805599453,Mutual + Dummy,unconscious,unconscious,False,Image,False,10,0,10,0
1772,sub-06,lh-lingual,0.5,0.0,0.0,0.6931471805599453,Mutual + Dummy,unconscious,unconscious,False,Image,False,10,0,11,0
1773,sub-06,lh-lingual,0.5,0.0,0.0,0.6931471805599453,Mutual + Dummy,unconscious,unconscious,False,Image,False,10,0,3,0
1774,sub-06,lh-lingual,0.5,0.0,0.0,0.6931471805599453,Mutual + Dummy,unconscious,unconscious,False,Image,False,10,0,8,0
1775,sub-06,lh-lingual,0.5,0.0,0.0,0.6931471805599453,Mutual + Dummy,unconscious,unconscious,False,Image,False,10,0,5,0
1776,sub-06,lh-lingual,0.5,0.0,0.0,0.6931471805599453,Mutual + Dummy,unconscious,unconscious,False,Image,False,10,0,7,0
1777,sub-06,lh-lingual,0.5,0.0,0.0,0.6931471805599453,Mutual + Dummy,unconscious,unconscious,False,Image,False,8,0,4,0
1778,sub-06,lh-lingual,0.5,0.0,0.0,0.6931471805599453,Mutual + Dummy,unconscious,unconscious,False,Image,False,8,0,10,0
1779,sub-06,lh-lingual,0.5,0.0,0.0,0.6931471805599453,Mutual + Dummy,unconscious,unconscious,False,Image,False,8,0,8,0
1780,sub-06,lh-lingual,0.5,0.0,0.0,0.6931471805599453,Mutual + Dummy,unconscious,unconscious,False,Image,False,8,0,7,0
1781,sub-06,lh-lingual,0.5,0.0,0.0,0.6931471805599453,Mutual + Dummy,unconscious,unconscious,False,Image,False,8,0,4,0
1782,sub-06,lh-lingual,0.5,0.0,0.0,0.6931471805599453,Mutual + Dummy,unconscious,unconscious,False,Image,False,8,0,8,0
1783,sub-06,lh-lingual,0.5,0.0,0.0,0.6931471805599453,Mutual + Dummy,unconscious,unconscious,False,Image,False,8,0,7,0
1784,sub-06,lh-lingual,0.5,0.0,0.0,0.6931471805599453,Mutual + Dummy,unconscious,unconscious,False,Image,False,8,0,3,0
1785,sub-06,lh-lingual,0.5,0.0,0.0,0.6931471805599453,Mutual + Dummy,unconscious,unconscious,False,Image,False,8,0,5,0
1786,sub-06,lh-lingual,0.5,0.0,0.0,0.6931471805599453,Mutual + Dummy,unconscious,unconscious,False,Image,False,8,0,10,0
1787,sub-06,lh-lingual,0.5,0.0,0.0,0.6931471805599453,Mutual + Dummy,unconscious,unconscious,False,Image,False,8,0,5,0
1788,sub-06,lh-lingual,0.5,0.0,0.0,0.6931471805599453,Mutual + Dummy,unconscious,unconscious,False,Image,False,8,0,7,0
1789,sub-06,lh-lingual,0.5,0.0,0.0,0.6931471805599453,Mutual + Dummy,unconscious,unconscious,False,Image,False,8,0,11,0
1790,sub-06,lh-lingual,0.5,0.0,0.0,0.6931471805599453,Mutual + Dummy,unconscious,unconscious,False,Image,False,8,0,7,0
1791,sub-06,lh-lingual,0.5,0.0,0.0,0.6931471805599453,Mutual + Dummy,unconscious,unconscious,False,Image,False,8,0,10,0
1792,sub-06,lh-lingual,0.5,0.0,0.0,0.6931471805599453,Mutual + Dummy,unconscious,unconscious,False,Image,False,8,0,3,0
1793,sub-06,lh-lingual,0.5,0.0,0.0,0.6931471805599453,Mutual + Dummy,unconscious,unconscious,False,Image,False,8,0,4,0
1794,sub-06,lh-lingual,0.5,0.0,0.0,0.6931471805599453,Mutual + Dummy,unconscious,unconscious,False,Image,False,8,0,12,0
1795,sub-06,lh-lingual,0.5,0.0,0.0,0.6931471805599453,Mutual + Dummy,unconscious,unconscious,False,Image,False,8,0,11,0
1796,sub-06,lh-lingual,0.5,0.0,0.0,0.6931471805599453,Mutual + Dummy,unconscious,unconscious,False,Image,False,8,0,3,0
1797,sub-06,lh-lingual,0.5,0.0,0.0,0.6931471805599453,Mutual + Dummy,unconscious,unconscious,False,Image,False,8,0,5,0
1798,sub-06,lh-lingual,0.5,0.0,0.0,0.6931471805599453,Mutual + Dummy,unconscious,unconscious,False,Image,False,8,0,6,0
1799,sub-06,lh-lingual,0.5,0.0,0.0,0.6931471805599453,Mutual + Dummy,unconscious,unconscious,False,Image,False,8,0,5,0
1800,sub-06,lh-lingual,0.5,0.0,0.0,0.6931471805599453,Mutual + Dummy,unconscious,unconscious,False,Image,False,8,0,11,0
1801,sub-06,lh-lingual,0.5,0.0,0.0,0.6931471805599453,Mutual + Dummy,unconscious,unconscious,False,Image,False,8,0,4,0
1802,sub-06,lh-lingual,0.5,0.0,0.0,0.6931471805599453,Mutual + Dummy,unconscious,unconscious,False,Image,False,8,0,9,0
1803,sub-06,lh-lingual,0.5,0.0,0.0,0.6931471805599453,Mutual + Dummy,unconscious,unconscious,False,Image,False,8,0,9,0
1804,sub-06,lh-lingual,0.5,0.0,0.0,0.6931471805599453,Mutual + Dummy,unconscious,unconscious,False,Image,False,8,0,10,0
1805,sub-06,lh-lingual,0.5,0.0,0.0,0.6931471805599453,Mutual + Dummy,unconscious,unconscious,False,Image,False,8,0,3,0
1806,sub-06,lh-lingual,0.5,0.0,0.0,0.6931471805599453,Mutual + Dummy,unconscious,unconscious,False,Image,False,8,0,10,0
1807,sub-06,lh-lingual,0.5,0.0,0.0,0.6931471805599453,Mutual + Dummy,unconscious,unconscious,False,Image,False,8,0,9,0
1808,sub-06,lh-lingual,0.5,0.0,0.0,0.6931471805599453,Mutual + Dummy,unconscious,unconscious,False,Image,False,8,0,9,0
1809,sub-06,lh-lingual,0.5,0.0,0.0,0.6931471805599453,Mutual + Dummy,unconscious,unconscious,False,Image,False,8,0,11,0
1810,sub-06,lh-lingual,0.5,0.0,0.0,0.6931471805599453,Mutual + Dummy,unconscious,unconscious,False,Image,False,8,0,5,0
1811,sub-06,lh-lingual,0.5,0.0,0.0,0.6931471805599453,Mutual + Dummy,unconscious,unconscious,False,Image,False,8,0,7,0
1812,sub-06,lh-lingual,0.5,0.0,0.0,0.6931471805599453,Mutual + Dummy,unconscious,unconscious,False,Image,False,8,0,13,0
1813,sub-06,lh-lingual,0.5,0.0,0.0,0.6931471805599453,Mutual + Dummy,unconscious,unconscious,False,Image,False,8,0,8,0
1814,sub-06,lh-lingual,0.5,0.0,0.0,0.6931471805599453,Mutual + Dummy,unconscious,unconscious,False,Image,False,8,0,7,0
1815,sub-06,lh-lingual,0.5,0.0,0.0,0.6931471805599453,Mutual + Dummy,unconscious,unconscious,False,Image,False,8,0,2,0
1816,sub-06,lh-lingual,0.5,0.0,0.0,0.6931471805599453,Mutual + Dummy,unconscious,unconscious,False,Image,False,8,0,10,0
1817,sub-06,lh-lingual,0.5,0.0,0.0,0.6931471805599453,Mutual + Dummy,unconscious,unconscious,False,Image,False,8,0,9,0
1818,sub-06,lh-lingual,0.5,0.0,0.0,0.6931471805599453,Mutual + Dummy,unconscious,unconscious,False,Image,False,8,0,5,0
1819,sub-06,lh-lingual,0.5,0.0,0.0,0.6931471805599453,Mutual + Dummy,unconscious,unconscious,False,Image,False,8,0,10,0
1820,sub-06,lh-lingual,0.5,0.0,0.0,0.6931471805599453,Mutual + Dummy,unconscious,unconscious,False,Image,False,8,0,11,0
1821,sub-06,lh-lingual,0.5,0.0,0.0,0.6931471805599453,Mutual + Dummy,unconscious,unconscious,False,Image,False,8,0,3,0
1822,sub-06,lh-lingual,0.5,0.0,0.0,0.6931471805599453,Mutual + Dummy,unconscious,unconscious,False,Image,False,8,0,8,0
1823,sub-06,lh-lingual,0.5,0.0,0.0,0.6931471805599453,Mutual + Dummy,unconscious,unconscious,False,Image,False,8,0,5,0
1824,sub-06,lh-lingual,0.5,0.0,0.0,0.6931471805599453,Mutual + Dummy,unconscious,unconscious,False,Image,False,8,0,7,0
1825,sub-06,lh-lingual,0.5,0.0,0.0,0.6931471805599453,Mutual + Dummy,unconscious,unconscious,False,Image,False,9,0,4,0
1826,sub-06,lh-lingual,0.5,0.0,0.0,0.6931471805599453,Mutual + Dummy,unconscious,unconscious,False,Image,False,9,0,10,0
1827,sub-06,lh-lingual,0.5,0.0,0.0,0.6931471805599453,Mutual + Dummy,unconscious,unconscious,False,Image,False,9,0,8,0
1828,sub-06,lh-lingual,0.5,0.0,0.0,0.6931471805599453,Mutual + Dummy,unconscious,unconscious,False,Image,False,9,0,7,0
1829,sub-06,lh-lingual,0.5,0.0,0.0,0.6931471805599453,Mutual + Dummy,unconscious,unconscious,False,Image,False,9,0,4,0
1830,sub-06,lh-lingual,0.5,0.0,0.0,0.6931471805599453,Mutual + Dummy,unconscious,unconscious,False,Image,False,9,0,8,0
1831,sub-06,lh-lingual,0.5,0.0,0.0,0.6931471805599453,Mutual + Dummy,unconscious,unconscious,False,Image,False,9,0,7,0
1832,sub-06,lh-lingual,0.5,0.0,0.0,0.6931471805599453,Mutual + Dummy,unconscious,unconscious,False,Image,False,9,0,3,0
1833,sub-06,lh-lingual,0.5,0.0,0.0,0.6931471805599453,Mutual + Dummy,unconscious,unconscious,False,Image,False,9,0,5,0
1834,sub-06,lh-lingual,0.5,0.0,0.0,0.6931471805599453,Mutual + Dummy,unconscious,unconscious,False,Image,False,9,0,10,0
1835,sub-06,lh-lingual,0.5,0.0,0.0,0.6931471805599453,Mutual + Dummy,unconscious,unconscious,False,Image,False,9,0,5,0
1836,sub-06,lh-lingual,0.5,0.0,0.0,0.6931471805599453,Mutual + Dummy,unconscious,unconscious,False,Image,False,9,0,7,0
1837,sub-06,lh-lingual,0.5,0.0,0.0,0.6931471805599453,Mutual + Dummy,unconscious,unconscious,False,Image,False,9,0,11,0
1838,sub-06,lh-lingual,0.5,0.0,0.0,0.6931471805599453,Mutual + Dummy,unconscious,unconscious,False,Image,False,9,0,7,0
1839,sub-06,lh-lingual,0.5,0.0,0.0,0.6931471805599453,Mutual + Dummy,unconscious,unconscious,False,Image,False,9,0,10,0
1840,sub-06,lh-lingual,0.5,0.0,0.0,0.6931471805599453,Mutual + Dummy,unconscious,unconscious,False,Image,False,9,0,3,0
1841,sub-06,lh-lingual,0.5,0.0,0.0,0.6931471805599453,Mutual + Dummy,unconscious,unconscious,False,Image,False,9,0,4,0
1842,sub-06,lh-lingual,0.5,0.0,0.0,0.6931471805599453,Mutual + Dummy,unconscious,unconscious,False,Image,False,9,0,12,0
1843,sub-06,lh-lingual,0.5,0.0,0.0,0.6931471805599453,Mutual + Dummy,unconscious,unconscious,False,Image,False,9,0,11,0
1844,sub-06,lh-lingual,0.5,0.0,0.0,0.6931471805599453,Mutual + Dummy,unconscious,unconscious,False,Image,False,9,0,3,0
1845,sub-06,lh-lingual,0.5,0.0,0.0,0.6931471805599453,Mutual + Dummy,unconscious,unconscious,False,Image,False,9,0,5,0
1846,sub-06,lh-lingual,0.5,0.0,0.0,0.6931471805599453,Mutual + Dummy,unconscious,unconscious,False,Image,False,9,0,6,0
1847,sub-06,lh-lingual,0.5,0.0,0.0,0.6931471805599453,Mutual + Dummy,unconscious,unconscious,False,Image,False,9,0,5,0
1848,sub-06,lh-lingual,0.5,0.0,0.0,0.6931471805599453,Mutual + Dummy,unconscious,unconscious,False,Image,False,9,0,11,0
1849,sub-06,lh-lingual,0.5,0.0,0.0,0.6931471805599453,Mutual + Dummy,unconscious,unconscious,False,Image,False,9,0,4,0
1850,sub-06,lh-lingual,0.5,0.0,0.0,0.6931471805599453,Mutual + Dummy,unconscious,unconscious,False,Image,False,9,0,9,0
1851,sub-06,lh-lingual,0.5,0.0,0.0,0.6931471805599453,Mutual + Dummy,unconscious,unconscious,False,Image,False,9,0,9,0
1852,sub-06,lh-lingual,0.5,0.0,0.0,0.6931471805599453,Mutual + Dummy,unconscious,unconscious,False,Image,False,9,0,10,0
1853,sub-06,lh-lingual,0.5,0.0,0.0,0.6931471805599453,Mutual + Dummy,unconscious,unconscious,False,Image,False,9,0,3,0
1854,sub-06,lh-lingual,0.5,0.0,0.0,0.6931471805599453,Mutual + Dummy,unconscious,unconscious,False,Image,False,9,0,10,0
1855,sub-06,lh-lingual,0.5,0.0,0.0,0.6931471805599453,Mutual + Dummy,unconscious,unconscious,False,Image,False,9,0,9,0
1856,sub-06,lh-lingual,0.5,0.0,0.0,0.6931471805599453,Mutual + Dummy,unconscious,unconscious,False,Image,False,9,0,9,0
1857,sub-06,lh-lingual,0.5,0.0,0.0,0.6931471805599453,Mutual + Dummy,unconscious,unconscious,False,Image,False,9,0,11,0
1858,sub-06,lh-lingual,0.5,0.0,0.0,0.6931471805599453,Mutual + Dummy,unconscious,unconscious,False,Image,False,9,0,5,0
1859,sub-06,lh-lingual,0.5,0.0,0.0,0.6931471805599453,Mutual + Dummy,unconscious,unconscious,False,Image,False,9,0,7,0
1860,sub-06,lh-lingual,0.5,0.0,0.0,0.6931471805599453,Mutual + Dummy,unconscious,unconscious,False,Image,False,9,0,13,0
1861,sub-06,lh-lingual,0.5,0.0,0.0,0.6931471805599453,Mutual + Dummy,unconscious,unconscious,False,Image,False,9,0,8,0
1862,sub-06,lh-lingual,0.5,0.0,0.0,0.6931471805599453,Mutual + Dummy,unconscious,unconscious,False,Image,False,9,0,7,0
1863,sub-06,lh-lingual,0.5,0.0,0.0,0.6931471805599453,Mutual + Dummy,unconscious,unconscious,False,Image,False,9,0,2,0
1864,sub-06,lh-lingual,0.5,0.0,0.0,0.6931471805599453,Mutual + Dummy,unconscious,unconscious,False,Image,False,9,0,10,0
1865,sub-06,lh-lingual,0.5,0.0,0.0,0.6931471805599453,Mutual + Dummy,unconscious,unconscious,False,Image,False,9,0,9,0
1866,sub-06,lh-lingual,0.5,0.0,0.0,0.6931471805599453,Mutual + Dummy,unconscious,unconscious,False,Image,False,9,0,5,0
1867,sub-06,lh-lingual,0.5,0.0,0.0,0.6931471805599453,Mutual + Dummy,unconscious,unconscious,False,Image,False,9,0,10,0
1868,sub-06,lh-lingual,0.5,0.0,0.0,0.6931471805599453,Mutual + Dummy,unconscious,unconscious,False,Image,False,9,0,11,0
1869,sub-06,lh-lingual,0.5,0.0,0.0,0.6931471805599453,Mutual + Dummy,unconscious,unconscious,False,Image,False,9,0,3,0
1870,sub-06,lh-lingual,0.5,0.0,0.0,0.6931471805599453,Mutual + Dummy,unconscious,unconscious,False,Image,False,9,0,8,0
1871,sub-06,lh-lingual,0.5,0.0,0.0,0.6931471805599453,Mutual + Dummy,unconscious,unconscious,False,Image,False,9,0,5,0
1872,sub-06,lh-lingual,0.5,0.0,0.0,0.6931471805599453,Mutual + Dummy,unconscious,unconscious,False,Image,False,9,0,7,0
1873,sub-06,lh-lingual,0.5,0.0,0.0,0.6931471805599453,Mutual + Dummy,unconscious,unconscious,False,Image,False,8,0,4,0
1874,sub-06,lh-lingual,0.5,0.0,0.0,0.6931471805599453,Mutual + Dummy,unconscious,unconscious,False,Image,False,8,0,10,0
1875,sub-06,lh-lingual,0.5,0.0,0.0,0.6931471805599453,Mutual + Dummy,unconscious,unconscious,False,Image,False,8,0,8,0
1876,sub-06,lh-lingual,0.5,0.0,0.0,0.6931471805599453,Mutual + Dummy,unconscious,unconscious,False,Image,False,8,0,7,0
1877,sub-06,lh-lingual,0.5,0.0,0.0,0.6931471805599453,Mutual + Dummy,unconscious,unconscious,False,Image,False,8,0,4,0
1878,sub-06,lh-lingual,0.5,0.0,0.0,0.6931471805599453,Mutual + Dummy,unconscious,unconscious,False,Image,False,8,0,8,0
1879,sub-06,lh-lingual,0.5,0.0,0.0,0.6931471805599453,Mutual + Dummy,unconscious,unconscious,False,Image,False,8,0,7,0
1880,sub-06,lh-lingual,0.5,0.0,0.0,0.6931471805599453,Mutual + Dummy,unconscious,unconscious,False,Image,False,8,0,3,0
1881,sub-06,lh-lingual,0.5,0.0,0.0,0.6931471805599453,Mutual + Dummy,unconscious,unconscious,False,Image,False,8,0,5,0
1882,sub-06,lh-lingual,0.5,0.0,0.0,0.6931471805599453,Mutual + Dummy,unconscious,unconscious,False,Image,False,8,0,10,0
1883,sub-06,lh-lingual,0.5,0.0,0.0,0.6931471805599453,Mutual + Dummy,unconscious,unconscious,False,Image,False,8,0,5,0
1884,sub-06,lh-lingual,0.5,0.0,0.0,0.6931471805599453,Mutual + Dummy,unconscious,unconscious,False,Image,False,8,0,7,0
1885,sub-06,lh-lingual,0.5,0.0,0.0,0.6931471805599453,Mutual + Dummy,unconscious,unconscious,False,Image,False,8,0,11,0
1886,sub-06,lh-lingual,0.5,0.0,0.0,0.6931471805599453,Mutual + Dummy,unconscious,unconscious,False,Image,False,8,0,7,0
1887,sub-06,lh-lingual,0.5,0.0,0.0,0.6931471805599453,Mutual + Dummy,unconscious,unconscious,False,Image,False,8,0,10,0
1888,sub-06,lh-lingual,0.5,0.0,0.0,0.6931471805599453,Mutual + Dummy,unconscious,unconscious,False,Image,False,8,0,3,0
1889,sub-06,lh-lingual,0.5,0.0,0.0,0.6931471805599453,Mutual + Dummy,unconscious,unconscious,False,Image,False,8,0,4,0
1890,sub-06,lh-lingual,0.5,0.0,0.0,0.6931471805599453,Mutual + Dummy,unconscious,unconscious,False,Image,False,8,0,12,0
1891,sub-06,lh-lingual,0.5,0.0,0.0,0.6931471805599453,Mutual + Dummy,unconscious,unconscious,False,Image,False,8,0,11,0
1892,sub-06,lh-lingual,0.5,0.0,0.0,0.6931471805599453,Mutual + Dummy,unconscious,unconscious,False,Image,False,8,0,3,0
1893,sub-06,lh-lingual,0.5,0.0,0.0,0.6931471805599453,Mutual + Dummy,unconscious,unconscious,False,Image,False,8,0,5,0
1894,sub-06,lh-lingual,0.5,0.0,0.0,0.6931471805599453,Mutual + Dummy,unconscious,unconscious,False,Image,False,8,0,6,0
1895,sub-06,lh-lingual,0.5,0.0,0.0,0.6931471805599453,Mutual + Dummy,unconscious,unconscious,False,Image,False,8,0,5,0
1896,sub-06,lh-lingual,0.5,0.0,0.0,0.6931471805599453,Mutual + Dummy,unconscious,unconscious,False,Image,False,8,0,11,0
1897,sub-06,lh-lingual,0.5,0.0,0.0,0.6931471805599453,Mutual + Dummy,unconscious,unconscious,False,Image,False,8,0,4,0
1898,sub-06,lh-lingual,0.5,0.0,0.0,0.6931471805599453,Mutual + Dummy,unconscious,unconscious,False,Image,False,8,0,9,0
1899,sub-06,lh-lingual,0.5,0.0,0.0,0.6931471805599453,Mutual + Dummy,unconscious,unconscious,False,Image,False,8,0,9,0
1900,sub-06,lh-lingual,0.5,0.0,0.0,0.6931471805599453,Mutual + Dummy,unconscious,unconscious,False,Image,False,8,0,10,0
1901,sub-06,lh-lingual,0.5,0.0,0.0,0.6931471805599453,Mutual + Dummy,unconscious,unconscious,False,Image,False,8,0,3,0
1902,sub-06,lh-lingual,0.5,0.0,0.0,0.6931471805599453,Mutual + Dummy,unconscious,unconscious,False,Image,False,8,0,10,0
1903,sub-06,lh-lingual,0.5,0.0,0.0,0.6931471805599453,Mutual + Dummy,unconscious,unconscious,False,Image,False,8,0,9,0
1904,sub-06,lh-lingual,0.5,0.0,0.0,0.6931471805599453,Mutual + Dummy,unconscious,unconscious,False,Image,False,8,0,9,0
1905,sub-06,lh-lingual,0.5,0.0,0.0,0.6931471805599453,Mutual + Dummy,unconscious,unconscious,False,Image,False,8,0,11,0
1906,sub-06,lh-lingual,0.5,0.0,0.0,0.6931471805599453,Mutual + Dummy,unconscious,unconscious,False,Image,False,8,0,5,0
1907,sub-06,lh-lingual,0.5,0.0,0.0,0.6931471805599453,Mutual + Dummy,unconscious,unconscious,False,Image,False,8,0,7,0
1908,sub-06,lh-lingual,0.5,0.0,0.0,0.6931471805599453,Mutual + Dummy,unconscious,unconscious,False,Image,False,8,0,13,0
1909,sub-06,lh-lingual,0.5,0.0,0.0,0.6931471805599453,Mutual + Dummy,unconscious,unconscious,False,Image,False,8,0,8,0
1910,sub-06,lh-lingual,0.5,0.0,0.0,0.6931471805599453,Mutual + Dummy,unconscious,unconscious,False,Image,False,8,0,7,0
1911,sub-06,lh-lingual,0.5,0.0,0.0,0.6931471805599453,Mutual + Dummy,unconscious,unconscious,False,Image,False,8,0,2,0
1912,sub-06,lh-lingual,0.5,0.0,0.0,0.6931471805599453,Mutual + Dummy,unconscious,unconscious,False,Image,False,8,0,10,0
1913,sub-06,lh-lingual,0.5,0.0,0.0,0.6931471805599453,Mutual + Dummy,unconscious,unconscious,False,Image,False,8,0,9,0
1914,sub-06,lh-lingual,0.5,0.0,0.0,0.6931471805599453,Mutual + Dummy,unconscious,unconscious,False,Image,False,8,0,5,0
1915,sub-06,lh-lingual,0.5,0.0,0.0,0.6931471805599453,Mutual + Dummy,unconscious,unconscious,False,Image,False,8,0,10,0
1916,sub-06,lh-lingual,0.5,0.0,0.0,0.6931471805599453,Mutual + Dummy,unconscious,unconscious,False,Image,False,8,0,11,0
1917,sub-06,lh-lingual,0.5,0.0,0.0,0.6931471805599453,Mutual + Dummy,unconscious,unconscious,False,Image,False,8,0,3,0
1918,sub-06,lh-lingual,0.5,0.0,0.0,0.6931471805599453,Mutual + Dummy,unconscious,unconscious,False,Image,False,8,0,8,0
1919,sub-06,lh-lingual,0.5,0.0,0.0,0.6931471805599453,Mutual + Dummy,unconscious,unconscious,False,Image,False,8,0,5,0
1920,sub-06,lh-lingual,0.5,0.0,0.0,0.6931471805599453,Mutual + Dummy,unconscious,unconscious,False,Image,False,8,0,7,0
1921,sub-06,lh-lingual,0.5,0.0,0.0,0.6931471805599453,Mutual + Dummy,unconscious,unconscious,False,Image,False,10,0,4,0
1922,sub-06,lh-lingual,0.5,0.0,0.0,0.6931471805599453,Mutual + Dummy,unconscious,unconscious,False,Image,False,10,0,10,0
1923,sub-06,lh-lingual,0.5,0.0,0.0,0.6931471805599453,Mutual + Dummy,unconscious,unconscious,False,Image,False,10,0,8,0
1924,sub-06,lh-lingual,0.5,0.0,0.0,0.6931471805599453,Mutual + Dummy,unconscious,unconscious,False,Image,False,10,0,7,0
1925,sub-06,lh-lingual,0.5,0.0,0.0,0.6931471805599453,Mutual + Dummy,unconscious,unconscious,False,Image,False,10,0,4,0
1926,sub-06,lh-lingual,0.5,0.0,0.0,0.6931471805599453,Mutual + Dummy,unconscious,unconscious,False,Image,False,10,0,8,0
1927,sub-06,lh-lingual,0.5,0.0,0.0,0.6931471805599453,Mutual + Dummy,unconscious,unconscious,False,Image,False,10,0,7,0
1928,sub-06,lh-lingual,0.5,0.0,0.0,0.6931471805599453,Mutual + Dummy,unconscious,unconscious,False,Image,False,10,0,3,0
1929,sub-06,lh-lingual,0.5,0.0,0.0,0.6931471805599453,Mutual + Dummy,unconscious,unconscious,False,Image,False,10,0,5,0
1930,sub-06,lh-lingual,0.5,0.0,0.0,0.6931471805599453,Mutual + Dummy,unconscious,unconscious,False,Image,False,10,0,10,0
1931,sub-06,lh-lingual,0.5,0.0,0.0,0.6931471805599453,Mutual + Dummy,unconscious,unconscious,False,Image,False,10,0,5,0
1932,sub-06,lh-lingual,0.5,0.0,0.0,0.6931471805599453,Mutual + Dummy,unconscious,unconscious,False,Image,False,10,0,7,0
1933,sub-06,lh-lingual,0.5,0.0,0.0,0.6931471805599453,Mutual + Dummy,unconscious,unconscious,False,Image,False,10,0,11,0
1934,sub-06,lh-lingual,0.5,0.0,0.0,0.6931471805599453,Mutual + Dummy,unconscious,unconscious,False,Image,False,10,0,7,0
1935,sub-06,lh-lingual,0.5,0.0,0.0,0.6931471805599453,Mutual + Dummy,unconscious,unconscious,False,Image,False,10,0,10,0
1936,sub-06,lh-lingual,0.5,0.0,0.0,0.6931471805599453,Mutual + Dummy,unconscious,unconscious,False,Image,False,10,0,3,0
1937,sub-06,lh-lingual,0.5,0.0,0.0,0.6931471805599453,Mutual + Dummy,unconscious,unconscious,False,Image,False,10,0,4,0
1938,sub-06,lh-lingual,0.5,0.0,0.0,0.6931471805599453,Mutual + Dummy,unconscious,unconscious,False,Image,False,10,0,12,0
1939,sub-06,lh-lingual,0.5,0.0,0.0,0.6931471805599453,Mutual + Dummy,unconscious,unconscious,False,Image,False,10,0,11,0
1940,sub-06,lh-lingual,0.5,0.0,0.0,0.6931471805599453,Mutual + Dummy,unconscious,unconscious,False,Image,False,10,0,3,0
1941,sub-06,lh-lingual,0.5,0.0,0.0,0.6931471805599453,Mutual + Dummy,unconscious,unconscious,False,Image,False,10,0,5,0
1942,sub-06,lh-lingual,0.5,0.0,0.0,0.6931471805599453,Mutual + Dummy,unconscious,unconscious,False,Image,False,10,0,6,0
1943,sub-06,lh-lingual,0.5,0.0,0.0,0.6931471805599453,Mutual + Dummy,unconscious,unconscious,False,Image,False,10,0,5,0
1944,sub-06,lh-lingual,0.5,0.0,0.0,0.6931471805599453,Mutual + Dummy,unconscious,unconscious,False,Image,False,10,0,11,0
1945,sub-06,lh-lingual,0.5,0.0,0.0,0.6931471805599453,Mutual + Dummy,unconscious,unconscious,False,Image,False,10,0,4,0
1946,sub-06,lh-lingual,0.5,0.0,0.0,0.6931471805599453,Mutual + Dummy,unconscious,unconscious,False,Image,False,10,0,9,0
1947,sub-06,lh-lingual,0.5,0.0,0.0,0.6931471805599453,Mutual + Dummy,unconscious,unconscious,False,Image,False,10,0,9,0
1948,sub-06,lh-lingual,0.5,0.0,0.0,0.6931471805599453,Mutual + Dummy,unconscious,unconscious,False,Image,False,10,0,10,0
1949,sub-06,lh-lingual,0.5,0.0,0.0,0.6931471805599453,Mutual + Dummy,unconscious,unconscious,False,Image,False,10,0,3,0
1950,sub-06,lh-lingual,0.5,0.0,0.0,0.6931471805599453,Mutual + Dummy,unconscious,unconscious,False,Image,False,10,0,10,0
1951,sub-06,lh-lingual,0.5,0.0,0.0,0.6931471805599453,Mutual + Dummy,unconscious,unconscious,False,Image,False,10,0,9,0
1952,sub-06,lh-lingual,0.5,0.0,0.0,0.6931471805599453,Mutual + Dummy,unconscious,unconscious,False,Image,False,10,0,9,0
1953,sub-06,lh-lingual,0.5,0.0,0.0,0.6931471805599453,Mutual + Dummy,unconscious,unconscious,False,Image,False,10,0,11,0
1954,sub-06,lh-lingual,0.5,0.0,0.0,0.6931471805599453,Mutual + Dummy,unconscious,unconscious,False,Image,False,10,0,5,0
1955,sub-06,lh-lingual,0.5,0.0,0.0,0.6931471805599453,Mutual + Dummy,unconscious,unconscious,False,Image,False,10,0,7,0
1956,sub-06,lh-lingual,0.5,0.0,0.0,0.6931471805599453,Mutual + Dummy,unconscious,unconscious,False,Image,False,10,0,13,0
1957,sub-06,lh-lingual,0.5,0.0,0.0,0.6931471805599453,Mutual + Dummy,unconscious,unconscious,False,Image,False,10,0,8,0
1958,sub-06,lh-lingual,0.5,0.0,0.0,0.6931471805599453,Mutual + Dummy,unconscious,unconscious,False,Image,False,10,0,7,0
1959,sub-06,lh-lingual,0.5,0.0,0.0,0.6931471805599453,Mutual + Dummy,unconscious,unconscious,False,Image,False,10,0,2,0
1960,sub-06,lh-lingual,0.5,0.0,0.0,0.6931471805599453,Mutual + Dummy,unconscious,unconscious,False,Image,False,10,0,10,0
1961,sub-06,lh-lingual,0.5,0.0,0.0,0.6931471805599453,Mutual + Dummy,unconscious,unconscious,False,Image,False,10,0,9,0
1962,sub-06,lh-lingual,0.5,0.0,0.0,0.6931471805599453,Mutual + Dummy,unconscious,unconscious,False,Image,False,10,0,5,0
1963,sub-06,lh-lingual,0.5,0.0,0.0,0.6931471805599453,Mutual + Dummy,unconscious,unconscious,False,Image,False,10,0,10,0
1964,sub-06,lh-lingual,0.5,0.0,0.0,0.6931471805599453,Mutual + Dummy,unconscious,unconscious,False,Image,False,10,0,11,0
1965,sub-06,lh-lingual,0.5,0.0,0.0,0.6931471805599453,Mutual + Dummy,unconscious,unconscious,False,Image,False,10,0,3,0
1966,sub-06,lh-lingual,0.5,0.0,0.0,0.6931471805599453,Mutual + Dummy,unconscious,unconscious,False,Image,False,10,0,8,0
1967,sub-06,lh-lingual,0.5,0.0,0.0,0.6931471805599453,Mutual + Dummy,unconscious,unconscious,False,Image,False,10,0,5,0
1968,sub-06,lh-lingual,0.5,0.0,0.0,0.6931471805599453,Mutual + Dummy,unconscious,unconscious,False,Image,False,10,0,7,0
1969,sub-06,lh-lingual,0.5,0.0,0.0,0.6931471805599453,Mutual + Dummy,unconscious,unconscious,False,Image,False,8,0,4,0
1970,sub-06,lh-lingual,0.5,0.0,0.0,0.6931471805599453,Mutual + Dummy,unconscious,unconscious,False,Image,False,8,0,10,0
1971,sub-06,lh-lingual,0.5,0.0,0.0,0.6931471805599453,Mutual + Dummy,unconscious,unconscious,False,Image,False,8,0,8,0
1972,sub-06,lh-lingual,0.5,0.0,0.0,0.6931471805599453,Mutual + Dummy,unconscious,unconscious,False,Image,False,8,0,7,0
1973,sub-06,lh-lingual,0.5,0.0,0.0,0.6931471805599453,Mutual + Dummy,unconscious,unconscious,False,Image,False,8,0,4,0
1974,sub-06,lh-lingual,0.5,0.0,0.0,0.6931471805599453,Mutual + Dummy,unconscious,unconscious,False,Image,False,8,0,8,0
1975,sub-06,lh-lingual,0.5,0.0,0.0,0.6931471805599453,Mutual + Dummy,unconscious,unconscious,False,Image,False,8,0,7,0
1976,sub-06,lh-lingual,0.5,0.0,0.0,0.6931471805599453,Mutual + Dummy,unconscious,unconscious,False,Image,False,8,0,3,0
1977,sub-06,lh-lingual,0.5,0.0,0.0,0.6931471805599453,Mutual + Dummy,unconscious,unconscious,False,Image,False,8,0,5,0
1978,sub-06,lh-lingual,0.5,0.0,0.0,0.6931471805599453,Mutual + Dummy,unconscious,unconscious,False,Image,False,8,0,10,0
1979,sub-06,lh-lingual,0.5,0.0,0.0,0.6931471805599453,Mutual + Dummy,unconscious,unconscious,False,Image,False,8,0,5,0
1980,sub-06,lh-lingual,0.5,0.0,0.0,0.6931471805599453,Mutual + Dummy,unconscious,unconscious,False,Image,False,8,0,7,0
1981,sub-06,lh-lingual,0.5,0.0,0.0,0.6931471805599453,Mutual + Dummy,unconscious,unconscious,False,Image,False,8,0,11,0
1982,sub-06,lh-lingual,0.5,0.0,0.0,0.6931471805599453,Mutual + Dummy,unconscious,unconscious,False,Image,False,8,0,7,0
1983,sub-06,lh-lingual,0.5,0.0,0.0,0.6931471805599453,Mutual + Dummy,unconscious,unconscious,False,Image,False,8,0,10,0
1984,sub-06,lh-lingual,0.5,0.0,0.0,0.6931471805599453,Mutual + Dummy,unconscious,unconscious,False,Image,False,8,0,3,0
1985,sub-06,lh-lingual,0.5,0.0,0.0,0.6931471805599453,Mutual + Dummy,unconscious,unconscious,False,Image,False,8,0,4,0
1986,sub-06,lh-lingual,0.5,0.0,0.0,0.6931471805599453,Mutual + Dummy,unconscious,unconscious,False,Image,False,8,0,12,0
1987,sub-06,lh-lingual,0.5,0.0,0.0,0.6931471805599453,Mutual + Dummy,unconscious,unconscious,False,Image,False,8,0,11,0
1988,sub-06,lh-lingual,0.5,0.0,0.0,0.6931471805599453,Mutual + Dummy,unconscious,unconscious,False,Image,False,8,0,3,0
1989,sub-06,lh-lingual,0.5,0.0,0.0,0.6931471805599453,Mutual + Dummy,unconscious,unconscious,False,Image,False,8,0,5,0
1990,sub-06,lh-lingual,0.5,0.0,0.0,0.6931471805599453,Mutual + Dummy,unconscious,unconscious,False,Image,False,8,0,6,0
1991,sub-06,lh-lingual,0.5,0.0,0.0,0.6931471805599453,Mutual + Dummy,unconscious,unconscious,False,Image,False,8,0,5,0
1992,sub-06,lh-lingual,0.5,0.0,0.0,0.6931471805599453,Mutual + Dummy,unconscious,unconscious,False,Image,False,8,0,11,0
1993,sub-06,lh-lingual,0.5,0.0,0.0,0.6931471805599453,Mutual + Dummy,unconscious,unconscious,False,Image,False,8,0,4,0
1994,sub-06,lh-lingual,0.5,0.0,0.0,0.6931471805599453,Mutual + Dummy,unconscious,unconscious,False,Image,False,8,0,9,0
1995,sub-06,lh-lingual,0.5,0.0,0.0,0.6931471805599453,Mutual + Dummy,unconscious,unconscious,False,Image,False,8,0,9,0
1996,sub-06,lh-lingual,0.5,0.0,0.0,0.6931471805599453,Mutual + Dummy,unconscious,unconscious,False,Image,False,8,0,10,0
1997,sub-06,lh-lingual,0.5,0.0,0.0,0.6931471805599453,Mutual + Dummy,unconscious,unconscious,False,Image,False,8,0,3,0
1998,sub-06,lh-lingual,0.5,0.0,0.0,0.6931471805599453,Mutual + Dummy,unconscious,unconscious,False,Image,False,8,0,10,0
1999,sub-06,lh-lingual,0.5,0.0,0.0,0.6931471805599453,Mutual + Dummy,unconscious,unconscious,False,Image,False,8,0,9,0
2000,sub-06,lh-lingual,0.5,0.0,0.0,0.6931471805599453,Mutual + Dummy,unconscious,unconscious,False,Image,False,8,0,9,0
2001,sub-06,lh-lingual,0.5,0.0,0.0,0.6931471805599453,Mutual + Dummy,unconscious,unconscious,False,Image,False,8,0,11,0
2002,sub-06,lh-lingual,0.5,0.0,0.0,0.6931471805599453,Mutual + Dummy,unconscious,unconscious,False,Image,False,8,0,5,0
2003,sub-06,lh-lingual,0.5,0.0,0.0,0.6931471805599453,Mutual + Dummy,unconscious,unconscious,False,Image,False,8,0,7,0
2004,sub-06,lh-lingual,0.5,0.0,0.0,0.6931471805599453,Mutual + Dummy,unconscious,unconscious,False,Image,False,8,0,13,0
2005,sub-06,lh-lingual,0.5,0.0,0.0,0.6931471805599453,Mutual + Dummy,unconscious,unconscious,False,Image,False,8,0,8,0
2006,sub-06,lh-lingual,0.5,0.0,0.0,0.6931471805599453,Mutual + Dummy,unconscious,unconscious,False,Image,False,8,0,7,0
2007,sub-06,lh-lingual,0.5,0.0,0.0,0.6931471805599453,Mutual + Dummy,unconscious,unconscious,False,Image,False,8,0,2,0
2008,sub-06,lh-lingual,0.5,0.0,0.0,0.6931471805599453,Mutual + Dummy,unconscious,unconscious,False,Image,False,8,0,10,0
2009,sub-06,lh-lingual,0.5,0.0,0.0,0.6931471805599453,Mutual + Dummy,unconscious,unconscious,False,Image,False,8,0,9,0
2010,sub-06,lh-lingual,0.5,0.0,0.0,0.6931471805599453,Mutual + Dummy,unconscious,unconscious,False,Image,False,8,0,5,0
2011,sub-06,lh-lingual,0.5,0.0,0.0,0.6931471805599453,Mutual + Dummy,unconscious,unconscious,False,Image,False,8,0,10,0
2012,sub-06,lh-lingual,0.5,0.0,0.0,0.6931471805599453,Mutual + Dummy,unconscious,unconscious,False,Image,False,8,0,11,0
2013,sub-06,lh-lingual,0.5,0.0,0.0,0.6931471805599453,Mutual + Dummy,unconscious,unconscious,False,Image,False,8,0,3,0
2014,sub-06,lh-lingual,0.5,0.0,0.0,0.6931471805599453,Mutual + Dummy,unconscious,unconscious,False,Image,False,8,0,8,0
2015,sub-06,lh-lingual,0.5,0.0,0.0,0.6931471805599453,Mutual + Dummy,unconscious,unconscious,False,Image,False,8,0,5,0
2016,sub-06,lh-lingual,0.5,0.0,0.0,0.6931471805599453,Mutual + Dummy,unconscious,unconscious,False,Image,False,8,0,7,0
2017,sub-06,lh-lingual,0.5,0.0,0.0,0.6931471805599453,Mutual + Dummy,unconscious,unconscious,False,Image,False,11,0,4,0
2018,sub-06,lh-lingual,0.5,0.0,0.0,0.6931471805599453,Mutual + Dummy,unconscious,unconscious,False,Image,False,11,0,10,0
2019,sub-06,lh-lingual,0.5,0.0,0.0,0.6931471805599453,Mutual + Dummy,unconscious,unconscious,False,Image,False,11,0,8,0
2020,sub-06,lh-lingual,0.5,0.0,0.0,0.6931471805599453,Mutual + Dummy,unconscious,unconscious,False,Image,False,11,0,7,0
2021,sub-06,lh-lingual,0.5,0.0,0.0,0.6931471805599453,Mutual + Dummy,unconscious,unconscious,False,Image,False,11,0,4,0
2022,sub-06,lh-lingual,0.5,0.0,0.0,0.6931471805599453,Mutual + Dummy,unconscious,unconscious,False,Image,False,11,0,8,0
2023,sub-06,lh-lingual,0.5,0.0,0.0,0.6931471805599453,Mutual + Dummy,unconscious,unconscious,False,Image,False,11,0,7,0
2024,sub-06,lh-lingual,0.5,0.0,0.0,0.6931471805599453,Mutual + Dummy,unconscious,unconscious,False,Image,False,11,0,3,0
2025,sub-06,lh-lingual,0.5,0.0,0.0,0.6931471805599453,Mutual + Dummy,unconscious,unconscious,False,Image,False,11,0,5,0
2026,sub-06,lh-lingual,0.5,0.0,0.0,0.6931471805599453,Mutual + Dummy,unconscious,unconscious,False,Image,False,11,0,10,0
2027,sub-06,lh-lingual,0.5,0.0,0.0,0.6931471805599453,Mutual + Dummy,unconscious,unconscious,False,Image,False,11,0,5,0
2028,sub-06,lh-lingual,0.5,0.0,0.0,0.6931471805599453,Mutual + Dummy,unconscious,unconscious,False,Image,False,11,0,7,0
2029,sub-06,lh-lingual,0.5,0.0,0.0,0.6931471805599453,Mutual + Dummy,unconscious,unconscious,False,Image,False,11,0,11,0
2030,sub-06,lh-lingual,0.5,0.0,0.0,0.6931471805599453,Mutual + Dummy,unconscious,unconscious,False,Image,False,11,0,7,0
2031,sub-06,lh-lingual,0.5,0.0,0.0,0.6931471805599453,Mutual + Dummy,unconscious,unconscious,False,Image,False,11,0,10,0
2032,sub-06,lh-lingual,0.5,0.0,0.0,0.6931471805599453,Mutual + Dummy,unconscious,unconscious,False,Image,False,11,0,3,0
2033,sub-06,lh-lingual,0.5,0.0,0.0,0.6931471805599453,Mutual + Dummy,unconscious,unconscious,False,Image,False,11,0,4,0
2034,sub-06,lh-lingual,0.5,0.0,0.0,0.6931471805599453,Mutual + Dummy,unconscious,unconscious,False,Image,False,11,0,12,0
2035,sub-06,lh-lingual,0.5,0.0,0.0,0.6931471805599453,Mutual + Dummy,unconscious,unconscious,False,Image,False,11,0,11,0
2036,sub-06,lh-lingual,0.5,0.0,0.0,0.6931471805599453,Mutual + Dummy,unconscious,unconscious,False,Image,False,11,0,3,0
2037,sub-06,lh-lingual,0.5,0.0,0.0,0.6931471805599453,Mutual + Dummy,unconscious,unconscious,False,Image,False,11,0,5,0
2038,sub-06,lh-lingual,0.5,0.0,0.0,0.6931471805599453,Mutual + Dummy,unconscious,unconscious,False,Image,False,11,0,6,0
2039,sub-06,lh-lingual,0.5,0.0,0.0,0.6931471805599453,Mutual + Dummy,unconscious,unconscious,False,Image,False,11,0,5,0
2040,sub-06,lh-lingual,0.5,0.0,0.0,0.6931471805599453,Mutual + Dummy,unconscious,unconscious,False,Image,False,11,0,11,0
2041,sub-06,lh-lingual,0.5,0.0,0.0,0.6931471805599453,Mutual + Dummy,unconscious,unconscious,False,Image,False,11,0,4,0
2042,sub-06,lh-lingual,0.5,0.0,0.0,0.6931471805599453,Mutual + Dummy,unconscious,unconscious,False,Image,False,11,0,9,0
2043,sub-06,lh-lingual,0.5,0.0,0.0,0.6931471805599453,Mutual + Dummy,unconscious,unconscious,False,Image,False,11,0,9,0
2044,sub-06,lh-lingual,0.5,0.0,0.0,0.6931471805599453,Mutual + Dummy,unconscious,unconscious,False,Image,False,11,0,10,0
2045,sub-06,lh-lingual,0.5,0.0,0.0,0.6931471805599453,Mutual + Dummy,unconscious,unconscious,False,Image,False,11,0,3,0
2046,sub-06,lh-lingual,0.5,0.0,0.0,0.6931471805599453,Mutual + Dummy,unconscious,unconscious,False,Image,False,11,0,10,0
2047,sub-06,lh-lingual,0.5,0.0,0.0,0.6931471805599453,Mutual + Dummy,unconscious,unconscious,False,Image,False,11,0,9,0
2048,sub-06,lh-lingual,0.5,0.0,0.0,0.6931471805599453,Mutual + Dummy,unconscious,unconscious,False,Image,False,11,0,9,0
2049,sub-06,lh-lingual,0.5,0.0,0.0,0.6931471805599453,Mutual + Dummy,unconscious,unconscious,False,Image,False,11,0,11,0
2050,sub-06,lh-lingual,0.5,0.0,0.0,0.6931471805599453,Mutual + Dummy,unconscious,unconscious,False,Image,False,11,0,5,0
2051,sub-06,lh-lingual,0.5,0.0,0.0,0.6931471805599453,Mutual + Dummy,unconscious,unconscious,False,Image,False,11,0,7,0
2052,sub-06,lh-lingual,0.5,0.0,0.0,0.6931471805599453,Mutual + Dummy,unconscious,unconscious,False,Image,False,11,0,13,0
2053,sub-06,lh-lingual,0.5,0.0,0.0,0.6931471805599453,Mutual + Dummy,unconscious,unconscious,False,Image,False,11,0,8,0
2054,sub-06,lh-lingual,0.5,0.0,0.0,0.6931471805599453,Mutual + Dummy,unconscious,unconscious,False,Image,False,11,0,7,0
2055,sub-06,lh-lingual,0.5,0.0,0.0,0.6931471805599453,Mutual + Dummy,unconscious,unconscious,False,Image,False,11,0,2,0
2056,sub-06,lh-lingual,0.5,0.0,0.0,0.6931471805599453,Mutual + Dummy,unconscious,unconscious,False,Image,False,11,0,10,0
2057,sub-06,lh-lingual,0.5,0.0,0.0,0.6931471805599453,Mutual + Dummy,unconscious,unconscious,False,Image,False,11,0,9,0
2058,sub-06,lh-lingual,0.5,0.0,0.0,0.6931471805599453,Mutual + Dummy,unconscious,unconscious,False,Image,False,11,0,5,0
2059,sub-06,lh-lingual,0.5,0.0,0.0,0.6931471805599453,Mutual + Dummy,unconscious,unconscious,False,Image,False,11,0,10,0
2060,sub-06,lh-lingual,0.5,0.0,0.0,0.6931471805599453,Mutual + Dummy,unconscious,unconscious,False,Image,False,11,0,11,0
2061,sub-06,lh-lingual,0.5,0.0,0.0,0.6931471805599453,Mutual + Dummy,unconscious,unconscious,False,Image,False,11,0,3,0
2062,sub-06,lh-lingual,0.5,0.0,0.0,0.6931471805599453,Mutual + Dummy,unconscious,unconscious,False,Image,False,11,0,8,0
2063,sub-06,lh-lingual,0.5,0.0,0.0,0.6931471805599453,Mutual + Dummy,unconscious,unconscious,False,Image,False,11,0,5,0
2064,sub-06,lh-lingual,0.5,0.0,0.0,0.6931471805599453,Mutual + Dummy,unconscious,unconscious,False,Image,False,11,0,7,0
2065,sub-06,lh-lingual,0.5,0.0,0.0,0.6931471805599453,Mutual + Dummy,unconscious,unconscious,False,Image,False,9,0,4,0
2066,sub-06,lh-lingual,0.5,0.0,0.0,0.6931471805599453,Mutual + Dummy,unconscious,unconscious,False,Image,False,9,0,10,0
2067,sub-06,lh-lingual,0.5,0.0,0.0,0.6931471805599453,Mutual + Dummy,unconscious,unconscious,False,Image,False,9,0,8,0
2068,sub-06,lh-lingual,0.5,0.0,0.0,0.6931471805599453,Mutual + Dummy,unconscious,unconscious,False,Image,False,9,0,7,0
2069,sub-06,lh-lingual,0.5,0.0,0.0,0.6931471805599453,Mutual + Dummy,unconscious,unconscious,False,Image,False,9,0,4,0
2070,sub-06,lh-lingual,0.5,0.0,0.0,0.6931471805599453,Mutual + Dummy,unconscious,unconscious,False,Image,False,9,0,8,0
2071,sub-06,lh-lingual,0.5,0.0,0.0,0.6931471805599453,Mutual + Dummy,unconscious,unconscious,False,Image,False,9,0,7,0
2072,sub-06,lh-lingual,0.5,0.0,0.0,0.6931471805599453,Mutual + Dummy,unconscious,unconscious,False,Image,False,9,0,3,0
2073,sub-06,lh-lingual,0.5,0.0,0.0,0.6931471805599453,Mutual + Dummy,unconscious,unconscious,False,Image,False,9,0,5,0
2074,sub-06,lh-lingual,0.5,0.0,0.0,0.6931471805599453,Mutual + Dummy,unconscious,unconscious,False,Image,False,9,0,10,0
2075,sub-06,lh-lingual,0.5,0.0,0.0,0.6931471805599453,Mutual + Dummy,unconscious,unconscious,False,Image,False,9,0,5,0
2076,sub-06,lh-lingual,0.5,0.0,0.0,0.6931471805599453,Mutual + Dummy,unconscious,unconscious,False,Image,False,9,0,7,0
2077,sub-06,lh-lingual,0.5,0.0,0.0,0.6931471805599453,Mutual + Dummy,unconscious,unconscious,False,Image,False,9,0,11,0
2078,sub-06,lh-lingual,0.5,0.0,0.0,0.6931471805599453,Mutual + Dummy,unconscious,unconscious,False,Image,False,9,0,7,0
2079,sub-06,lh-lingual,0.5,0.0,0.0,0.6931471805599453,Mutual + Dummy,unconscious,unconscious,False,Image,False,9,0,10,0
2080,sub-06,lh-lingual,0.5,0.0,0.0,0.6931471805599453,Mutual + Dummy,unconscious,unconscious,False,Image,False,9,0,3,0
2081,sub-06,lh-lingual,0.5,0.0,0.0,0.6931471805599453,Mutual + Dummy,unconscious,unconscious,False,Image,False,9,0,4,0
2082,sub-06,lh-lingual,0.5,0.0,0.0,0.6931471805599453,Mutual + Dummy,unconscious,unconscious,False,Image,False,9,0,12,0
2083,sub-06,lh-lingual,0.5,0.0,0.0,0.6931471805599453,Mutual + Dummy,unconscious,unconscious,False,Image,False,9,0,11,0
2084,sub-06,lh-lingual,0.5,0.0,0.0,0.6931471805599453,Mutual + Dummy,unconscious,unconscious,False,Image,False,9,0,3,0
2085,sub-06,lh-lingual,0.5,0.0,0.0,0.6931471805599453,Mutual + Dummy,unconscious,unconscious,False,Image,False,9,0,5,0
2086,sub-06,lh-lingual,0.5,0.0,0.0,0.6931471805599453,Mutual + Dummy,unconscious,unconscious,False,Image,False,9,0,6,0
2087,sub-06,lh-lingual,0.5,0.0,0.0,0.6931471805599453,Mutual + Dummy,unconscious,unconscious,False,Image,False,9,0,5,0
2088,sub-06,lh-lingual,0.5,0.0,0.0,0.6931471805599453,Mutual + Dummy,unconscious,unconscious,False,Image,False,9,0,11,0
2089,sub-06,lh-lingual,0.5,0.0,0.0,0.6931471805599453,Mutual + Dummy,unconscious,unconscious,False,Image,False,9,0,4,0
2090,sub-06,lh-lingual,0.5,0.0,0.0,0.6931471805599453,Mutual + Dummy,unconscious,unconscious,False,Image,False,9,0,9,0
2091,sub-06,lh-lingual,0.5,0.0,0.0,0.6931471805599453,Mutual + Dummy,unconscious,unconscious,False,Image,False,9,0,9,0
2092,sub-06,lh-lingual,0.5,0.0,0.0,0.6931471805599453,Mutual + Dummy,unconscious,unconscious,False,Image,False,9,0,10,0
2093,sub-06,lh-lingual,0.5,0.0,0.0,0.6931471805599453,Mutual + Dummy,unconscious,unconscious,False,Image,False,9,0,3,0
2094,sub-06,lh-lingual,0.5,0.0,0.0,0.6931471805599453,Mutual + Dummy,unconscious,unconscious,False,Image,False,9,0,10,0
2095,sub-06,lh-lingual,0.5,0.0,0.0,0.6931471805599453,Mutual + Dummy,unconscious,unconscious,False,Image,False,9,0,9,0
2096,sub-06,lh-lingual,0.5,0.0,0.0,0.6931471805599453,Mutual + Dummy,unconscious,unconscious,False,Image,False,9,0,9,0
2097,sub-06,lh-lingual,0.5,0.0,0.0,0.6931471805599453,Mutual + Dummy,unconscious,unconscious,False,Image,False,9,0,11,0
2098,sub-06,lh-lingual,0.5,0.0,0.0,0.6931471805599453,Mutual + Dummy,unconscious,unconscious,False,Image,False,9,0,5,0
2099,sub-06,lh-lingual,0.5,0.0,0.0,0.6931471805599453,Mutual + Dummy,unconscious,unconscious,False,Image,False,9,0,7,0
2100,sub-06,lh-lingual,0.5,0.0,0.0,0.6931471805599453,Mutual + Dummy,unconscious,unconscious,False,Image,False,9,0,13,0
2101,sub-06,lh-lingual,0.5,0.0,0.0,0.6931471805599453,Mutual + Dummy,unconscious,unconscious,False,Image,False,9,0,8,0
2102,sub-06,lh-lingual,0.5,0.0,0.0,0.6931471805599453,Mutual + Dummy,unconscious,unconscious,False,Image,False,9,0,7,0
2103,sub-06,lh-lingual,0.5,0.0,0.0,0.6931471805599453,Mutual + Dummy,unconscious,unconscious,False,Image,False,9,0,2,0
2104,sub-06,lh-lingual,0.5,0.0,0.0,0.6931471805599453,Mutual + Dummy,unconscious,unconscious,False,Image,False,9,0,10,0
2105,sub-06,lh-lingual,0.5,0.0,0.0,0.6931471805599453,Mutual + Dummy,unconscious,unconscious,False,Image,False,9,0,9,0
2106,sub-06,lh-lingual,0.5,0.0,0.0,0.6931471805599453,Mutual + Dummy,unconscious,unconscious,False,Image,False,9,0,5,0
2107,sub-06,lh-lingual,0.5,0.0,0.0,0.6931471805599453,Mutual + Dummy,unconscious,unconscious,False,Image,False,9,0,10,0
2108,sub-06,lh-lingual,0.5,0.0,0.0,0.6931471805599453,Mutual + Dummy,unconscious,unconscious,False,Image,False,9,0,11,0
2109,sub-06,lh-lingual,0.5,0.0,0.0,0.6931471805599453,Mutual + Dummy,unconscious,unconscious,False,Image,False,9,0,3,0
2110,sub-06,lh-lingual,0.5,0.0,0.0,0.6931471805599453,Mutual + Dummy,unconscious,unconscious,False,Image,False,9,0,8,0
2111,sub-06,lh-lingual,0.5,0.0,0.0,0.6931471805599453,Mutual + Dummy,unconscious,unconscious,False,Image,False,9,0,5,0
2112,sub-06,lh-lingual,0.5,0.0,0.0,0.6931471805599453,Mutual + Dummy,unconscious,unconscious,False,Image,False,9,0,7,0
2113,sub-06,lh-lingual,0.5,0.0,0.0,0.6931471805599453,Mutual + Dummy,unconscious,unconscious,False,Image,False,8,0,4,0
2114,sub-06,lh-lingual,0.5,0.0,0.0,0.6931471805599453,Mutual + Dummy,unconscious,unconscious,False,Image,False,8,0,10,0
2115,sub-06,lh-lingual,0.5,0.0,0.0,0.6931471805599453,Mutual + Dummy,unconscious,unconscious,False,Image,False,8,0,8,0
2116,sub-06,lh-lingual,0.5,0.0,0.0,0.6931471805599453,Mutual + Dummy,unconscious,unconscious,False,Image,False,8,0,7,0
2117,sub-06,lh-lingual,0.5,0.0,0.0,0.6931471805599453,Mutual + Dummy,unconscious,unconscious,False,Image,False,8,0,4,0
2118,sub-06,lh-lingual,0.5,0.0,0.0,0.6931471805599453,Mutual + Dummy,unconscious,unconscious,False,Image,False,8,0,8,0
2119,sub-06,lh-lingual,0.5,0.0,0.0,0.6931471805599453,Mutual + Dummy,unconscious,unconscious,False,Image,False,8,0,7,0
2120,sub-06,lh-lingual,0.5,0.0,0.0,0.6931471805599453,Mutual + Dummy,unconscious,unconscious,False,Image,False,8,0,3,0
2121,sub-06,lh-lingual,0.5,0.0,0.0,0.6931471805599453,Mutual + Dummy,unconscious,unconscious,False,Image,False,8,0,5,0
2122,sub-06,lh-lingual,0.5,0.0,0.0,0.6931471805599453,Mutual + Dummy,unconscious,unconscious,False,Image,False,8,0,10,0
2123,sub-06,lh-lingual,0.5,0.0,0.0,0.6931471805599453,Mutual + Dummy,unconscious,unconscious,False,Image,False,8,0,5,0
2124,sub-06,lh-lingual,0.5,0.0,0.0,0.6931471805599453,Mutual + Dummy,unconscious,unconscious,False,Image,False,8,0,7,0
2125,sub-06,lh-lingual,0.5,0.0,0.0,0.6931471805599453,Mutual + Dummy,unconscious,unconscious,False,Image,False,8,0,11,0
2126,sub-06,lh-lingual,0.5,0.0,0.0,0.6931471805599453,Mutual + Dummy,unconscious,unconscious,False,Image,False,8,0,7,0
2127,sub-06,lh-lingual,0.5,0.0,0.0,0.6931471805599453,Mutual + Dummy,unconscious,unconscious,False,Image,False,8,0,10,0
2128,sub-06,lh-lingual,0.5,0.0,0.0,0.6931471805599453,Mutual + Dummy,unconscious,unconscious,False,Image,False,8,0,3,0
2129,sub-06,lh-lingual,0.5,0.0,0.0,0.6931471805599453,Mutual + Dummy,unconscious,unconscious,False,Image,False,8,0,4,0
2130,sub-06,lh-lingual,0.5,0.0,0.0,0.6931471805599453,Mutual + Dummy,unconscious,unconscious,False,Image,False,8,0,12,0
2131,sub-06,lh-lingual,0.5,0.0,0.0,0.6931471805599453,Mutual + Dummy,unconscious,unconscious,False,Image,False,8,0,11,0
2132,sub-06,lh-lingual,0.5,0.0,0.0,0.6931471805599453,Mutual + Dummy,unconscious,unconscious,False,Image,False,8,0,3,0
2133,sub-06,lh-lingual,0.5,0.0,0.0,0.6931471805599453,Mutual + Dummy,unconscious,unconscious,False,Image,False,8,0,5,0
2134,sub-06,lh-lingual,0.5,0.0,0.0,0.6931471805599453,Mutual + Dummy,unconscious,unconscious,False,Image,False,8,0,6,0
2135,sub-06,lh-lingual,0.5,0.0,0.0,0.6931471805599453,Mutual + Dummy,unconscious,unconscious,False,Image,False,8,0,5,0
2136,sub-06,lh-lingual,0.5,0.0,0.0,0.6931471805599453,Mutual + Dummy,unconscious,unconscious,False,Image,False,8,0,11,0
2137,sub-06,lh-lingual,0.5,0.0,0.0,0.6931471805599453,Mutual + Dummy,unconscious,unconscious,False,Image,False,8,0,4,0
2138,sub-06,lh-lingual,0.5,0.0,0.0,0.6931471805599453,Mutual + Dummy,unconscious,unconscious,False,Image,False,8,0,9,0
2139,sub-06,lh-lingual,0.5,0.0,0.0,0.6931471805599453,Mutual + Dummy,unconscious,unconscious,False,Image,False,8,0,9,0
2140,sub-06,lh-lingual,0.5,0.0,0.0,0.6931471805599453,Mutual + Dummy,unconscious,unconscious,False,Image,False,8,0,10,0
2141,sub-06,lh-lingual,0.5,0.0,0.0,0.6931471805599453,Mutual + Dummy,unconscious,unconscious,False,Image,False,8,0,3,0
2142,sub-06,lh-lingual,0.5,0.0,0.0,0.6931471805599453,Mutual + Dummy,unconscious,unconscious,False,Image,False,8,0,10,0
2143,sub-06,lh-lingual,0.5,0.0,0.0,0.6931471805599453,Mutual + Dummy,unconscious,unconscious,False,Image,False,8,0,9,0
2144,sub-06,lh-lingual,0.5,0.0,0.0,0.6931471805599453,Mutual + Dummy,unconscious,unconscious,False,Image,False,8,0,9,0
2145,sub-06,lh-lingual,0.5,0.0,0.0,0.6931471805599453,Mutual + Dummy,unconscious,unconscious,False,Image,False,8,0,11,0
2146,sub-06,lh-lingual,0.5,0.0,0.0,0.6931471805599453,Mutual + Dummy,unconscious,unconscious,False,Image,False,8,0,5,0
2147,sub-06,lh-lingual,0.5,0.0,0.0,0.6931471805599453,Mutual + Dummy,unconscious,unconscious,False,Image,False,8,0,7,0
2148,sub-06,lh-lingual,0.5,0.0,0.0,0.6931471805599453,Mutual + Dummy,unconscious,unconscious,False,Image,False,8,0,13,0
2149,sub-06,lh-lingual,0.5,0.0,0.0,0.6931471805599453,Mutual + Dummy,unconscious,unconscious,False,Image,False,8,0,8,0
2150,sub-06,lh-lingual,0.5,0.0,0.0,0.6931471805599453,Mutual + Dummy,unconscious,unconscious,False,Image,False,8,0,7,0
2151,sub-06,lh-lingual,0.5,0.0,0.0,0.6931471805599453,Mutual + Dummy,unconscious,unconscious,False,Image,False,8,0,2,0
2152,sub-06,lh-lingual,0.5,0.0,0.0,0.6931471805599453,Mutual + Dummy,unconscious,unconscious,False,Image,False,8,0,10,0
2153,sub-06,lh-lingual,0.5,0.0,0.0,0.6931471805599453,Mutual + Dummy,unconscious,unconscious,False,Image,False,8,0,9,0
2154,sub-06,lh-lingual,0.5,0.0,0.0,0.6931471805599453,Mutual + Dummy,unconscious,unconscious,False,Image,False,8,0,5,0
2155,sub-06,lh-lingual,0.5,0.0,0.0,0.6931471805599453,Mutual + Dummy,unconscious,unconscious,False,Image,False,8,0,10,0
2156,sub-06,lh-lingual,0.5,0.0,0.0,0.6931471805599453,Mutual + Dummy,unconscious,unconscious,False,Image,False,8,0,11,0
2157,sub-06,lh-lingual,0.5,0.0,0.0,0.6931471805599453,Mutual + Dummy,unconscious,unconscious,False,Image,False,8,0,3,0
2158,sub-06,lh-lingual,0.5,0.0,0.0,0.6931471805599453,Mutual + Dummy,unconscious,unconscious,False,Image,False,8,0,8,0
2159,sub-06,lh-lingual,0.5,0.0,0.0,0.6931471805599453,Mutual + Dummy,unconscious,unconscious,False,Image,False,8,0,5,0
2160,sub-06,lh-lingual,0.5,0.0,0.0,0.6931471805599453,Mutual + Dummy,unconscious,unconscious,False,Image,False,8,0,7,0
2161,sub-06,lh-lingual,0.5,0.0,0.0,0.6931471805599453,Mutual + Dummy,unconscious,unconscious,False,Image,False,6,0,4,0
2162,sub-06,lh-lingual,0.5,0.0,0.0,0.6931471805599453,Mutual + Dummy,unconscious,unconscious,False,Image,False,6,0,10,0
2163,sub-06,lh-lingual,0.5,0.0,0.0,0.6931471805599453,Mutual + Dummy,unconscious,unconscious,False,Image,False,6,0,8,0
2164,sub-06,lh-lingual,0.5,0.0,0.0,0.6931471805599453,Mutual + Dummy,unconscious,unconscious,False,Image,False,6,0,7,0
2165,sub-06,lh-lingual,0.5,0.0,0.0,0.6931471805599453,Mutual + Dummy,unconscious,unconscious,False,Image,False,6,0,4,0
2166,sub-06,lh-lingual,0.5,0.0,0.0,0.6931471805599453,Mutual + Dummy,unconscious,unconscious,False,Image,False,6,0,8,0
2167,sub-06,lh-lingual,0.5,0.0,0.0,0.6931471805599453,Mutual + Dummy,unconscious,unconscious,False,Image,False,6,0,7,0
2168,sub-06,lh-lingual,0.5,0.0,0.0,0.6931471805599453,Mutual + Dummy,unconscious,unconscious,False,Image,False,6,0,3,0
2169,sub-06,lh-lingual,0.5,0.0,0.0,0.6931471805599453,Mutual + Dummy,unconscious,unconscious,False,Image,False,6,0,5,0
2170,sub-06,lh-lingual,0.5,0.0,0.0,0.6931471805599453,Mutual + Dummy,unconscious,unconscious,False,Image,False,6,0,10,0
2171,sub-06,lh-lingual,0.5,0.0,0.0,0.6931471805599453,Mutual + Dummy,unconscious,unconscious,False,Image,False,6,0,5,0
2172,sub-06,lh-lingual,0.5,0.0,0.0,0.6931471805599453,Mutual + Dummy,unconscious,unconscious,False,Image,False,6,0,7,0
2173,sub-06,lh-lingual,0.5,0.0,0.0,0.6931471805599453,Mutual + Dummy,unconscious,unconscious,False,Image,False,6,0,11,0
2174,sub-06,lh-lingual,0.5,0.0,0.0,0.6931471805599453,Mutual + Dummy,unconscious,unconscious,False,Image,False,6,0,7,0
2175,sub-06,lh-lingual,0.5,0.0,0.0,0.6931471805599453,Mutual + Dummy,unconscious,unconscious,False,Image,False,6,0,10,0
2176,sub-06,lh-lingual,0.5,0.0,0.0,0.6931471805599453,Mutual + Dummy,unconscious,unconscious,False,Image,False,6,0,3,0
2177,sub-06,lh-lingual,0.5,0.0,0.0,0.6931471805599453,Mutual + Dummy,unconscious,unconscious,False,Image,False,6,0,4,0
2178,sub-06,lh-lingual,0.5,0.0,0.0,0.6931471805599453,Mutual + Dummy,unconscious,unconscious,False,Image,False,6,0,12,0
2179,sub-06,lh-lingual,0.5,0.0,0.0,0.6931471805599453,Mutual + Dummy,unconscious,unconscious,False,Image,False,6,0,11,0
2180,sub-06,lh-lingual,0.5,0.0,0.0,0.6931471805599453,Mutual + Dummy,unconscious,unconscious,False,Image,False,6,0,3,0
2181,sub-06,lh-lingual,0.5,0.0,0.0,0.6931471805599453,Mutual + Dummy,unconscious,unconscious,False,Image,False,6,0,5,0
2182,sub-06,lh-lingual,0.5,0.0,0.0,0.6931471805599453,Mutual + Dummy,unconscious,unconscious,False,Image,False,6,0,6,0
2183,sub-06,lh-lingual,0.5,0.0,0.0,0.6931471805599453,Mutual + Dummy,unconscious,unconscious,False,Image,False,6,0,5,0
2184,sub-06,lh-lingual,0.5,0.0,0.0,0.6931471805599453,Mutual + Dummy,unconscious,unconscious,False,Image,False,6,0,11,0
2185,sub-06,lh-lingual,0.5,0.0,0.0,0.6931471805599453,Mutual + Dummy,unconscious,unconscious,False,Image,False,6,0,4,0
2186,sub-06,lh-lingual,0.5,0.0,0.0,0.6931471805599453,Mutual + Dummy,unconscious,unconscious,False,Image,False,6,0,9,0
2187,sub-06,lh-lingual,0.5,0.0,0.0,0.6931471805599453,Mutual + Dummy,unconscious,unconscious,False,Image,False,6,0,9,0
2188,sub-06,lh-lingual,0.5,0.0,0.0,0.6931471805599453,Mutual + Dummy,unconscious,unconscious,False,Image,False,6,0,10,0
2189,sub-06,lh-lingual,0.5,0.0,0.0,0.6931471805599453,Mutual + Dummy,unconscious,unconscious,False,Image,False,6,0,3,0
2190,sub-06,lh-lingual,0.5,0.0,0.0,0.6931471805599453,Mutual + Dummy,unconscious,unconscious,False,Image,False,6,0,10,0
2191,sub-06,lh-lingual,0.5,0.0,0.0,0.6931471805599453,Mutual + Dummy,unconscious,unconscious,False,Image,False,6,0,9,0
2192,sub-06,lh-lingual,0.5,0.0,0.0,0.6931471805599453,Mutual + Dummy,unconscious,unconscious,False,Image,False,6,0,9,0
2193,sub-06,lh-lingual,0.5,0.0,0.0,0.6931471805599453,Mutual + Dummy,unconscious,unconscious,False,Image,False,6,0,11,0
2194,sub-06,lh-lingual,0.5,0.0,0.0,0.6931471805599453,Mutual + Dummy,unconscious,unconscious,False,Image,False,6,0,5,0
2195,sub-06,lh-lingual,0.5,0.0,0.0,0.6931471805599453,Mutual + Dummy,unconscious,unconscious,False,Image,False,6,0,7,0
2196,sub-06,lh-lingual,0.5,0.0,0.0,0.6931471805599453,Mutual + Dummy,unconscious,unconscious,False,Image,False,6,0,13,0
2197,sub-06,lh-lingual,0.5,0.0,0.0,0.6931471805599453,Mutual + Dummy,unconscious,unconscious,False,Image,False,6,0,8,0
2198,sub-06,lh-lingual,0.5,0.0,0.0,0.6931471805599453,Mutual + Dummy,unconscious,unconscious,False,Image,False,6,0,7,0
2199,sub-06,lh-lingual,0.5,0.0,0.0,0.6931471805599453,Mutual + Dummy,unconscious,unconscious,False,Image,False,6,0,2,0
2200,sub-06,lh-lingual,0.5,0.0,0.0,0.6931471805599453,Mutual + Dummy,unconscious,unconscious,False,Image,False,6,0,10,0
2201,sub-06,lh-lingual,0.5,0.0,0.0,0.6931471805599453,Mutual + Dummy,unconscious,unconscious,False,Image,False,6,0,9,0
2202,sub-06,lh-lingual,0.5,0.0,0.0,0.6931471805599453,Mutual + Dummy,unconscious,unconscious,False,Image,False,6,0,5,0
2203,sub-06,lh-lingual,0.5,0.0,0.0,0.6931471805599453,Mutual + Dummy,unconscious,unconscious,False,Image,False,6,0,10,0
2204,sub-06,lh-lingual,0.5,0.0,0.0,0.6931471805599453,Mutual + Dummy,unconscious,unconscious,False,Image,False,6,0,11,0
2205,sub-06,lh-lingual,0.5,0.0,0.0,0.6931471805599453,Mutual + Dummy,unconscious,unconscious,False,Image,False,6,0,3,0
2206,sub-06,lh-lingual,0.5,0.0,0.0,0.6931471805599453,Mutual + Dummy,unconscious,unconscious,False,Image,False,6,0,8,0
2207,sub-06,lh-lingual,0.5,0.0,0.0,0.6931471805599453,Mutual + Dummy,unconscious,unconscious,False,Image,False,6,0,5,0
2208,sub-06,lh-lingual,0.5,0.0,0.0,0.6931471805599453,Mutual + Dummy,unconscious,unconscious,False,Image,False,6,0,7,0
2209,sub-06,lh-lingual,0.5,0.0,0.0,0.6931471805599453,Mutual + Dummy,unconscious,unconscious,False,Image,False,3,0,4,0
2210,sub-06,lh-lingual,0.5,0.0,0.0,0.6931471805599453,Mutual + Dummy,unconscious,unconscious,False,Image,False,3,0,10,0
2211,sub-06,lh-lingual,0.5,0.0,0.0,0.6931471805599453,Mutual + Dummy,unconscious,unconscious,False,Image,False,3,0,8,0
2212,sub-06,lh-lingual,0.5,0.0,0.0,0.6931471805599453,Mutual + Dummy,unconscious,unconscious,False,Image,False,3,0,7,0
2213,sub-06,lh-lingual,0.5,0.0,0.0,0.6931471805599453,Mutual + Dummy,unconscious,unconscious,False,Image,False,3,0,4,0
2214,sub-06,lh-lingual,0.5,0.0,0.0,0.6931471805599453,Mutual + Dummy,unconscious,unconscious,False,Image,False,3,0,8,0
2215,sub-06,lh-lingual,0.5,0.0,0.0,0.6931471805599453,Mutual + Dummy,unconscious,unconscious,False,Image,False,3,0,7,0
2216,sub-06,lh-lingual,0.5,0.0,0.0,0.6931471805599453,Mutual + Dummy,unconscious,unconscious,False,Image,False,3,0,3,0
2217,sub-06,lh-lingual,0.5,0.0,0.0,0.6931471805599453,Mutual + Dummy,unconscious,unconscious,False,Image,False,3,0,5,0
2218,sub-06,lh-lingual,0.5,0.0,0.0,0.6931471805599453,Mutual + Dummy,unconscious,unconscious,False,Image,False,3,0,10,0
2219,sub-06,lh-lingual,0.5,0.0,0.0,0.6931471805599453,Mutual + Dummy,unconscious,unconscious,False,Image,False,3,0,5,0
2220,sub-06,lh-lingual,0.5,0.0,0.0,0.6931471805599453,Mutual + Dummy,unconscious,unconscious,False,Image,False,3,0,7,0
2221,sub-06,lh-lingual,0.5,0.0,0.0,0.6931471805599453,Mutual + Dummy,unconscious,unconscious,False,Image,False,3,0,11,0
2222,sub-06,lh-lingual,0.5,0.0,0.0,0.6931471805599453,Mutual + Dummy,unconscious,unconscious,False,Image,False,3,0,7,0
2223,sub-06,lh-lingual,0.5,0.0,0.0,0.6931471805599453,Mutual + Dummy,unconscious,unconscious,False,Image,False,3,0,10,0
2224,sub-06,lh-lingual,0.5,0.0,0.0,0.6931471805599453,Mutual + Dummy,unconscious,unconscious,False,Image,False,3,0,3,0
2225,sub-06,lh-lingual,0.5,0.0,0.0,0.6931471805599453,Mutual + Dummy,unconscious,unconscious,False,Image,False,3,0,4,0
2226,sub-06,lh-lingual,0.5,0.0,0.0,0.6931471805599453,Mutual + Dummy,unconscious,unconscious,False,Image,False,3,0,12,0
2227,sub-06,lh-lingual,0.5,0.0,0.0,0.6931471805599453,Mutual + Dummy,unconscious,unconscious,False,Image,False,3,0,11,0
2228,sub-06,lh-lingual,0.5,0.0,0.0,0.6931471805599453,Mutual + Dummy,unconscious,unconscious,False,Image,False,3,0,3,0
2229,sub-06,lh-lingual,0.5,0.0,0.0,0.6931471805599453,Mutual + Dummy,unconscious,unconscious,False,Image,False,3,0,5,0
2230,sub-06,lh-lingual,0.5,0.0,0.0,0.6931471805599453,Mutual + Dummy,unconscious,unconscious,False,Image,False,3,0,6,0
2231,sub-06,lh-lingual,0.5,0.0,0.0,0.6931471805599453,Mutual + Dummy,unconscious,unconscious,False,Image,False,3,0,5,0
2232,sub-06,lh-lingual,0.5,0.0,0.0,0.6931471805599453,Mutual + Dummy,unconscious,unconscious,False,Image,False,3,0,11,0
2233,sub-06,lh-lingual,0.5,0.0,0.0,0.6931471805599453,Mutual + Dummy,unconscious,unconscious,False,Image,False,3,0,4,0
2234,sub-06,lh-lingual,0.5,0.0,0.0,0.6931471805599453,Mutual + Dummy,unconscious,unconscious,False,Image,False,3,0,9,0
2235,sub-06,lh-lingual,0.5,0.0,0.0,0.6931471805599453,Mutual + Dummy,unconscious,unconscious,False,Image,False,3,0,9,0
2236,sub-06,lh-lingual,0.5,0.0,0.0,0.6931471805599453,Mutual + Dummy,unconscious,unconscious,False,Image,False,3,0,10,0
2237,sub-06,lh-lingual,0.5,0.0,0.0,0.6931471805599453,Mutual + Dummy,unconscious,unconscious,False,Image,False,3,0,3,0
2238,sub-06,lh-lingual,0.5,0.0,0.0,0.6931471805599453,Mutual + Dummy,unconscious,unconscious,False,Image,False,3,0,10,0
2239,sub-06,lh-lingual,0.5,0.0,0.0,0.6931471805599453,Mutual + Dummy,unconscious,unconscious,False,Image,False,3,0,9,0
2240,sub-06,lh-lingual,0.5,0.0,0.0,0.6931471805599453,Mutual + Dummy,unconscious,unconscious,False,Image,False,3,0,9,0
2241,sub-06,lh-lingual,0.5,0.0,0.0,0.6931471805599453,Mutual + Dummy,unconscious,unconscious,False,Image,False,3,0,11,0
2242,sub-06,lh-lingual,0.5,0.0,0.0,0.6931471805599453,Mutual + Dummy,unconscious,unconscious,False,Image,False,3,0,5,0
2243,sub-06,lh-lingual,0.5,0.0,0.0,0.6931471805599453,Mutual + Dummy,unconscious,unconscious,False,Image,False,3,0,7,0
2244,sub-06,lh-lingual,0.5,0.0,0.0,0.6931471805599453,Mutual + Dummy,unconscious,unconscious,False,Image,False,3,0,13,0
2245,sub-06,lh-lingual,0.5,0.0,0.0,0.6931471805599453,Mutual + Dummy,unconscious,unconscious,False,Image,False,3,0,8,0
2246,sub-06,lh-lingual,0.5,0.0,0.0,0.6931471805599453,Mutual + Dummy,unconscious,unconscious,False,Image,False,3,0,7,0
2247,sub-06,lh-lingual,0.5,0.0,0.0,0.6931471805599453,Mutual + Dummy,unconscious,unconscious,False,Image,False,3,0,2,0
2248,sub-06,lh-lingual,0.5,0.0,0.0,0.6931471805599453,Mutual + Dummy,unconscious,unconscious,False,Image,False,3,0,10,0
2249,sub-06,lh-lingual,0.5,0.0,0.0,0.6931471805599453,Mutual + Dummy,unconscious,unconscious,False,Image,False,3,0,9,0
2250,sub-06,lh-lingual,0.5,0.0,0.0,0.6931471805599453,Mutual + Dummy,unconscious,unconscious,False,Image,False,3,0,5,0
2251,sub-06,lh-lingual,0.5,0.0,0.0,0.6931471805599453,Mutual + Dummy,unconscious,unconscious,False,Image,False,3,0,10,0
2252,sub-06,lh-lingual,0.5,0.0,0.0,0.6931471805599453,Mutual + Dummy,unconscious,unconscious,False,Image,False,3,0,11,0
2253,sub-06,lh-lingual,0.5,0.0,0.0,0.6931471805599453,Mutual + Dummy,unconscious,unconscious,False,Image,False,3,0,3,0
2254,sub-06,lh-lingual,0.5,0.0,0.0,0.6931471805599453,Mutual + Dummy,unconscious,unconscious,False,Image,False,3,0,8,0
2255,sub-06,lh-lingual,0.5,0.0,0.0,0.6931471805599453,Mutual + Dummy,unconscious,unconscious,False,Image,False,3,0,5,0
2256,sub-06,lh-lingual,0.5,0.0,0.0,0.6931471805599453,Mutual + Dummy,unconscious,unconscious,False,Image,False,3,0,7,0
2257,sub-06,lh-lingual,0.5,0.0,0.0,0.6931471805599453,Mutual + Dummy,unconscious,unconscious,False,Image,False,4,0,4,0
2258,sub-06,lh-lingual,0.5,0.0,0.0,0.6931471805599453,Mutual + Dummy,unconscious,unconscious,False,Image,False,4,0,10,0
2259,sub-06,lh-lingual,0.5,0.0,0.0,0.6931471805599453,Mutual + Dummy,unconscious,unconscious,False,Image,False,4,0,8,0
2260,sub-06,lh-lingual,0.5,0.0,0.0,0.6931471805599453,Mutual + Dummy,unconscious,unconscious,False,Image,False,4,0,7,0
2261,sub-06,lh-lingual,0.5,0.0,0.0,0.6931471805599453,Mutual + Dummy,unconscious,unconscious,False,Image,False,4,0,4,0
2262,sub-06,lh-lingual,0.5,0.0,0.0,0.6931471805599453,Mutual + Dummy,unconscious,unconscious,False,Image,False,4,0,8,0
2263,sub-06,lh-lingual,0.5,0.0,0.0,0.6931471805599453,Mutual + Dummy,unconscious,unconscious,False,Image,False,4,0,7,0
2264,sub-06,lh-lingual,0.5,0.0,0.0,0.6931471805599453,Mutual + Dummy,unconscious,unconscious,False,Image,False,4,0,3,0
2265,sub-06,lh-lingual,0.5,0.0,0.0,0.6931471805599453,Mutual + Dummy,unconscious,unconscious,False,Image,False,4,0,5,0
2266,sub-06,lh-lingual,0.5,0.0,0.0,0.6931471805599453,Mutual + Dummy,unconscious,unconscious,False,Image,False,4,0,10,0
2267,sub-06,lh-lingual,0.5,0.0,0.0,0.6931471805599453,Mutual + Dummy,unconscious,unconscious,False,Image,False,4,0,5,0
2268,sub-06,lh-lingual,0.5,0.0,0.0,0.6931471805599453,Mutual + Dummy,unconscious,unconscious,False,Image,False,4,0,7,0
2269,sub-06,lh-lingual,0.5,0.0,0.0,0.6931471805599453,Mutual + Dummy,unconscious,unconscious,False,Image,False,4,0,11,0
2270,sub-06,lh-lingual,0.5,0.0,0.0,0.6931471805599453,Mutual + Dummy,unconscious,unconscious,False,Image,False,4,0,7,0
2271,sub-06,lh-lingual,0.5,0.0,0.0,0.6931471805599453,Mutual + Dummy,unconscious,unconscious,False,Image,False,4,0,10,0
2272,sub-06,lh-lingual,0.5,0.0,0.0,0.6931471805599453,Mutual + Dummy,unconscious,unconscious,False,Image,False,4,0,3,0
2273,sub-06,lh-lingual,0.5,0.0,0.0,0.6931471805599453,Mutual + Dummy,unconscious,unconscious,False,Image,False,4,0,4,0
2274,sub-06,lh-lingual,0.5,0.0,0.0,0.6931471805599453,Mutual + Dummy,unconscious,unconscious,False,Image,False,4,0,12,0
2275,sub-06,lh-lingual,0.5,0.0,0.0,0.6931471805599453,Mutual + Dummy,unconscious,unconscious,False,Image,False,4,0,11,0
2276,sub-06,lh-lingual,0.5,0.0,0.0,0.6931471805599453,Mutual + Dummy,unconscious,unconscious,False,Image,False,4,0,3,0
2277,sub-06,lh-lingual,0.5,0.0,0.0,0.6931471805599453,Mutual + Dummy,unconscious,unconscious,False,Image,False,4,0,5,0
2278,sub-06,lh-lingual,0.5,0.0,0.0,0.6931471805599453,Mutual + Dummy,unconscious,unconscious,False,Image,False,4,0,6,0
2279,sub-06,lh-lingual,0.5,0.0,0.0,0.6931471805599453,Mutual + Dummy,unconscious,unconscious,False,Image,False,4,0,5,0
2280,sub-06,lh-lingual,0.5,0.0,0.0,0.6931471805599453,Mutual + Dummy,unconscious,unconscious,False,Image,False,4,0,11,0
2281,sub-06,lh-lingual,0.5,0.0,0.0,0.6931471805599453,Mutual + Dummy,unconscious,unconscious,False,Image,False,4,0,4,0
2282,sub-06,lh-lingual,0.5,0.0,0.0,0.6931471805599453,Mutual + Dummy,unconscious,unconscious,False,Image,False,4,0,9,0
2283,sub-06,lh-lingual,0.5,0.0,0.0,0.6931471805599453,Mutual + Dummy,unconscious,unconscious,False,Image,False,4,0,9,0
2284,sub-06,lh-lingual,0.5,0.0,0.0,0.6931471805599453,Mutual + Dummy,unconscious,unconscious,False,Image,False,4,0,10,0
2285,sub-06,lh-lingual,0.5,0.0,0.0,0.6931471805599453,Mutual + Dummy,unconscious,unconscious,False,Image,False,4,0,3,0
2286,sub-06,lh-lingual,0.5,0.0,0.0,0.6931471805599453,Mutual + Dummy,unconscious,unconscious,False,Image,False,4,0,10,0
2287,sub-06,lh-lingual,0.5,0.0,0.0,0.6931471805599453,Mutual + Dummy,unconscious,unconscious,False,Image,False,4,0,9,0
2288,sub-06,lh-lingual,0.5,0.0,0.0,0.6931471805599453,Mutual + Dummy,unconscious,unconscious,False,Image,False,4,0,9,0
2289,sub-06,lh-lingual,0.5,0.0,0.0,0.6931471805599453,Mutual + Dummy,unconscious,unconscious,False,Image,False,4,0,11,0
2290,sub-06,lh-lingual,0.5,0.0,0.0,0.6931471805599453,Mutual + Dummy,unconscious,unconscious,False,Image,False,4,0,5,0
2291,sub-06,lh-lingual,0.5,0.0,0.0,0.6931471805599453,Mutual + Dummy,unconscious,unconscious,False,Image,False,4,0,7,0
2292,sub-06,lh-lingual,0.5,0.0,0.0,0.6931471805599453,Mutual + Dummy,unconscious,unconscious,False,Image,False,4,0,13,0
2293,sub-06,lh-lingual,0.5,0.0,0.0,0.6931471805599453,Mutual + Dummy,unconscious,unconscious,False,Image,False,4,0,8,0
2294,sub-06,lh-lingual,0.5,0.0,0.0,0.6931471805599453,Mutual + Dummy,unconscious,unconscious,False,Image,False,4,0,7,0
2295,sub-06,lh-lingual,0.5,0.0,0.0,0.6931471805599453,Mutual + Dummy,unconscious,unconscious,False,Image,False,4,0,2,0
2296,sub-06,lh-lingual,0.5,0.0,0.0,0.6931471805599453,Mutual + Dummy,unconscious,unconscious,False,Image,False,4,0,10,0
2297,sub-06,lh-lingual,0.5,0.0,0.0,0.6931471805599453,Mutual + Dummy,unconscious,unconscious,False,Image,False,4,0,9,0
2298,sub-06,lh-lingual,0.5,0.0,0.0,0.6931471805599453,Mutual + Dummy,unconscious,unconscious,False,Image,False,4,0,5,0
2299,sub-06,lh-lingual,0.5,0.0,0.0,0.6931471805599453,Mutual + Dummy,unconscious,unconscious,False,Image,False,4,0,10,0
2300,sub-06,lh-lingual,0.5,0.0,0.0,0.6931471805599453,Mutual + Dummy,unconscious,unconscious,False,Image,False,4,0,11,0
2301,sub-06,lh-lingual,0.5,0.0,0.0,0.6931471805599453,Mutual + Dummy,unconscious,unconscious,False,Image,False,4,0,3,0
2302,sub-06,lh-lingual,0.5,0.0,0.0,0.6931471805599453,Mutual + Dummy,unconscious,unconscious,False,Image,False,4,0,8,0
2303,sub-06,lh-lingual,0.5,0.0,0.0,0.6931471805599453,Mutual + Dummy,unconscious,unconscious,False,Image,False,4,0,5,0
2304,sub-06,lh-lingual,0.5,0.0,0.0,0.6931471805599453,Mutual + Dummy,unconscious,unconscious,False,Image,False,4,0,7,0
