fold,sub,roi,roc_auc,mattews_correcoef,f1_score,log_loss,model,condition_target,condition_source,flip,language,transfer,tn,tp,fn,fp
1,sub-06,lh-superiorfrontal,0.5625,0.11952286093343936,0.4444444444444445,0.658682840208855,None + Linear-SVM,unconscious,unconscious,False,Image,False,5,2,2,3
2,sub-06,lh-superiorfrontal,0.675,0.325,0.7,0.6819641309198653,None + Linear-SVM,unconscious,unconscious,False,Image,False,5,7,3,3
3,sub-06,lh-superiorfrontal,0.453125,0.0,0.42857142857142855,0.7167465229030578,None + Linear-SVM,unconscious,unconscious,False,Image,False,5,3,5,3
4,sub-06,lh-superiorfrontal,0.625,0.05455447255899809,0.4615384615384615,0.6757806727981527,None + Linear-SVM,unconscious,unconscious,False,Image,False,5,3,4,3
5,sub-06,lh-superiorfrontal,0.6875,0.25,0.5,0.6468183551298138,None + Linear-SVM,unconscious,unconscious,False,Image,False,6,2,2,2
6,sub-06,lh-superiorfrontal,0.65625,0.25,0.625,0.6752796895941096,None + Linear-SVM,unconscious,unconscious,False,Image,False,5,5,3,3
7,sub-06,lh-superiorfrontal,0.6428571428571428,0.3392857142857143,0.6666666666666666,0.679666372744274,None + Linear-SVM,unconscious,unconscious,False,Image,False,5,5,2,3
8,sub-06,lh-superiorfrontal,0.5416666666666666,-0.14907119849998599,0.25,0.6600567363310997,None + Linear-SVM,unconscious,unconscious,False,Image,False,4,1,2,4
9,sub-06,lh-superiorfrontal,0.675,0.21957751641341997,0.5454545454545454,0.6599596760929421,None + Linear-SVM,unconscious,unconscious,False,Image,False,5,3,2,3
10,sub-06,lh-superiorfrontal,0.7,0.22360679774997896,0.631578947368421,0.6859195995892953,None + Linear-SVM,unconscious,unconscious,False,Image,False,5,6,4,3
11,sub-06,lh-superiorfrontal,0.5,0.21957751641341997,0.5454545454545454,0.6725965539820649,None + Linear-SVM,unconscious,unconscious,False,Image,False,5,3,2,3
12,sub-06,lh-superiorfrontal,0.5535714285714286,-0.07142857142857142,0.42857142857142855,0.6908611150090813,None + Linear-SVM,unconscious,unconscious,False,Image,False,4,3,4,4
13,sub-06,lh-superiorfrontal,0.6477272727272727,0.1685499656158105,0.6,0.6894239976060108,None + Linear-SVM,unconscious,unconscious,False,Image,False,5,6,5,3
14,sub-06,lh-superiorfrontal,0.7142857142857143,0.18898223650461363,0.5,0.6580794513686299,None + Linear-SVM,unconscious,unconscious,False,Image,False,6,3,4,2
15,sub-06,lh-superiorfrontal,0.55,0.125,0.5555555555555556,0.7055335971870255,None + Linear-SVM,unconscious,unconscious,False,Image,False,5,5,5,3
16,sub-06,lh-superiorfrontal,0.5833333333333333,-0.03857583749052298,0.28571428571428575,0.6518940773155707,None + Linear-SVM,unconscious,unconscious,False,Image,False,5,1,2,3
17,sub-06,lh-superiorfrontal,0.78125,0.25,0.5,0.6372832405915726,None + Linear-SVM,unconscious,unconscious,False,Image,False,6,2,2,2
18,sub-06,lh-superiorfrontal,0.7083333333333334,0.17118419700436516,0.5263157894736842,0.6876315257049488,None + Linear-SVM,unconscious,unconscious,False,Image,False,6,5,7,2
19,sub-06,lh-superiorfrontal,0.5681818181818181,0.1685499656158105,0.6,0.704670806753288,None + Linear-SVM,unconscious,unconscious,False,Image,False,5,6,5,3
20,sub-06,lh-superiorfrontal,0.625,0.2608745973749754,0.5,0.6449654653407084,None + Linear-SVM,unconscious,unconscious,False,Image,False,5,2,1,3
21,sub-06,lh-superiorfrontal,0.85,0.35,0.6,0.6302439482386263,None + Linear-SVM,unconscious,unconscious,False,Image,False,6,3,2,2
22,sub-06,lh-superiorfrontal,0.5416666666666666,0.0,0.4615384615384615,0.6939352435633099,None + Linear-SVM,unconscious,unconscious,False,Image,False,4,3,3,4
23,sub-06,lh-superiorfrontal,0.575,0.21957751641341997,0.5454545454545454,0.6789435304227467,None + Linear-SVM,unconscious,unconscious,False,Image,False,5,3,2,3
24,sub-06,lh-superiorfrontal,0.4431818181818182,-0.044946657497549475,0.5,0.7246997283245085,None + Linear-SVM,unconscious,unconscious,False,Image,False,4,5,6,4
25,sub-06,lh-superiorfrontal,0.6875,0.11952286093343936,0.4444444444444445,0.6489447831544767,None + Linear-SVM,unconscious,unconscious,False,Image,False,5,2,2,3
26,sub-06,lh-superiorfrontal,0.5972222222222222,0.07042952122737638,0.5,0.6930102007632342,None + Linear-SVM,unconscious,unconscious,False,Image,False,5,4,5,3
27,sub-06,lh-superiorfrontal,0.5555555555555556,0.18055555555555555,0.5882352941176471,0.6921225882619828,None + Linear-SVM,unconscious,unconscious,False,Image,False,5,5,4,3
28,sub-06,lh-superiorfrontal,0.6500000000000001,0.325,0.7,0.686115799535039,None + Linear-SVM,unconscious,unconscious,False,Image,False,5,7,3,3
29,sub-06,lh-superiorfrontal,0.7916666666666667,0.2608745973749754,0.5,0.6414668543052392,None + Linear-SVM,unconscious,unconscious,False,Image,False,5,2,1,3
30,sub-06,lh-superiorfrontal,0.5,0.125,0.5555555555555556,0.7063507668378451,None + Linear-SVM,unconscious,unconscious,False,Image,False,5,5,5,3
31,sub-06,lh-superiorfrontal,0.6666666666666667,0.408491223118783,0.7368421052631577,0.6717437147595087,None + Linear-SVM,unconscious,unconscious,False,Image,False,5,7,2,3
32,sub-06,lh-superiorfrontal,0.625,0.18055555555555555,0.5882352941176471,0.6813719615971683,None + Linear-SVM,unconscious,unconscious,False,Image,False,5,5,4,3
33,sub-06,lh-superiorfrontal,0.6477272727272727,0.1685499656158105,0.6,0.6912473529655175,None + Linear-SVM,unconscious,unconscious,False,Image,False,5,6,5,3
34,sub-06,lh-superiorfrontal,0.5,0.025,0.4000000000000001,0.6763384076742092,None + Linear-SVM,unconscious,unconscious,False,Image,False,5,2,3,3
35,sub-06,lh-superiorfrontal,0.5714285714285714,0.05455447255899809,0.4615384615384615,0.6818561239476194,None + Linear-SVM,unconscious,unconscious,False,Image,False,5,3,4,3
36,sub-06,lh-superiorfrontal,0.5,0.1589409883014377,0.608695652173913,0.7375136874456094,None + Linear-SVM,unconscious,unconscious,False,Image,False,5,7,6,3
37,sub-06,lh-superiorfrontal,0.71875,0.13483997249264842,0.4615384615384615,0.6655817636486774,None + Linear-SVM,unconscious,unconscious,False,Image,False,6,3,5,2
38,sub-06,lh-superiorfrontal,0.6607142857142857,0.19642857142857142,0.5714285714285714,0.6734157791327695,None + Linear-SVM,unconscious,unconscious,False,Image,False,5,4,3,3
39,sub-06,lh-superiorfrontal,0.5,-0.3273268353539886,0.0,0.6541761023677529,None + Linear-SVM,unconscious,unconscious,False,Image,False,5,0,2,3
40,sub-06,lh-superiorfrontal,0.5,0.025482359571881278,0.47058823529411764,0.7117533385828904,None + Linear-SVM,unconscious,unconscious,False,Image,False,5,4,6,3
41,sub-06,lh-superiorfrontal,0.5277777777777778,0.07042952122737638,0.5,0.7035310675883314,None + Linear-SVM,unconscious,unconscious,False,Image,False,5,4,5,3
42,sub-06,lh-superiorfrontal,0.65,0.025,0.4000000000000001,0.66483685174093,None + Linear-SVM,unconscious,unconscious,False,Image,False,5,2,3,3
43,sub-06,lh-superiorfrontal,0.575,0.125,0.5555555555555556,0.7009503551497664,None + Linear-SVM,unconscious,unconscious,False,Image,False,5,5,5,3
44,sub-06,lh-superiorfrontal,0.5227272727272727,0.07954545454545454,0.5263157894736842,0.719422241861148,None + Linear-SVM,unconscious,unconscious,False,Image,False,5,5,6,3
45,sub-06,lh-superiorfrontal,0.6666666666666666,0.08333333333333333,0.3333333333333333,0.6397951061809324,None + Linear-SVM,unconscious,unconscious,False,Image,False,6,1,2,2
46,sub-06,lh-superiorfrontal,0.640625,0.1259881576697424,0.5333333333333333,0.6848394464199132,None + Linear-SVM,unconscious,unconscious,False,Image,False,5,4,4,3
47,sub-06,lh-superiorfrontal,0.7,0.4147575310031266,0.6666666666666666,0.6520726092699143,None + Linear-SVM,unconscious,unconscious,False,Image,False,5,4,1,3
48,sub-06,lh-superiorfrontal,0.8214285714285714,0.32732683535398854,0.6153846153846153,0.6503939395166963,None + Linear-SVM,unconscious,unconscious,False,Image,False,6,4,3,2
49,sub-06,lh-superiorfrontal,0.5555555555555556,0.05143444998736397,0.4,0.6443521015487206,None + Linear-SVM,unconscious,unconscious,False,Image,False,5,2,2,4
50,sub-06,lh-superiorfrontal,0.6222222222222222,-0.03580574370197164,0.37499999999999994,0.6683479954787671,None + Linear-SVM,unconscious,unconscious,False,Image,False,6,3,7,3
51,sub-06,lh-superiorfrontal,0.4861111111111111,-0.07042952122737638,0.39999999999999997,0.708655400409182,None + Linear-SVM,unconscious,unconscious,False,Image,False,5,3,5,4
52,sub-06,lh-superiorfrontal,0.6349206349206349,0.09759000729485331,0.4615384615384615,0.665952913283972,None + Linear-SVM,unconscious,unconscious,False,Image,False,6,3,4,3
53,sub-06,lh-superiorfrontal,0.638888888888889,0.15811388300841897,0.4444444444444445,0.6379138293410139,None + Linear-SVM,unconscious,unconscious,False,Image,False,6,2,2,3
54,sub-06,lh-superiorfrontal,0.7222222222222222,0.2916666666666667,0.625,0.6585284352351658,None + Linear-SVM,unconscious,unconscious,False,Image,False,6,5,3,3
55,sub-06,lh-superiorfrontal,0.5873015873015872,-0.015873015873015872,0.42857142857142855,0.6645821875741321,None + Linear-SVM,unconscious,unconscious,False,Image,False,5,3,4,4
56,sub-06,lh-superiorfrontal,0.5185185185185185,-0.09759000729485331,0.25,0.6431497361085473,None + Linear-SVM,unconscious,unconscious,False,Image,False,5,1,2,4
57,sub-06,lh-superiorfrontal,0.6444444444444445,0.25819888974716115,0.5454545454545454,0.6465465803474736,None + Linear-SVM,unconscious,unconscious,False,Image,False,6,3,2,3
58,sub-06,lh-superiorfrontal,0.6888888888888889,0.26666666666666666,0.631578947368421,0.6714511450424154,None + Linear-SVM,unconscious,unconscious,False,Image,False,6,6,4,3
59,sub-06,lh-superiorfrontal,0.6222222222222222,0.25819888974716115,0.5454545454545454,0.6526260585253864,None + Linear-SVM,unconscious,unconscious,False,Image,False,6,3,2,3
60,sub-06,lh-superiorfrontal,0.5555555555555556,-0.015873015873015872,0.42857142857142855,0.6774327514785965,None + Linear-SVM,unconscious,unconscious,False,Image,False,5,3,4,4
61,sub-06,lh-superiorfrontal,0.6060606060606061,0.10050378152592121,0.5714285714285713,0.6781576498398788,None + Linear-SVM,unconscious,unconscious,False,Image,False,5,6,5,4
62,sub-06,lh-superiorfrontal,0.7142857142857143,0.23809523809523808,0.5714285714285714,0.6441708364275485,None + Linear-SVM,unconscious,unconscious,False,Image,False,6,4,3,3
63,sub-06,lh-superiorfrontal,0.5777777777777777,-0.044946657497549475,0.4444444444444445,0.6938961060437602,None + Linear-SVM,unconscious,unconscious,False,Image,False,5,4,6,4
64,sub-06,lh-superiorfrontal,0.5925925925925926,-0.09759000729485331,0.25,0.6346572529758013,None + Linear-SVM,unconscious,unconscious,False,Image,False,5,1,2,4
65,sub-06,lh-superiorfrontal,0.7222222222222223,0.15811388300841897,0.4444444444444445,0.6268511744764397,None + Linear-SVM,unconscious,unconscious,False,Image,False,6,2,2,3
66,sub-06,lh-superiorfrontal,0.7037037037037037,0.08492077756084468,0.5,0.6699158318968957,None + Linear-SVM,unconscious,unconscious,False,Image,False,6,5,7,3
67,sub-06,lh-superiorfrontal,0.6262626262626263,0.12309149097933272,0.5263157894736842,0.6842036911155269,None + Linear-SVM,unconscious,unconscious,False,Image,False,6,5,6,3
68,sub-06,lh-superiorfrontal,0.5925925925925926,0.0,0.28571428571428575,0.6362868852337512,None + Linear-SVM,unconscious,unconscious,False,Image,False,6,1,2,3
69,sub-06,lh-superiorfrontal,0.8,0.37777777777777777,0.6,0.6233240058514753,None + Linear-SVM,unconscious,unconscious,False,Image,False,7,3,2,2
70,sub-06,lh-superiorfrontal,0.5185185185185185,-0.1111111111111111,0.3333333333333333,0.671172480256896,None + Linear-SVM,unconscious,unconscious,False,Image,False,5,2,4,4
71,sub-06,lh-superiorfrontal,0.5777777777777778,0.25819888974716115,0.5454545454545454,0.6537332241311083,None + Linear-SVM,unconscious,unconscious,False,Image,False,6,3,2,3
72,sub-06,lh-superiorfrontal,0.5555555555555556,0.010101010101010102,0.5,0.7059029690326055,None + Linear-SVM,unconscious,unconscious,False,Image,False,5,5,6,4
73,sub-06,lh-superiorfrontal,0.6944444444444444,0.15811388300841897,0.4444444444444445,0.6345272966691093,None + Linear-SVM,unconscious,unconscious,False,Image,False,6,2,2,3
74,sub-06,lh-superiorfrontal,0.5432098765432098,0.0,0.47058823529411764,0.684723567777276,None + Linear-SVM,unconscious,unconscious,False,Image,False,5,4,5,4
75,sub-06,lh-superiorfrontal,0.6049382716049383,0.22360679774997896,0.5882352941176471,0.6766292397709207,None + Linear-SVM,unconscious,unconscious,False,Image,False,6,5,4,3
76,sub-06,lh-superiorfrontal,0.6444444444444445,0.1685499656158105,0.5555555555555556,0.6736769803315388,None + Linear-SVM,unconscious,unconscious,False,Image,False,6,5,5,3
77,sub-06,lh-superiorfrontal,0.7037037037037037,0.1111111111111111,0.3333333333333333,0.6315580577998295,None + Linear-SVM,unconscious,unconscious,False,Image,False,7,1,2,2
78,sub-06,lh-superiorfrontal,0.5666666666666667,0.1685499656158105,0.5555555555555556,0.6894084231920762,None + Linear-SVM,unconscious,unconscious,False,Image,False,6,5,5,3
79,sub-06,lh-superiorfrontal,0.7037037037037037,0.22360679774997896,0.5882352941176471,0.6605477501089438,None + Linear-SVM,unconscious,unconscious,False,Image,False,6,5,4,3
80,sub-06,lh-superiorfrontal,0.617283950617284,0.22360679774997896,0.631578947368421,0.6682524491984013,None + Linear-SVM,unconscious,unconscious,False,Image,False,5,6,3,4
81,sub-06,lh-superiorfrontal,0.6262626262626263,0.10050378152592121,0.5714285714285713,0.6786223002323448,None + Linear-SVM,unconscious,unconscious,False,Image,False,5,6,5,4
82,sub-06,lh-superiorfrontal,0.5777777777777777,-0.04303314829119352,0.3636363636363636,0.6577824733421048,None + Linear-SVM,unconscious,unconscious,False,Image,False,5,2,3,4
83,sub-06,lh-superiorfrontal,0.6507936507936508,-0.015873015873015872,0.42857142857142855,0.6646213992873411,None + Linear-SVM,unconscious,unconscious,False,Image,False,5,3,4,4
84,sub-06,lh-superiorfrontal,0.5299145299145299,0.016878989451394443,0.5217391304347826,0.7213669579107918,None + Linear-SVM,unconscious,unconscious,False,Image,False,5,6,7,4
85,sub-06,lh-superiorfrontal,0.7083333333333334,0.2916666666666667,0.625,0.6521580164742746,None + Linear-SVM,unconscious,unconscious,False,Image,False,6,5,3,3
86,sub-06,lh-superiorfrontal,0.6190476190476191,-0.015873015873015872,0.42857142857142855,0.666972053881473,None + Linear-SVM,unconscious,unconscious,False,Image,False,5,3,4,4
87,sub-06,lh-superiorfrontal,0.4444444444444444,-0.3563483225498992,0.0,0.6368233380203585,None + Linear-SVM,unconscious,unconscious,False,Image,False,5,0,2,4
88,sub-06,lh-superiorfrontal,0.5,-0.044946657497549475,0.4444444444444445,0.6970768797976755,None + Linear-SVM,unconscious,unconscious,False,Image,False,5,4,6,4
89,sub-06,lh-superiorfrontal,0.5308641975308642,0.0,0.47058823529411764,0.6867697084064166,None + Linear-SVM,unconscious,unconscious,False,Image,False,5,4,5,4
90,sub-06,lh-superiorfrontal,0.5777777777777777,-0.04303314829119352,0.3636363636363636,0.6496424069179884,None + Linear-SVM,unconscious,unconscious,False,Image,False,5,2,3,4
91,sub-06,lh-superiorfrontal,0.5888888888888888,-0.044946657497549475,0.4444444444444445,0.6881390515142508,None + Linear-SVM,unconscious,unconscious,False,Image,False,5,4,6,4
92,sub-06,lh-superiorfrontal,0.5555555555555556,0.010101010101010102,0.5,0.7055790491163559,None + Linear-SVM,unconscious,unconscious,False,Image,False,5,5,6,4
93,sub-06,lh-superiorfrontal,0.6666666666666667,0.0,0.28571428571428575,0.6254845139978338,None + Linear-SVM,unconscious,unconscious,False,Image,False,6,1,2,3
94,sub-06,lh-superiorfrontal,0.5833333333333333,0.1690308509457033,0.5333333333333333,0.6824718033116591,None + Linear-SVM,unconscious,unconscious,False,Image,False,6,4,4,3
95,sub-06,lh-superiorfrontal,0.7111111111111111,0.25819888974716115,0.5454545454545454,0.6372510470524997,None + Linear-SVM,unconscious,unconscious,False,Image,False,6,3,2,3
96,sub-06,lh-superiorfrontal,0.746031746031746,0.23809523809523808,0.5714285714285714,0.6453589432120947,None + Linear-SVM,unconscious,unconscious,False,Image,False,6,4,3,3
97,sub-06,lh-superiorfrontal,0.59375,0.11952286093343936,0.4444444444444445,0.6712386481049378,None + Linear-SVM,unconscious,unconscious,False,Image,False,5,2,2,3
98,sub-06,lh-superiorfrontal,0.7,0.4472135954999579,0.7368421052631577,0.6888770007144548,None + Linear-SVM,unconscious,unconscious,False,Image,False,6,7,3,2
99,sub-06,lh-superiorfrontal,0.375,-0.1259881576697424,0.39999999999999997,0.7279331760452543,None + Linear-SVM,unconscious,unconscious,False,Image,False,4,3,5,4
100,sub-06,lh-superiorfrontal,0.5535714285714286,0.18898223650461363,0.5,0.689197204542531,None + Linear-SVM,unconscious,unconscious,False,Image,False,6,3,4,2
101,sub-06,lh-superiorfrontal,0.6875,0.25,0.5,0.6636388419058649,None + Linear-SVM,unconscious,unconscious,False,Image,False,6,2,2,2
102,sub-06,lh-superiorfrontal,0.640625,0.2581988897471611,0.5714285714285715,0.680143240890005,None + Linear-SVM,unconscious,unconscious,False,Image,False,6,4,4,2
103,sub-06,lh-superiorfrontal,0.5714285714285714,0.05455447255899809,0.4615384615384615,0.689529487015331,None + Linear-SVM,unconscious,unconscious,False,Image,False,5,3,4,3
104,sub-06,lh-superiorfrontal,0.5,-0.14907119849998599,0.25,0.6748826910882814,None + Linear-SVM,unconscious,unconscious,False,Image,False,4,1,2,4
105,sub-06,lh-superiorfrontal,0.6,0.15811388300841897,0.4444444444444445,0.6722914584276425,None + Linear-SVM,unconscious,unconscious,False,Image,False,6,2,3,2
106,sub-06,lh-superiorfrontal,0.625,0.35,0.6666666666666665,0.6919131710394066,None + Linear-SVM,unconscious,unconscious,False,Image,False,6,6,4,2
107,sub-06,lh-superiorfrontal,0.525,0.025,0.4000000000000001,0.6839553796596817,None + Linear-SVM,unconscious,unconscious,False,Image,False,5,2,3,3
108,sub-06,lh-superiorfrontal,0.4464285714285714,-0.07142857142857142,0.42857142857142855,0.7092923321779573,None + Linear-SVM,unconscious,unconscious,False,Image,False,4,3,4,4
109,sub-06,lh-superiorfrontal,0.5909090909090908,0.07954545454545454,0.5263157894736842,0.6960050902099947,None + Linear-SVM,unconscious,unconscious,False,Image,False,5,5,6,3
110,sub-06,lh-superiorfrontal,0.6428571428571428,0.19642857142857142,0.5714285714285714,0.6745826375441876,None + Linear-SVM,unconscious,unconscious,False,Image,False,5,4,3,3
111,sub-06,lh-superiorfrontal,0.525,0.025482359571881278,0.47058823529411764,0.7098825048868596,None + Linear-SVM,unconscious,unconscious,False,Image,False,5,4,6,3
112,sub-06,lh-superiorfrontal,0.5416666666666666,-0.03857583749052298,0.28571428571428575,0.6688008812122442,None + Linear-SVM,unconscious,unconscious,False,Image,False,5,1,2,3
113,sub-06,lh-superiorfrontal,0.6875,0.25,0.5,0.6580498572518174,None + Linear-SVM,unconscious,unconscious,False,Image,False,6,2,2,2
114,sub-06,lh-superiorfrontal,0.6666666666666667,0.25,0.6,0.6846448835196899,None + Linear-SVM,unconscious,unconscious,False,Image,False,6,6,6,2
115,sub-06,lh-superiorfrontal,0.5795454545454545,0.1685499656158105,0.6,0.7086083146221155,None + Linear-SVM,unconscious,unconscious,False,Image,False,5,6,5,3
116,sub-06,lh-superiorfrontal,0.5833333333333333,-0.03857583749052298,0.28571428571428575,0.6718533233684866,None + Linear-SVM,unconscious,unconscious,False,Image,False,5,1,2,3
117,sub-06,lh-superiorfrontal,0.7749999999999999,0.35,0.6,0.6470909862388354,None + Linear-SVM,unconscious,unconscious,False,Image,False,6,3,2,2
118,sub-06,lh-superiorfrontal,0.3958333333333333,-0.16666666666666666,0.3333333333333333,0.7067562304851943,None + Linear-SVM,unconscious,unconscious,False,Image,False,4,2,4,4
119,sub-06,lh-superiorfrontal,0.525,0.025,0.4000000000000001,0.696942822112156,None + Linear-SVM,unconscious,unconscious,False,Image,False,5,2,3,3
120,sub-06,lh-superiorfrontal,0.3977272727272727,-0.13636363636363635,0.4210526315789474,0.73375063327977,None + Linear-SVM,unconscious,unconscious,False,Image,False,4,4,7,4
121,sub-06,lh-superiorfrontal,0.65625,0.11952286093343936,0.4444444444444445,0.6652587062230613,None + Linear-SVM,unconscious,unconscious,False,Image,False,5,2,2,3
122,sub-06,lh-superiorfrontal,0.5416666666666666,0.05555555555555555,0.5555555555555556,0.7027663640699725,None + Linear-SVM,unconscious,unconscious,False,Image,False,4,5,4,4
123,sub-06,lh-superiorfrontal,0.611111111111111,0.3098898934004561,0.6250000000000001,0.6954146417644472,None + Linear-SVM,unconscious,unconscious,False,Image,False,6,5,4,2
124,sub-06,lh-superiorfrontal,0.55,0.125,0.5555555555555556,0.7082088948319376,None + Linear-SVM,unconscious,unconscious,False,Image,False,5,5,5,3
125,sub-06,lh-superiorfrontal,0.625,0.08333333333333333,0.3333333333333333,0.6605424923216103,None + Linear-SVM,unconscious,unconscious,False,Image,False,6,1,2,2
126,sub-06,lh-superiorfrontal,0.5625,0.22360679774997896,0.631578947368421,0.7087777539810689,None + Linear-SVM,unconscious,unconscious,False,Image,False,5,6,4,3
127,sub-06,lh-superiorfrontal,0.6666666666666667,0.3098898934004561,0.6250000000000001,0.6865861382739481,None + Linear-SVM,unconscious,unconscious,False,Image,False,6,5,4,2
128,sub-06,lh-superiorfrontal,0.5833333333333333,0.07042952122737638,0.5,0.6899789397605121,None + Linear-SVM,unconscious,unconscious,False,Image,False,5,4,5,3
129,sub-06,lh-superiorfrontal,0.5681818181818181,0.07954545454545454,0.5263157894736842,0.7038759748924831,None + Linear-SVM,unconscious,unconscious,False,Image,False,5,5,6,3
130,sub-06,lh-superiorfrontal,0.45000000000000007,-0.09759000729485333,0.3636363636363636,0.6934418048484793,None + Linear-SVM,unconscious,unconscious,False,Image,False,4,2,3,4
131,sub-06,lh-superiorfrontal,0.49999999999999994,0.05455447255899809,0.4615384615384615,0.6939208794591576,None + Linear-SVM,unconscious,unconscious,False,Image,False,5,3,4,3
132,sub-06,lh-superiorfrontal,0.40384615384615385,-0.11322770341445958,0.4545454545454546,0.7473063115777818,None + Linear-SVM,unconscious,unconscious,False,Image,False,4,5,8,4
133,sub-06,lh-superiorfrontal,0.6875,0.2581988897471611,0.5714285714285715,0.6750913282206643,None + Linear-SVM,unconscious,unconscious,False,Image,False,6,4,4,2
134,sub-06,lh-superiorfrontal,0.5,-0.07142857142857142,0.42857142857142855,0.6953710447907496,None + Linear-SVM,unconscious,unconscious,False,Image,False,4,3,4,4
135,sub-06,lh-superiorfrontal,0.25,-0.5,0.0,0.6817941759710624,None + Linear-SVM,unconscious,unconscious,False,Image,False,3,0,2,5
136,sub-06,lh-superiorfrontal,0.48750000000000004,-0.1,0.4444444444444445,0.719026702112791,None + Linear-SVM,unconscious,unconscious,False,Image,False,4,4,6,4
137,sub-06,lh-superiorfrontal,0.4583333333333333,-0.05555555555555555,0.47058823529411764,0.7159818813226221,None + Linear-SVM,unconscious,unconscious,False,Image,False,4,4,5,4
138,sub-06,lh-superiorfrontal,0.525,0.025,0.4000000000000001,0.6863747100430805,None + Linear-SVM,unconscious,unconscious,False,Image,False,5,2,3,3
139,sub-06,lh-superiorfrontal,0.46249999999999997,-0.1,0.4444444444444445,0.7104708793518532,None + Linear-SVM,unconscious,unconscious,False,Image,False,4,4,6,4
140,sub-06,lh-superiorfrontal,0.43181818181818177,-0.044946657497549475,0.5,0.7271307627332577,None + Linear-SVM,unconscious,unconscious,False,Image,False,4,5,6,4
141,sub-06,lh-superiorfrontal,0.6666666666666666,0.08333333333333333,0.3333333333333333,0.6590155158308005,None + Linear-SVM,unconscious,unconscious,False,Image,False,6,1,2,2
142,sub-06,lh-superiorfrontal,0.484375,0.1259881576697424,0.5333333333333333,0.7115252989575864,None + Linear-SVM,unconscious,unconscious,False,Image,False,5,4,4,3
143,sub-06,lh-superiorfrontal,0.675,0.21957751641341997,0.5454545454545454,0.6660040895728222,None + Linear-SVM,unconscious,unconscious,False,Image,False,5,3,2,3
144,sub-06,lh-superiorfrontal,0.7678571428571429,0.4642857142857143,0.7142857142857143,0.6608179272980768,None + Linear-SVM,unconscious,unconscious,False,Image,False,6,5,2,2
145,sub-06,lh-superiorfrontal,0.6875,0.11952286093343936,0.4444444444444445,0.667226407478112,None + Linear-SVM,unconscious,unconscious,False,Image,False,5,2,2,3
146,sub-06,lh-superiorfrontal,0.6125,0.22360679774997896,0.631578947368421,0.6878672795704216,None + Linear-SVM,unconscious,unconscious,False,Image,False,5,6,4,3
147,sub-06,lh-superiorfrontal,0.375,-0.2581988897471611,0.28571428571428575,0.733185243720484,None + Linear-SVM,unconscious,unconscious,False,Image,False,4,2,6,4
148,sub-06,lh-superiorfrontal,0.5714285714285714,0.05455447255899809,0.4615384615384615,0.6871368686527968,None + Linear-SVM,unconscious,unconscious,False,Image,False,5,3,4,3
149,sub-06,lh-superiorfrontal,0.78125,0.25,0.5,0.6571477677763878,None + Linear-SVM,unconscious,unconscious,False,Image,False,6,2,2,2
150,sub-06,lh-superiorfrontal,0.65625,0.40451991747794525,0.6153846153846154,0.682304040568174,None + Linear-SVM,unconscious,unconscious,False,Image,False,7,4,4,1
151,sub-06,lh-superiorfrontal,0.6071428571428571,0.19642857142857142,0.5714285714285714,0.6916214118952773,None + Linear-SVM,unconscious,unconscious,False,Image,False,5,4,3,3
152,sub-06,lh-superiorfrontal,0.4583333333333333,-0.2608745973749754,0.2222222222222222,0.669769652122353,None + Linear-SVM,unconscious,unconscious,False,Image,False,3,1,2,5
153,sub-06,lh-superiorfrontal,0.625,0.21957751641341997,0.5454545454545454,0.6746426854728944,None + Linear-SVM,unconscious,unconscious,False,Image,False,5,3,2,3
154,sub-06,lh-superiorfrontal,0.6375,0.35,0.6666666666666665,0.6917924222045895,None + Linear-SVM,unconscious,unconscious,False,Image,False,6,6,4,2
155,sub-06,lh-superiorfrontal,0.625,0.21957751641341997,0.5454545454545454,0.6748981121084815,None + Linear-SVM,unconscious,unconscious,False,Image,False,5,3,2,3
156,sub-06,lh-superiorfrontal,0.4464285714285714,-0.21821789023599236,0.30769230769230765,0.7085681378111885,None + Linear-SVM,unconscious,unconscious,False,Image,False,4,2,5,4
157,sub-06,lh-superiorfrontal,0.6363636363636365,0.2584432806109095,0.6666666666666666,0.6937940145205411,None + Linear-SVM,unconscious,unconscious,False,Image,False,5,7,4,3
158,sub-06,lh-superiorfrontal,0.75,0.4642857142857143,0.7142857142857143,0.6654148005271813,None + Linear-SVM,unconscious,unconscious,False,Image,False,6,5,2,2
159,sub-06,lh-superiorfrontal,0.575,0.125,0.5555555555555556,0.7070666574035227,None + Linear-SVM,unconscious,unconscious,False,Image,False,5,5,5,3
160,sub-06,lh-superiorfrontal,0.625,0.08333333333333333,0.3333333333333333,0.6604296560947699,None + Linear-SVM,unconscious,unconscious,False,Image,False,6,1,2,2
161,sub-06,lh-superiorfrontal,0.78125,0.25,0.5,0.6545574736669871,None + Linear-SVM,unconscious,unconscious,False,Image,False,6,2,2,2
162,sub-06,lh-superiorfrontal,0.6458333333333334,0.2041241452319315,0.6363636363636365,0.6882097955330821,None + Linear-SVM,unconscious,unconscious,False,Image,False,5,7,5,3
163,sub-06,lh-superiorfrontal,0.5795454545454546,0.1685499656158105,0.6,0.7119961523057805,None + Linear-SVM,unconscious,unconscious,False,Image,False,5,6,5,3
164,sub-06,lh-superiorfrontal,0.5416666666666666,-0.03857583749052298,0.28571428571428575,0.66557229602934,None + Linear-SVM,unconscious,unconscious,False,Image,False,5,1,2,3
165,sub-06,lh-superiorfrontal,0.85,0.5006939628599933,0.6666666666666665,0.6396835425392589,None + Linear-SVM,unconscious,unconscious,False,Image,False,7,3,2,1
166,sub-06,lh-superiorfrontal,0.4166666666666667,-0.16666666666666666,0.3333333333333333,0.703438452463666,None + Linear-SVM,unconscious,unconscious,False,Image,False,4,2,4,4
167,sub-06,lh-superiorfrontal,0.5750000000000001,0.21957751641341997,0.5454545454545454,0.6868168680149788,None + Linear-SVM,unconscious,unconscious,False,Image,False,5,3,2,3
168,sub-06,lh-superiorfrontal,0.5113636363636364,-0.044946657497549475,0.5,0.7243883139675353,None + Linear-SVM,unconscious,unconscious,False,Image,False,4,5,6,4
169,sub-06,lh-superiorfrontal,0.65625,0.11952286093343936,0.4444444444444445,0.6576649889062512,None + Linear-SVM,unconscious,unconscious,False,Image,False,5,2,2,3
170,sub-06,lh-superiorfrontal,0.5833333333333333,0.07042952122737638,0.5,0.6993341373918537,None + Linear-SVM,unconscious,unconscious,False,Image,False,5,4,5,3
171,sub-06,lh-superiorfrontal,0.6527777777777778,0.18055555555555555,0.5882352941176471,0.6937122561822824,None + Linear-SVM,unconscious,unconscious,False,Image,False,5,5,4,3
172,sub-06,lh-superiorfrontal,0.625,0.22360679774997896,0.631578947368421,0.6959817648036652,None + Linear-SVM,unconscious,unconscious,False,Image,False,5,6,4,3
173,sub-06,lh-superiorfrontal,0.6666666666666666,0.24056261216234406,0.4,0.6560908670964765,None + Linear-SVM,unconscious,unconscious,False,Image,False,7,1,2,1
174,sub-06,lh-superiorfrontal,0.6,0.125,0.5555555555555556,0.7052512912046321,None + Linear-SVM,unconscious,unconscious,False,Image,False,5,5,5,3
175,sub-06,lh-superiorfrontal,0.6944444444444444,0.2030905986149808,0.5333333333333333,0.681197927779057,None + Linear-SVM,unconscious,unconscious,False,Image,False,6,4,5,2
176,sub-06,lh-superiorfrontal,0.6527777777777777,0.18055555555555555,0.5882352941176471,0.6867929958766359,None + Linear-SVM,unconscious,unconscious,False,Image,False,5,5,4,3
177,sub-06,lh-superiorfrontal,0.5454545454545454,-0.011631052629980886,0.4444444444444444,0.7013660834748077,None + Linear-SVM,unconscious,unconscious,False,Image,False,5,4,7,3
178,sub-06,lh-superiorfrontal,0.55,-0.09759000729485333,0.3636363636363636,0.6844895035451853,None + Linear-SVM,unconscious,unconscious,False,Image,False,4,2,3,4
179,sub-06,lh-superiorfrontal,0.5357142857142857,0.05455447255899809,0.4615384615384615,0.6973646707044252,None + Linear-SVM,unconscious,unconscious,False,Image,False,5,3,4,3
180,sub-06,lh-superiorfrontal,0.47115384615384615,0.009615384615384616,0.4761904761904762,0.7439383883235392,None + Linear-SVM,unconscious,unconscious,False,Image,False,5,5,8,3
181,sub-06,lh-superiorfrontal,0.703125,0.2581988897471611,0.5714285714285715,0.670937958926112,None + Linear-SVM,unconscious,unconscious,False,Image,False,6,4,4,2
182,sub-06,lh-superiorfrontal,0.6071428571428571,0.19642857142857142,0.5714285714285714,0.6843870260433995,None + Linear-SVM,unconscious,unconscious,False,Image,False,5,4,3,3
183,sub-06,lh-superiorfrontal,0.375,-0.4082482904638631,0.0,0.6647097429967401,None + Linear-SVM,unconscious,unconscious,False,Image,False,4,0,2,4
184,sub-06,lh-superiorfrontal,0.48750000000000004,-0.1,0.4444444444444445,0.7183468579910115,None + Linear-SVM,unconscious,unconscious,False,Image,False,4,4,6,4
185,sub-06,lh-superiorfrontal,0.5833333333333334,0.18055555555555555,0.5882352941176471,0.7015768106329752,None + Linear-SVM,unconscious,unconscious,False,Image,False,5,5,4,3
186,sub-06,lh-superiorfrontal,0.525,0.025,0.4000000000000001,0.6780909320596233,None + Linear-SVM,unconscious,unconscious,False,Image,False,5,2,3,3
187,sub-06,lh-superiorfrontal,0.5125000000000001,0.025482359571881278,0.47058823529411764,0.7096066318854821,None + Linear-SVM,unconscious,unconscious,False,Image,False,5,4,6,3
188,sub-06,lh-superiorfrontal,0.5,-0.044946657497549475,0.5,0.723517258316361,None + Linear-SVM,unconscious,unconscious,False,Image,False,4,5,6,4
189,sub-06,lh-superiorfrontal,0.6666666666666666,-0.03857583749052298,0.28571428571428575,0.655810577376127,None + Linear-SVM,unconscious,unconscious,False,Image,False,5,1,2,3
190,sub-06,lh-superiorfrontal,0.578125,0.1259881576697424,0.5333333333333333,0.7008112734425528,None + Linear-SVM,unconscious,unconscious,False,Image,False,5,4,4,3
191,sub-06,lh-superiorfrontal,0.75,0.35,0.6,0.658524233819816,None + Linear-SVM,unconscious,unconscious,False,Image,False,6,3,2,2
192,sub-06,lh-superiorfrontal,0.8214285714285714,0.600099198148979,0.7692307692307692,0.6530408346286313,None + Linear-SVM,unconscious,unconscious,False,Image,False,7,5,2,1
193,sub-06,lh-superiorfrontal,0.6428571428571428,0.0,0.30769230769230765,0.649196219182611,None + Linear-SVM,unconscious,unconscious,False,Image,False,7,2,2,7
194,sub-06,lh-superiorfrontal,0.6785714285714286,0.3142857142857143,0.6,0.6675764355573358,None + Linear-SVM,unconscious,unconscious,False,Image,False,10,6,4,4
195,sub-06,lh-superiorfrontal,0.32142857142857145,-0.37796447300922725,0.2105263157894737,0.6951644298835297,None + Linear-SVM,unconscious,unconscious,False,Image,False,5,2,6,9
196,sub-06,lh-superiorfrontal,0.6224489795918368,0.0,0.4210526315789474,0.6641881737540949,None + Linear-SVM,unconscious,unconscious,False,Image,False,6,4,3,8
197,sub-06,lh-superiorfrontal,0.8035714285714286,0.4780914437337575,0.5714285714285715,0.6452919633459273,None + Linear-SVM,unconscious,unconscious,False,Image,False,13,2,2,1
198,sub-06,lh-superiorfrontal,0.6785714285714286,0.12076147288491199,0.5,0.6618205050195903,None + Linear-SVM,unconscious,unconscious,False,Image,False,7,5,3,7
199,sub-06,lh-superiorfrontal,0.6224489795918368,0.0,0.375,0.6593850233565017,None + Linear-SVM,unconscious,unconscious,False,Image,False,8,3,4,6
200,sub-06,lh-superiorfrontal,0.47619047619047616,-0.181848241863327,0.16666666666666666,0.6537196624178291,None + Linear-SVM,unconscious,unconscious,False,Image,False,6,1,2,8
201,sub-06,lh-superiorfrontal,0.6142857142857143,-0.025482359571881278,0.3076923076923077,0.6537931665563989,None + Linear-SVM,unconscious,unconscious,False,Image,False,8,2,3,6
202,sub-06,lh-superiorfrontal,0.6571428571428571,0.24029618753167464,0.5714285714285713,0.6705019587592892,None + Linear-SVM,unconscious,unconscious,False,Image,False,9,6,4,5
203,sub-06,lh-superiorfrontal,0.6142857142857143,0.21660005636099086,0.4615384615384615,0.6562695582944695,None + Linear-SVM,unconscious,unconscious,False,Image,False,9,3,2,5
204,sub-06,lh-superiorfrontal,0.41836734693877553,-0.26967994498529685,0.23529411764705882,0.6796499266723212,None + Linear-SVM,unconscious,unconscious,False,Image,False,6,2,5,8
205,sub-06,lh-superiorfrontal,0.5909090909090909,0.11613144917081457,0.5217391304347826,0.6742103478171275,None + Linear-SVM,unconscious,unconscious,False,Image,False,8,6,5,6
206,sub-06,lh-superiorfrontal,0.7653061224489796,0.4853626716970755,0.6666666666666666,0.6513626016375482,None + Linear-SVM,unconscious,unconscious,False,Image,False,11,5,2,3
207,sub-06,lh-superiorfrontal,0.5071428571428571,0.07067534927402196,0.47619047619047616,0.6811428958896713,None + Linear-SVM,unconscious,unconscious,False,Image,False,8,5,5,6
208,sub-06,lh-superiorfrontal,0.5952380952380952,0.03984095364447979,0.25,0.6487405960768229,None + Linear-SVM,unconscious,unconscious,False,Image,False,10,1,2,4
209,sub-06,lh-superiorfrontal,0.8035714285714286,0.4780914437337575,0.5714285714285715,0.638899087855979,None + Linear-SVM,unconscious,unconscious,False,Image,False,13,2,2,1
210,sub-06,lh-superiorfrontal,0.625,0.14414999403128945,0.5217391304347826,0.6723487928465185,None + Linear-SVM,unconscious,unconscious,False,Image,False,9,6,6,5
211,sub-06,lh-superiorfrontal,0.564935064935065,0.025974025974025976,0.45454545454545453,0.6817357623421682,None + Linear-SVM,unconscious,unconscious,False,Image,False,8,5,6,6
212,sub-06,lh-superiorfrontal,0.45238095238095233,-0.181848241863327,0.16666666666666666,0.6507286214951832,None + Linear-SVM,unconscious,unconscious,False,Image,False,6,1,2,8
213,sub-06,lh-superiorfrontal,0.8,0.28690229202651557,0.5,0.6404091290044973,None + Linear-SVM,unconscious,unconscious,False,Image,False,10,3,2,4
214,sub-06,lh-superiorfrontal,0.42857142857142855,-0.2182178902359924,0.25,0.6685906947354063,None + Linear-SVM,unconscious,unconscious,False,Image,False,6,2,4,8
215,sub-06,lh-superiorfrontal,0.6142857142857143,0.08819171036881969,0.4,0.6566358230203001,None + Linear-SVM,unconscious,unconscious,False,Image,False,7,3,2,7
216,sub-06,lh-superiorfrontal,0.42857142857142855,-0.20645590963700367,0.34782608695652173,0.6960825763881067,None + Linear-SVM,unconscious,unconscious,False,Image,False,6,4,7,8
217,sub-06,lh-superiorfrontal,0.5892857142857142,-0.05976143046671968,0.28571428571428575,0.6476266044281812,None + Linear-SVM,unconscious,unconscious,False,Image,False,6,2,2,8
218,sub-06,lh-superiorfrontal,0.5476190476190476,-0.12406456138646277,0.380952380952381,0.671211354982271,None + Linear-SVM,unconscious,unconscious,False,Image,False,6,4,5,8
219,sub-06,lh-superiorfrontal,0.5634920634920635,0.2698412698412698,0.5555555555555556,0.6767502474197157,None + Linear-SVM,unconscious,unconscious,False,Image,False,10,5,4,4
220,sub-06,lh-superiorfrontal,0.5857142857142856,0.0,0.45454545454545453,0.6766081313792257,None + Linear-SVM,unconscious,unconscious,False,Image,False,7,5,5,7
221,sub-06,lh-superiorfrontal,0.6666666666666666,0.3098898934004561,0.4,0.6398755425971064,None + Linear-SVM,unconscious,unconscious,False,Image,False,13,1,2,1
222,sub-06,lh-superiorfrontal,0.6,0.07067534927402196,0.47619047619047616,0.6800622859842806,None + Linear-SVM,unconscious,unconscious,False,Image,False,8,5,5,6
223,sub-06,lh-superiorfrontal,0.6984126984126984,0.302407368379503,0.6,0.6604796819112967,None + Linear-SVM,unconscious,unconscious,False,Image,False,9,6,3,5
224,sub-06,lh-superiorfrontal,0.6666666666666666,0.1953363462243731,0.5263157894736842,0.6609500319065239,None + Linear-SVM,unconscious,unconscious,False,Image,False,9,5,4,5
225,sub-06,lh-superiorfrontal,0.6298701298701299,0.18831168831168832,0.5454545454545454,0.6706928153501867,None + Linear-SVM,unconscious,unconscious,False,Image,False,9,6,5,5
226,sub-06,lh-superiorfrontal,0.5428571428571429,-0.15118578920369088,0.26666666666666666,0.662535833867675,None + Linear-SVM,unconscious,unconscious,False,Image,False,6,2,3,8
227,sub-06,lh-superiorfrontal,0.5612244897959184,-0.06741998624632421,0.3529411764705882,0.6679140426353674,None + Linear-SVM,unconscious,unconscious,False,Image,False,7,3,4,7
228,sub-06,lh-superiorfrontal,0.4010989010989011,-0.18681318681318682,0.38461538461538464,0.7085877753483821,None + Linear-SVM,unconscious,unconscious,False,Image,False,6,5,8,8
229,sub-06,lh-superiorfrontal,0.7589285714285714,0.33195686496194077,0.5882352941176471,0.654609569477236,None + Linear-SVM,unconscious,unconscious,False,Image,False,10,5,3,4
230,sub-06,lh-superiorfrontal,0.5816326530612245,-0.06741998624632421,0.3529411764705882,0.6611457905842691,None + Linear-SVM,unconscious,unconscious,False,Image,False,7,3,4,7
231,sub-06,lh-superiorfrontal,0.28571428571428575,-0.3779644730092272,0.0,0.6519825037492389,None + Linear-SVM,unconscious,unconscious,False,Image,False,6,0,2,8
232,sub-06,lh-superiorfrontal,0.45,-0.09894548898363074,0.380952380952381,0.68653868858781,None + Linear-SVM,unconscious,unconscious,False,Image,False,7,4,6,7
233,sub-06,lh-superiorfrontal,0.5476190476190477,0.12406456138646277,0.5,0.6763483585656173,None + Linear-SVM,unconscious,unconscious,False,Image,False,8,5,4,6
234,sub-06,lh-superiorfrontal,0.5285714285714286,-0.08819171036881969,0.2857142857142857,0.6542762822866821,None + Linear-SVM,unconscious,unconscious,False,Image,False,7,2,3,7
235,sub-06,lh-superiorfrontal,0.48571428571428565,-0.1690308509457033,0.3636363636363636,0.6837805259955241,None + Linear-SVM,unconscious,unconscious,False,Image,False,6,4,6,8
236,sub-06,lh-superiorfrontal,0.4675324675324675,-0.11613144917081457,0.41666666666666663,0.6906657479066893,None + Linear-SVM,unconscious,unconscious,False,Image,False,6,5,6,8
237,sub-06,lh-superiorfrontal,0.6904761904761905,0.03984095364447979,0.25,0.6433620234327954,None + Linear-SVM,unconscious,unconscious,False,Image,False,10,1,2,4
238,sub-06,lh-superiorfrontal,0.5535714285714286,0.13977131156292244,0.47058823529411764,0.6836144386138853,None + Linear-SVM,unconscious,unconscious,False,Image,False,9,4,4,5
239,sub-06,lh-superiorfrontal,0.7571428571428571,0.28690229202651557,0.5,0.6441341942199944,None + Linear-SVM,unconscious,unconscious,False,Image,False,10,3,2,4
240,sub-06,lh-superiorfrontal,0.8367346938775511,0.5714285714285714,0.7142857142857143,0.6486160747013933,None + Linear-SVM,unconscious,unconscious,False,Image,False,12,5,2,2
241,sub-06,lh-superiorfrontal,0.5714285714285714,0.06900655593423542,0.4444444444444445,0.6622740974378544,None + Linear-SVM,unconscious,unconscious,False,Image,False,4,2,2,3
242,sub-06,lh-superiorfrontal,0.6714285714285714,0.21428571428571427,0.588235294117647,0.6931983640009182,None + Linear-SVM,unconscious,unconscious,False,Image,False,5,5,5,2
243,sub-06,lh-superiorfrontal,0.3571428571428572,-0.18898223650461363,0.3076923076923077,0.7326672869183333,None + Linear-SVM,unconscious,unconscious,False,Image,False,4,2,6,3
244,sub-06,lh-superiorfrontal,0.5918367346938775,0.0,0.5333333333333333,0.6834571187604915,None + Linear-SVM,unconscious,unconscious,False,Image,False,3,4,3,4
245,sub-06,lh-superiorfrontal,0.7857142857142857,0.38575837490522974,0.5714285714285715,0.6562815269861882,None + Linear-SVM,unconscious,unconscious,False,Image,False,6,2,2,1
246,sub-06,lh-superiorfrontal,0.6607142857142857,0.3392857142857143,0.6666666666666666,0.6826702678644199,None + Linear-SVM,unconscious,unconscious,False,Image,False,5,5,3,2
247,sub-06,lh-superiorfrontal,0.673469387755102,0.28867513459481287,0.6153846153846153,0.68330842623418,None + Linear-SVM,unconscious,unconscious,False,Image,False,5,4,3,2
248,sub-06,lh-superiorfrontal,0.38095238095238093,-0.3563483225498992,0.2222222222222222,0.6670382195863158,None + Linear-SVM,unconscious,unconscious,False,Image,False,2,1,2,5
249,sub-06,lh-superiorfrontal,0.6857142857142857,0.3142857142857143,0.6,0.6701753250965853,None + Linear-SVM,unconscious,unconscious,False,Image,False,5,3,2,2
250,sub-06,lh-superiorfrontal,0.6571428571428573,0.1690308509457033,0.631578947368421,0.6953965514875019,None + Linear-SVM,unconscious,unconscious,False,Image,False,4,6,4,3
251,sub-06,lh-superiorfrontal,0.6,0.3142857142857143,0.6,0.6833725187630084,None + Linear-SVM,unconscious,unconscious,False,Image,False,5,3,2,2
252,sub-06,lh-superiorfrontal,0.40816326530612246,-0.14907119849998599,0.3333333333333333,0.7132771878942749,None + Linear-SVM,unconscious,unconscious,False,Image,False,4,2,5,3
253,sub-06,lh-superiorfrontal,0.5714285714285714,0.11396057645963795,0.6,0.6980542878187775,None + Linear-SVM,unconscious,unconscious,False,Image,False,4,6,5,3
254,sub-06,lh-superiorfrontal,0.7755102040816326,0.4472135954999579,0.6666666666666666,0.6675086378510591,None + Linear-SVM,unconscious,unconscious,False,Image,False,6,4,3,1
255,sub-06,lh-superiorfrontal,0.4142857142857143,-0.02857142857142857,0.47058823529411764,0.7228771414129376,None + Linear-SVM,unconscious,unconscious,False,Image,False,4,4,6,3
256,sub-06,lh-superiorfrontal,0.5714285714285714,0.047619047619047616,0.3333333333333333,0.6668572956198114,None + Linear-SVM,unconscious,unconscious,False,Image,False,5,1,2,2
257,sub-06,lh-superiorfrontal,0.8928571428571429,0.6071428571428571,0.75,0.6469739660465085,None + Linear-SVM,unconscious,unconscious,False,Image,False,6,3,1,1
258,sub-06,lh-superiorfrontal,0.7142857142857143,0.2875273163926476,0.6666666666666666,0.6884263078917576,None + Linear-SVM,unconscious,unconscious,False,Image,False,5,7,5,2
259,sub-06,lh-superiorfrontal,0.5714285714285714,0.11396057645963795,0.6,0.713114065137433,None + Linear-SVM,unconscious,unconscious,False,Image,False,4,6,5,3
260,sub-06,lh-superiorfrontal,0.5714285714285714,0.047619047619047616,0.3333333333333333,0.661515238819977,None + Linear-SVM,unconscious,unconscious,False,Image,False,5,1,2,2
261,sub-06,lh-superiorfrontal,0.9142857142857143,0.47809144373375745,0.6666666666666665,0.6372359893219084,None + Linear-SVM,unconscious,unconscious,False,Image,False,6,3,2,1
262,sub-06,lh-superiorfrontal,0.33333333333333337,-0.38095238095238093,0.30769230769230765,0.7049306528542351,None + Linear-SVM,unconscious,unconscious,False,Image,False,2,2,4,5
263,sub-06,lh-superiorfrontal,0.7142857142857144,0.47809144373375745,0.6666666666666665,0.6807804031385261,None + Linear-SVM,unconscious,unconscious,False,Image,False,6,3,2,1
264,sub-06,lh-superiorfrontal,0.4155844155844156,-0.06493506493506493,0.4444444444444444,0.7333889363518488,None + Linear-SVM,unconscious,unconscious,False,Image,False,4,4,7,3
265,sub-06,lh-superiorfrontal,0.6428571428571428,0.21428571428571427,0.5,0.6584058527579001,None + Linear-SVM,unconscious,unconscious,False,Image,False,5,2,2,2
266,sub-06,lh-superiorfrontal,0.5396825396825398,0.1259881576697424,0.5882352941176471,0.7002312468332959,None + Linear-SVM,unconscious,unconscious,False,Image,False,4,5,4,3
267,sub-06,lh-superiorfrontal,0.6190476190476191,0.42289003161103106,0.6666666666666667,0.6973580988190009,None + Linear-SVM,unconscious,unconscious,False,Image,False,6,5,4,1
268,sub-06,lh-superiorfrontal,0.6571428571428573,0.21428571428571427,0.588235294117647,0.697066409017027,None + Linear-SVM,unconscious,unconscious,False,Image,False,5,5,5,2
269,sub-06,lh-superiorfrontal,0.7142857142857143,0.5091750772173156,0.5,0.6478532868133906,None + Linear-SVM,unconscious,unconscious,False,Image,False,7,1,2,0
270,sub-06,lh-superiorfrontal,0.5285714285714286,0.07042952122737638,0.5555555555555556,0.7154977032948315,None + Linear-SVM,unconscious,unconscious,False,Image,False,4,5,5,3
271,sub-06,lh-superiorfrontal,0.6984126984126984,0.2698412698412698,0.6250000000000001,0.6834440076853139,None + Linear-SVM,unconscious,unconscious,False,Image,False,5,5,4,2
272,sub-06,lh-superiorfrontal,0.6349206349206349,0.16265001215808886,0.5333333333333333,0.688490518660822,None + Linear-SVM,unconscious,unconscious,False,Image,False,5,4,5,2
273,sub-06,lh-superiorfrontal,0.5584415584415585,0.11396057645963795,0.6,0.7020044706913537,None + Linear-SVM,unconscious,unconscious,False,Image,False,4,6,5,3
274,sub-06,lh-superiorfrontal,0.4285714285714286,-0.1690308509457033,0.3636363636363636,0.6895681413431657,None + Linear-SVM,unconscious,unconscious,False,Image,False,3,2,3,4
275,sub-06,lh-superiorfrontal,0.5102040816326531,0.0,0.4615384615384615,0.6944516407197988,None + Linear-SVM,unconscious,unconscious,False,Image,False,4,3,4,3
276,sub-06,lh-superiorfrontal,0.30769230769230776,-0.25677629550654774,0.380952380952381,0.761106064174604,None + Linear-SVM,unconscious,unconscious,False,Image,False,3,4,9,4
277,sub-06,lh-superiorfrontal,0.8214285714285714,0.6071428571428571,0.7999999999999999,0.671873769004573,None + Linear-SVM,unconscious,unconscious,False,Image,False,6,6,2,1
278,sub-06,lh-superiorfrontal,0.4693877551020408,-0.28867513459481287,0.39999999999999997,0.692080590226798,None + Linear-SVM,unconscious,unconscious,False,Image,False,2,3,4,5
279,sub-06,lh-superiorfrontal,0.1428571428571429,-0.5976143046671968,0.0,0.6703649905633126,None + Linear-SVM,unconscious,unconscious,False,Image,False,2,0,2,5
280,sub-06,lh-superiorfrontal,0.4142857142857143,-0.1690308509457033,0.4444444444444445,0.7214558700496473,None + Linear-SVM,unconscious,unconscious,False,Image,False,3,4,6,4
281,sub-06,lh-superiorfrontal,0.5714285714285714,0.1259881576697424,0.5882352941176471,0.7056033639870594,None + Linear-SVM,unconscious,unconscious,False,Image,False,4,5,4,3
282,sub-06,lh-superiorfrontal,0.4857142857142857,-0.1690308509457033,0.3636363636363636,0.6772611865102744,None + Linear-SVM,unconscious,unconscious,False,Image,False,3,2,3,4
283,sub-06,lh-superiorfrontal,0.45714285714285713,-0.1690308509457033,0.4444444444444445,0.7115576670358169,None + Linear-SVM,unconscious,unconscious,False,Image,False,3,4,6,4
284,sub-06,lh-superiorfrontal,0.45454545454545453,-0.06493506493506493,0.4444444444444444,0.7263803279909594,None + Linear-SVM,unconscious,unconscious,False,Image,False,4,4,7,3
285,sub-06,lh-superiorfrontal,0.7619047619047619,0.3563483225498992,0.5714285714285715,0.648372550802349,None + Linear-SVM,unconscious,unconscious,False,Image,False,5,2,1,2
286,sub-06,lh-superiorfrontal,0.5892857142857142,0.21821789023599236,0.5714285714285715,0.6999098519678065,None + Linear-SVM,unconscious,unconscious,False,Image,False,5,4,4,2
287,sub-06,lh-superiorfrontal,0.7714285714285714,0.3142857142857143,0.6,0.661035653689301,None + Linear-SVM,unconscious,unconscious,False,Image,False,5,3,2,2
288,sub-06,lh-superiorfrontal,0.8979591836734693,0.5773502691896257,0.7692307692307692,0.6580375946819512,None + Linear-SVM,unconscious,unconscious,False,Image,False,6,5,2,1
289,sub-06,lh-superiorfrontal,0.5,0.16666666666666666,0.5714285714285715,0.7037131410772854,None + Linear-SVM,unconscious,unconscious,False,Image,False,2,2,2,1
290,sub-06,lh-superiorfrontal,0.7,0.42600643361512924,0.8421052631578948,0.7161172181248733,None + Linear-SVM,unconscious,unconscious,False,Image,False,2,8,2,1
291,sub-06,lh-superiorfrontal,0.375,0.03857583749052298,0.5,0.7823563223474785,None + Linear-SVM,unconscious,unconscious,False,Image,False,2,3,5,1
292,sub-06,lh-superiorfrontal,0.5238095238095238,0.0890870806374748,0.5454545454545454,0.7270882355776402,None + Linear-SVM,unconscious,unconscious,False,Image,False,2,3,4,1
293,sub-06,lh-superiorfrontal,0.6666666666666667,0.4166666666666667,0.75,0.6820684895802123,None + Linear-SVM,unconscious,unconscious,False,Image,False,2,3,1,1
294,sub-06,lh-superiorfrontal,0.5833333333333334,0.14907119849998599,0.6153846153846154,0.70812435942882,None + Linear-SVM,unconscious,unconscious,False,Image,False,2,4,4,1
295,sub-06,lh-superiorfrontal,0.5714285714285714,0.0890870806374748,0.5454545454545454,0.7235046044716599,None + Linear-SVM,unconscious,unconscious,False,Image,False,2,3,4,1
296,sub-06,lh-superiorfrontal,0.4444444444444445,0.0,0.4,0.6983307069353066,None + Linear-SVM,unconscious,unconscious,False,Image,False,2,1,2,1
297,sub-06,lh-superiorfrontal,0.6666666666666667,0.2581988897471611,0.6666666666666665,0.7005975864009892,None + Linear-SVM,unconscious,unconscious,False,Image,False,2,3,2,1
298,sub-06,lh-superiorfrontal,0.6666666666666666,0.2253744679276044,0.7058823529411764,0.7261528806921709,None + Linear-SVM,unconscious,unconscious,False,Image,False,2,6,4,1
299,sub-06,lh-superiorfrontal,0.5333333333333334,0.2581988897471611,0.6666666666666665,0.7143521981076306,None + Linear-SVM,unconscious,unconscious,False,Image,False,2,3,2,1
300,sub-06,lh-superiorfrontal,0.5238095238095238,0.0890870806374748,0.5454545454545454,0.7502948154659442,None + Linear-SVM,unconscious,unconscious,False,Image,False,2,3,4,1
301,sub-06,lh-superiorfrontal,0.5151515151515151,0.10050378152592121,0.5882352941176471,0.7344129478346462,None + Linear-SVM,unconscious,unconscious,False,Image,False,2,5,6,1
302,sub-06,lh-superiorfrontal,0.6666666666666667,0.3563483225498992,0.7692307692307692,0.6905910241044666,None + Linear-SVM,unconscious,unconscious,False,Image,False,2,5,2,1
303,sub-06,lh-superiorfrontal,0.4,0.14085904245475275,0.625,0.762187649070085,None + Linear-SVM,unconscious,unconscious,False,Image,False,2,5,5,1
304,sub-06,lh-superiorfrontal,0.4444444444444445,0.0,0.4,0.6996357471235144,None + Linear-SVM,unconscious,unconscious,False,Image,False,2,1,2,1
305,sub-06,lh-superiorfrontal,0.7500000000000001,0.4166666666666667,0.75,0.6621345500114053,None + Linear-SVM,unconscious,unconscious,False,Image,False,2,3,1,1
306,sub-06,lh-superiorfrontal,0.75,0.35355339059327373,0.8181818181818182,0.7125019069170779,None + Linear-SVM,unconscious,unconscious,False,Image,False,2,9,3,1
307,sub-06,lh-superiorfrontal,0.6666666666666666,0.251259453814803,0.7368421052631579,0.7389939907637293,None + Linear-SVM,unconscious,unconscious,False,Image,False,2,7,4,1
308,sub-06,lh-superiorfrontal,0.5555555555555556,0.0,0.4,0.68962642765071,None + Linear-SVM,unconscious,unconscious,False,Image,False,2,1,2,1
309,sub-06,lh-superiorfrontal,0.8666666666666667,0.6,0.7499999999999999,0.6535962654923273,None + Linear-SVM,unconscious,unconscious,False,Image,False,3,3,2,0
310,sub-06,lh-superiorfrontal,0.33333333333333337,0.0,0.4444444444444444,0.7521592801791304,None + Linear-SVM,unconscious,unconscious,False,Image,False,2,2,4,1
311,sub-06,lh-superiorfrontal,0.6000000000000001,0.2581988897471611,0.6666666666666665,0.7274940316671461,None + Linear-SVM,unconscious,unconscious,False,Image,False,2,3,2,1
312,sub-06,lh-superiorfrontal,0.3939393939393939,0.10050378152592121,0.5882352941176471,0.7702586132615634,None + Linear-SVM,unconscious,unconscious,False,Image,False,2,5,6,1
313,sub-06,lh-superiorfrontal,0.6666666666666667,0.16666666666666666,0.5714285714285715,0.6869567131178804,None + Linear-SVM,unconscious,unconscious,False,Image,False,2,2,2,1
314,sub-06,lh-superiorfrontal,0.5925925925925926,0.19245008972987526,0.6666666666666667,0.7343001673818929,None + Linear-SVM,unconscious,unconscious,False,Image,False,2,5,4,1
315,sub-06,lh-superiorfrontal,0.5555555555555556,0.19245008972987526,0.6666666666666667,0.7298830138939114,None + Linear-SVM,unconscious,unconscious,False,Image,False,2,5,4,1
316,sub-06,lh-superiorfrontal,0.6666666666666666,0.31754264805429416,0.7777777777777777,0.729850012014807,None + Linear-SVM,unconscious,unconscious,False,Image,False,2,7,3,1
317,sub-06,lh-superiorfrontal,0.6666666666666666,0.4472135954999579,0.5,0.6776937125648068,None + Linear-SVM,unconscious,unconscious,False,Image,False,3,1,2,0
318,sub-06,lh-superiorfrontal,0.5,0.2253744679276044,0.7058823529411764,0.7482830356386432,None + Linear-SVM,unconscious,unconscious,False,Image,False,2,6,4,1
319,sub-06,lh-superiorfrontal,0.6666666666666667,0.408248290463863,0.823529411764706,0.7047726558793088,None + Linear-SVM,unconscious,unconscious,False,Image,False,2,7,2,1
320,sub-06,lh-superiorfrontal,0.5925925925925926,0.29277002188455997,0.75,0.7174464528482302,None + Linear-SVM,unconscious,unconscious,False,Image,False,2,6,3,1
321,sub-06,lh-superiorfrontal,0.5757575757575758,0.10050378152592121,0.5882352941176471,0.7336162681252921,None + Linear-SVM,unconscious,unconscious,False,Image,False,2,5,6,1
322,sub-06,lh-superiorfrontal,0.46666666666666673,0.06666666666666667,0.5,0.7240972828722,None + Linear-SVM,unconscious,unconscious,False,Image,False,2,2,3,1
323,sub-06,lh-superiorfrontal,0.5238095238095238,0.0890870806374748,0.5454545454545454,0.7304596087233324,None + Linear-SVM,unconscious,unconscious,False,Image,False,2,3,4,1
324,sub-06,lh-superiorfrontal,0.38461538461538464,-0.021591675854376522,0.4444444444444444,0.8008923074690592,None + Linear-SVM,unconscious,unconscious,False,Image,False,2,4,9,1
325,sub-06,lh-superiorfrontal,0.7083333333333333,0.38575837490522974,0.7999999999999999,0.6978279090267262,None + Linear-SVM,unconscious,unconscious,False,Image,False,2,6,2,1
326,sub-06,lh-superiorfrontal,0.5238095238095238,0.0890870806374748,0.5454545454545454,0.7240663084575456,None + Linear-SVM,unconscious,unconscious,False,Image,False,2,3,4,1
327,sub-06,lh-superiorfrontal,0.33333333333333337,-0.4082482904638631,0.0,0.7109152438802793,None + Linear-SVM,unconscious,unconscious,False,Image,False,2,0,2,1
328,sub-06,lh-superiorfrontal,0.4666666666666667,0.05773502691896257,0.5333333333333333,0.7566681088361459,None + Linear-SVM,unconscious,unconscious,False,Image,False,2,4,6,1
329,sub-06,lh-superiorfrontal,0.4444444444444445,0.09759000729485331,0.5714285714285714,0.7492009443009238,None + Linear-SVM,unconscious,unconscious,False,Image,False,2,4,5,1
330,sub-06,lh-superiorfrontal,0.6000000000000001,0.06666666666666667,0.5,0.7108483143325823,None + Linear-SVM,unconscious,unconscious,False,Image,False,2,2,3,1
331,sub-06,lh-superiorfrontal,0.5666666666666667,0.14085904245475275,0.625,0.742713728790993,None + Linear-SVM,unconscious,unconscious,False,Image,False,2,5,5,1
332,sub-06,lh-superiorfrontal,0.48484848484848486,0.10050378152592121,0.5882352941176471,0.7686673509115086,None + Linear-SVM,unconscious,unconscious,False,Image,False,2,5,6,1
333,sub-06,lh-superiorfrontal,0.6666666666666667,0.3333333333333333,0.6666666666666666,0.6747495015600782,None + Linear-SVM,unconscious,unconscious,False,Image,False,2,2,1,1
334,sub-06,lh-superiorfrontal,0.5416666666666666,0.14907119849998599,0.6153846153846154,0.74347157411014,None + Linear-SVM,unconscious,unconscious,False,Image,False,2,4,4,1
335,sub-06,lh-superiorfrontal,0.7333333333333334,0.4666666666666667,0.8000000000000002,0.6859839556014373,None + Linear-SVM,unconscious,unconscious,False,Image,False,2,4,1,1
336,sub-06,lh-superiorfrontal,0.8095238095238095,0.42857142857142855,0.6,0.6772202235861732,None + Linear-SVM,unconscious,unconscious,False,Image,False,3,3,4,0
337,sub-06,lh-superiorfrontal,0.55,0.0,0.36363636363636365,0.6683448182432615,None + Linear-SVM,unconscious,unconscious,False,Image,False,5,2,2,5
338,sub-06,lh-superiorfrontal,0.5900000000000001,0.10050378152592121,0.5263157894736842,0.6813066355649652,None + Linear-SVM,unconscious,unconscious,False,Image,False,6,5,5,4
339,sub-06,lh-superiorfrontal,0.3,-0.35,0.25,0.7207317603019333,None + Linear-SVM,unconscious,unconscious,False,Image,False,4,2,6,6
340,sub-06,lh-superiorfrontal,0.5428571428571429,0.13241022442571243,0.4615384615384615,0.6823734913067493,None + Linear-SVM,unconscious,unconscious,False,Image,False,7,3,4,3
341,sub-06,lh-superiorfrontal,0.625,0.18856180831641267,0.4444444444444445,0.6614513147889907,None + Linear-SVM,unconscious,unconscious,False,Image,False,7,2,2,3
342,sub-06,lh-superiorfrontal,0.625,0.1,0.5,0.675357146036402,None + Linear-SVM,unconscious,unconscious,False,Image,False,6,4,4,4
343,sub-06,lh-superiorfrontal,0.5142857142857142,-0.07042952122737638,0.39999999999999997,0.6845210092661178,None + Linear-SVM,unconscious,unconscious,False,Image,False,5,3,4,5
344,sub-06,lh-superiorfrontal,0.39999999999999997,-0.2253744679276044,0.2,0.6735604592658859,None + Linear-SVM,unconscious,unconscious,False,Image,False,4,1,2,6
345,sub-06,lh-superiorfrontal,0.52,-0.09449111825230681,0.3333333333333333,0.675911979066729,None + Linear-SVM,unconscious,unconscious,False,Image,False,5,2,3,5
346,sub-06,lh-superiorfrontal,0.5700000000000001,0.10050378152592121,0.5263157894736842,0.6885515522355288,None + Linear-SVM,unconscious,unconscious,False,Image,False,6,5,5,4
347,sub-06,lh-superiorfrontal,0.5,0.0,0.3636363636363636,0.6740923560331393,None + Linear-SVM,unconscious,unconscious,False,Image,False,6,2,3,4
348,sub-06,lh-superiorfrontal,0.41428571428571426,-0.3098898934004561,0.26666666666666666,0.6984412747826024,None + Linear-SVM,unconscious,unconscious,False,Image,False,4,2,5,6
349,sub-06,lh-superiorfrontal,0.5363636363636364,-0.045454545454545456,0.47619047619047616,0.6933245264835756,None + Linear-SVM,unconscious,unconscious,False,Image,False,5,5,6,5
350,sub-06,lh-superiorfrontal,0.6857142857142857,0.2714285714285714,0.5714285714285714,0.6653319316765852,None + Linear-SVM,unconscious,unconscious,False,Image,False,7,4,3,3
351,sub-06,lh-superiorfrontal,0.43999999999999995,-0.10050378152592121,0.4210526315789474,0.713837470897619,None + Linear-SVM,unconscious,unconscious,False,Image,False,5,4,6,5
352,sub-06,lh-superiorfrontal,0.4666666666666666,-0.14085904245475275,0.2222222222222222,0.6665438839370909,None + Linear-SVM,unconscious,unconscious,False,Image,False,5,1,2,5
353,sub-06,lh-superiorfrontal,0.7250000000000001,0.18856180831641267,0.4444444444444445,0.6561406034567451,None + Linear-SVM,unconscious,unconscious,False,Image,False,7,2,2,3
354,sub-06,lh-superiorfrontal,0.5916666666666667,-0.08333333333333333,0.45454545454545453,0.6842249758744231,None + Linear-SVM,unconscious,unconscious,False,Image,False,5,5,7,5
355,sub-06,lh-superiorfrontal,0.4818181818181818,-0.13762047064079508,0.39999999999999997,0.707324996368294,None + Linear-SVM,unconscious,unconscious,False,Image,False,5,4,7,5
356,sub-06,lh-superiorfrontal,0.43333333333333335,-0.14085904245475275,0.2222222222222222,0.6703023369905579,None + Linear-SVM,unconscious,unconscious,False,Image,False,5,1,2,5
357,sub-06,lh-superiorfrontal,0.76,0.18898223650461363,0.5,0.6479474218256596,None + Linear-SVM,unconscious,unconscious,False,Image,False,6,3,2,4
358,sub-06,lh-superiorfrontal,0.3333333333333333,-0.2581988897471611,0.28571428571428575,0.7008269140597057,None + Linear-SVM,unconscious,unconscious,False,Image,False,4,2,4,6
359,sub-06,lh-superiorfrontal,0.46,0.0,0.3636363636363636,0.6946171746254567,None + Linear-SVM,unconscious,unconscious,False,Image,False,6,2,3,4
360,sub-06,lh-superiorfrontal,0.36363636363636365,-0.23636363636363636,0.380952380952381,0.7273609780154177,None + Linear-SVM,unconscious,unconscious,False,Image,False,4,4,7,6
361,sub-06,lh-superiorfrontal,0.575,0.0,0.36363636363636365,0.6662121848804304,None + Linear-SVM,unconscious,unconscious,False,Image,False,5,2,2,5
362,sub-06,lh-superiorfrontal,0.4888888888888889,-0.05555555555555555,0.4444444444444444,0.6944804508579276,None + Linear-SVM,unconscious,unconscious,False,Image,False,5,4,5,5
363,sub-06,lh-superiorfrontal,0.5111111111111111,0.15555555555555556,0.5555555555555556,0.6897471017948443,None + Linear-SVM,unconscious,unconscious,False,Image,False,6,5,4,4
364,sub-06,lh-superiorfrontal,0.54,0.0,0.4444444444444445,0.6982367123896135,None + Linear-SVM,unconscious,unconscious,False,Image,False,6,4,6,4
365,sub-06,lh-superiorfrontal,0.6333333333333333,0.13333333333333333,0.3333333333333333,0.658446724375998,None + Linear-SVM,unconscious,unconscious,False,Image,False,8,1,2,2
366,sub-06,lh-superiorfrontal,0.4,-0.10050378152592121,0.4210526315789474,0.7129882517704094,None + Linear-SVM,unconscious,unconscious,False,Image,False,5,4,6,5
367,sub-06,lh-superiorfrontal,0.6,0.044946657497549475,0.47058823529411764,0.6753181761456383,None + Linear-SVM,unconscious,unconscious,False,Image,False,6,4,5,4
368,sub-06,lh-superiorfrontal,0.5555555555555556,-0.05555555555555555,0.4444444444444444,0.6817369722276382,None + Linear-SVM,unconscious,unconscious,False,Image,False,5,4,5,5
369,sub-06,lh-superiorfrontal,0.509090909090909,-0.13762047064079508,0.39999999999999997,0.7004006260112422,None + Linear-SVM,unconscious,unconscious,False,Image,False,5,4,7,5
370,sub-06,lh-superiorfrontal,0.4,-0.09449111825230681,0.3333333333333333,0.6919034772386036,None + Linear-SVM,unconscious,unconscious,False,Image,False,5,2,3,5
371,sub-06,lh-superiorfrontal,0.5,-0.07042952122737638,0.39999999999999997,0.6876420639809284,None + Linear-SVM,unconscious,unconscious,False,Image,False,5,3,4,5
372,sub-06,lh-superiorfrontal,0.32307692307692304,-0.2923076923076923,0.34782608695652173,0.7502077488006506,None + Linear-SVM,unconscious,unconscious,False,Image,False,4,4,9,6
373,sub-06,lh-superiorfrontal,0.6875,0.325,0.625,0.6682441589492828,None + Linear-SVM,unconscious,unconscious,False,Image,False,7,5,3,3
374,sub-06,lh-superiorfrontal,0.5,-0.07042952122737638,0.39999999999999997,0.6840496590600447,None + Linear-SVM,unconscious,unconscious,False,Image,False,5,3,4,5
375,sub-06,lh-superiorfrontal,0.25,-0.4472135954999579,0.0,0.6722096712158357,None + Linear-SVM,unconscious,unconscious,False,Image,False,4,0,2,6
376,sub-06,lh-superiorfrontal,0.36,-0.2,0.4000000000000001,0.713841712708564,None + Linear-SVM,unconscious,unconscious,False,Image,False,4,4,6,6
377,sub-06,lh-superiorfrontal,0.37777777777777777,-0.1685499656158105,0.35294117647058826,0.7066262793810589,None + Linear-SVM,unconscious,unconscious,False,Image,False,5,3,6,5
378,sub-06,lh-superiorfrontal,0.46,-0.09449111825230681,0.3333333333333333,0.6792417861747927,None + Linear-SVM,unconscious,unconscious,False,Image,False,5,2,3,5
379,sub-06,lh-superiorfrontal,0.42999999999999994,-0.2041241452319315,0.33333333333333326,0.7074314161971723,None + Linear-SVM,unconscious,unconscious,False,Image,False,5,3,7,5
380,sub-06,lh-superiorfrontal,0.3636363636363636,-0.2337367475021143,0.3157894736842105,0.7258687467453159,None + Linear-SVM,unconscious,unconscious,False,Image,False,5,3,8,5
381,sub-06,lh-superiorfrontal,0.6333333333333333,0.03042903097250923,0.28571428571428575,0.662253344136137,None + Linear-SVM,unconscious,unconscious,False,Image,False,7,1,2,3
382,sub-06,lh-superiorfrontal,0.525,0.0,0.47058823529411764,0.7001935086957211,None + Linear-SVM,unconscious,unconscious,False,Image,False,5,4,4,5
383,sub-06,lh-superiorfrontal,0.5800000000000001,0.1,0.4000000000000001,0.667882584509911,None + Linear-SVM,unconscious,unconscious,False,Image,False,7,2,3,3
384,sub-06,lh-superiorfrontal,0.7714285714285714,0.2714285714285714,0.5714285714285714,0.658450191106824,None + Linear-SVM,unconscious,unconscious,False,Image,False,7,4,3,3
385,sub-06,lh-superiorfrontal,0.6666666666666667,0.15811388300841897,0.4444444444444445,0.6568168911301608,None + Linear-SVM,unconscious,unconscious,False,Image,False,6,2,2,3
386,sub-06,lh-superiorfrontal,0.7555555555555555,0.4777777777777778,0.7368421052631577,0.6805499889591641,None + Linear-SVM,unconscious,unconscious,False,Image,False,7,7,3,2
387,sub-06,lh-superiorfrontal,0.33333333333333337,-0.18055555555555555,0.375,0.7224838147347283,None + Linear-SVM,unconscious,unconscious,False,Image,False,4,3,5,5
388,sub-06,lh-superiorfrontal,0.5714285714285714,0.22084711628963774,0.5,0.6800716370606881,None + Linear-SVM,unconscious,unconscious,False,Image,False,7,3,4,2
389,sub-06,lh-superiorfrontal,0.8055555555555556,0.2777777777777778,0.5,0.647040636099686,None + Linear-SVM,unconscious,unconscious,False,Image,False,7,2,2,2
390,sub-06,lh-superiorfrontal,0.7222222222222222,0.408491223118783,0.6666666666666666,0.6710814274864495,None + Linear-SVM,unconscious,unconscious,False,Image,False,7,5,3,2
391,sub-06,lh-superiorfrontal,0.6190476190476191,0.23809523809523808,0.5714285714285714,0.6761341179689324,None + Linear-SVM,unconscious,unconscious,False,Image,False,6,4,3,3
392,sub-06,lh-superiorfrontal,0.5185185185185185,-0.09759000729485331,0.25,0.6563466280334772,None + Linear-SVM,unconscious,unconscious,False,Image,False,5,1,2,4
393,sub-06,lh-superiorfrontal,0.6888888888888889,0.25819888974716115,0.5454545454545454,0.6622670534373839,None + Linear-SVM,unconscious,unconscious,False,Image,False,6,3,2,3
394,sub-06,lh-superiorfrontal,0.6777777777777778,0.3820465887291705,0.6666666666666665,0.6821258901584857,None + Linear-SVM,unconscious,unconscious,False,Image,False,7,6,4,2
395,sub-06,lh-superiorfrontal,0.6666666666666666,0.37777777777777777,0.6,0.6632362733678819,None + Linear-SVM,unconscious,unconscious,False,Image,False,7,3,2,2
396,sub-06,lh-superiorfrontal,0.4444444444444444,-0.1259881576697424,0.39999999999999997,0.6953404139089038,None + Linear-SVM,unconscious,unconscious,False,Image,False,4,3,4,5
397,sub-06,lh-superiorfrontal,0.6666666666666667,0.21212121212121213,0.6,0.6879260478108508,None + Linear-SVM,unconscious,unconscious,False,Image,False,6,6,5,3
398,sub-06,lh-superiorfrontal,0.7936507936507937,0.49206349206349204,0.7142857142857143,0.6582680534646742,None + Linear-SVM,unconscious,unconscious,False,Image,False,7,5,2,2
399,sub-06,lh-superiorfrontal,0.47777777777777775,0.05555555555555555,0.5263157894736842,0.7053426628654126,None + Linear-SVM,unconscious,unconscious,False,Image,False,5,5,5,4
400,sub-06,lh-superiorfrontal,0.5555555555555556,0.1111111111111111,0.3333333333333333,0.6529414457328416,None + Linear-SVM,unconscious,unconscious,False,Image,False,7,1,2,2
401,sub-06,lh-superiorfrontal,0.8611111111111112,0.5006939628599933,0.6666666666666665,0.6411462891221961,None + Linear-SVM,unconscious,unconscious,False,Image,False,7,3,1,2
402,sub-06,lh-superiorfrontal,0.6574074074074074,0.08492077756084468,0.5,0.6852530382257582,None + Linear-SVM,unconscious,unconscious,False,Image,False,6,5,7,3
403,sub-06,lh-superiorfrontal,0.5656565656565657,0.21212121212121213,0.6,0.7010149124677333,None + Linear-SVM,unconscious,unconscious,False,Image,False,6,6,5,3
404,sub-06,lh-superiorfrontal,0.5925925925925926,0.0,0.28571428571428575,0.6544657097889791,None + Linear-SVM,unconscious,unconscious,False,Image,False,6,1,2,3
405,sub-06,lh-superiorfrontal,0.888888888888889,0.37777777777777777,0.6,0.6382175042490411,None + Linear-SVM,unconscious,unconscious,False,Image,False,7,3,2,2
406,sub-06,lh-superiorfrontal,0.38888888888888895,-0.21821789023599236,0.30769230769230765,0.6921474598931625,None + Linear-SVM,unconscious,unconscious,False,Image,False,4,2,4,5
407,sub-06,lh-superiorfrontal,0.6000000000000001,0.25819888974716115,0.5454545454545454,0.676995404231374,None + Linear-SVM,unconscious,unconscious,False,Image,False,6,3,2,3
408,sub-06,lh-superiorfrontal,0.42424242424242425,-0.08206099398622181,0.4210526315789474,0.71693956308407,None + Linear-SVM,unconscious,unconscious,False,Image,False,5,4,7,4
409,sub-06,lh-superiorfrontal,0.6111111111111112,0.05143444998736397,0.4,0.6569155482683215,None + Linear-SVM,unconscious,unconscious,False,Image,False,5,2,2,4
410,sub-06,lh-superiorfrontal,0.654320987654321,0.11396057645963795,0.5,0.6885036541462016,None + Linear-SVM,unconscious,unconscious,False,Image,False,6,4,5,3
411,sub-06,lh-superiorfrontal,0.617283950617284,0.3333333333333333,0.6666666666666666,0.6870763144428979,None + Linear-SVM,unconscious,unconscious,False,Image,False,6,6,3,3
412,sub-06,lh-superiorfrontal,0.6555555555555557,0.26666666666666666,0.631578947368421,0.688148863274444,None + Linear-SVM,unconscious,unconscious,False,Image,False,6,6,4,3
413,sub-06,lh-superiorfrontal,0.7037037037037037,0.25819888974716115,0.4,0.6463746293217306,None + Linear-SVM,unconscious,unconscious,False,Image,False,8,1,2,1
414,sub-06,lh-superiorfrontal,0.5333333333333333,0.1685499656158105,0.5555555555555556,0.7039414166737785,None + Linear-SVM,unconscious,unconscious,False,Image,False,6,5,5,3
415,sub-06,lh-superiorfrontal,0.7654320987654321,0.4472135954999579,0.7058823529411765,0.6722526682560678,None + Linear-SVM,unconscious,unconscious,False,Image,False,7,6,3,2
416,sub-06,lh-superiorfrontal,0.6666666666666666,0.3333333333333333,0.6666666666666666,0.6819696768239162,None + Linear-SVM,unconscious,unconscious,False,Image,False,6,6,3,3
417,sub-06,lh-superiorfrontal,0.6464646464646464,0.21212121212121213,0.6,0.6885458547922735,None + Linear-SVM,unconscious,unconscious,False,Image,False,6,6,5,3
418,sub-06,lh-superiorfrontal,0.48888888888888893,-0.04303314829119352,0.3636363636363636,0.6759900238532356,None + Linear-SVM,unconscious,unconscious,False,Image,False,5,2,3,4
419,sub-06,lh-superiorfrontal,0.5238095238095238,0.09759000729485331,0.4615384615384615,0.6851167512762196,None + Linear-SVM,unconscious,unconscious,False,Image,False,6,3,4,3
420,sub-06,lh-superiorfrontal,0.4444444444444444,-0.16878989451394444,0.4347826086956522,0.7293508295074783,None + Linear-SVM,unconscious,unconscious,False,Image,False,4,5,8,5
421,sub-06,lh-superiorfrontal,0.75,0.408491223118783,0.6666666666666666,0.6658658793341684,None + Linear-SVM,unconscious,unconscious,False,Image,False,7,5,3,2
422,sub-06,lh-superiorfrontal,0.619047619047619,0.09759000729485331,0.4615384615384615,0.682447610672476,None + Linear-SVM,unconscious,unconscious,False,Image,False,6,3,4,3
423,sub-06,lh-superiorfrontal,0.2777777777777778,-0.3563483225498992,0.0,0.6548689811849097,None + Linear-SVM,unconscious,unconscious,False,Image,False,5,0,2,4
424,sub-06,lh-superiorfrontal,0.4888888888888889,-0.044946657497549475,0.4444444444444445,0.7056488852907884,None + Linear-SVM,unconscious,unconscious,False,Image,False,5,4,6,4
425,sub-06,lh-superiorfrontal,0.5432098765432098,0.1111111111111111,0.5555555555555556,0.69655373625048,None + Linear-SVM,unconscious,unconscious,False,Image,False,5,5,4,4
426,sub-06,lh-superiorfrontal,0.5777777777777778,-0.04303314829119352,0.3636363636363636,0.6706267611709492,None + Linear-SVM,unconscious,unconscious,False,Image,False,5,2,3,4
427,sub-06,lh-superiorfrontal,0.5555555555555556,0.1685499656158105,0.5555555555555556,0.6980001186508181,None + Linear-SVM,unconscious,unconscious,False,Image,False,6,5,5,3
428,sub-06,lh-superiorfrontal,0.4747474747474748,0.010101010101010102,0.5,0.7083462772878418,None + Linear-SVM,unconscious,unconscious,False,Image,False,5,5,6,4
429,sub-06,lh-superiorfrontal,0.7037037037037037,0.1111111111111111,0.3333333333333333,0.645477450712469,None + Linear-SVM,unconscious,unconscious,False,Image,False,7,1,2,2
430,sub-06,lh-superiorfrontal,0.611111111111111,0.1690308509457033,0.5333333333333333,0.6848207700640853,None + Linear-SVM,unconscious,unconscious,False,Image,False,6,4,4,3
431,sub-06,lh-superiorfrontal,0.7555555555555555,0.37777777777777777,0.6,0.6546570257010017,None + Linear-SVM,unconscious,unconscious,False,Image,False,7,3,2,2
432,sub-06,lh-superiorfrontal,0.8571428571428572,0.6180700462007377,0.7692307692307692,0.6525803071648586,None + Linear-SVM,unconscious,unconscious,False,Image,False,8,5,2,1
433,sub-06,lh-superiorfrontal,0.4166666666666667,-0.25,0.25,0.6953251507901425,None + Linear-SVM,unconscious,unconscious,False,Image,False,3,1,3,3
434,sub-06,lh-superiorfrontal,0.5166666666666666,0.09759000729485331,0.631578947368421,0.7076611192983631,None + Linear-SVM,unconscious,unconscious,False,Image,False,3,6,4,3
435,sub-06,lh-superiorfrontal,0.29166666666666663,-0.25819888974716115,0.3076923076923077,0.7569059222272424,None + Linear-SVM,unconscious,unconscious,False,Image,False,3,2,6,3
436,sub-06,lh-superiorfrontal,0.47619047619047616,-0.07142857142857142,0.4615384615384615,0.7127114362192564,None + Linear-SVM,unconscious,unconscious,False,Image,False,3,3,4,3
437,sub-06,lh-superiorfrontal,0.5416666666666666,-0.0890870806374748,0.28571428571428575,0.682899352417435,None + Linear-SVM,unconscious,unconscious,False,Image,False,4,1,3,2
438,sub-06,lh-superiorfrontal,0.5416666666666666,0.16666666666666666,0.5714285714285715,0.6965543923483463,None + Linear-SVM,unconscious,unconscious,False,Image,False,4,4,4,2
439,sub-06,lh-superiorfrontal,0.4523809523809524,-0.07142857142857142,0.4615384615384615,0.7186328552107807,None + Linear-SVM,unconscious,unconscious,False,Image,False,3,3,4,3
440,sub-06,lh-superiorfrontal,0.4444444444444445,-0.15811388300841897,0.28571428571428575,0.6966471109897469,None + Linear-SVM,unconscious,unconscious,False,Image,False,3,1,2,3
441,sub-06,lh-superiorfrontal,0.5,-0.1,0.4000000000000001,0.6975469671385794,None + Linear-SVM,unconscious,unconscious,False,Image,False,3,2,3,3
442,sub-06,lh-superiorfrontal,0.38333333333333336,-0.09759000729485331,0.47058823529411764,0.729843643045812,None + Linear-SVM,unconscious,unconscious,False,Image,False,3,4,6,3
443,sub-06,lh-superiorfrontal,0.4,0.1,0.5454545454545454,0.7033713903685722,None + Linear-SVM,unconscious,unconscious,False,Image,False,3,3,2,3
444,sub-06,lh-superiorfrontal,0.4285714285714286,-0.21957751641341997,0.3333333333333333,0.7444325070347813,None + Linear-SVM,unconscious,unconscious,False,Image,False,3,2,5,3
445,sub-06,lh-superiorfrontal,0.4696969696969697,-0.04351941398892446,0.5263157894736842,0.7236908144022698,None + Linear-SVM,unconscious,unconscious,False,Image,False,3,5,6,3
446,sub-06,lh-superiorfrontal,0.5952380952380952,0.09759000729485333,0.5,0.6818757800194118,None + Linear-SVM,unconscious,unconscious,False,Image,False,4,3,4,2
447,sub-06,lh-superiorfrontal,0.45,0.0,0.5555555555555556,0.7413025281278611,None + Linear-SVM,unconscious,unconscious,False,Image,False,3,5,5,3
448,sub-06,lh-superiorfrontal,0.4444444444444444,-0.15811388300841897,0.28571428571428575,0.6900255247785148,None + Linear-SVM,unconscious,unconscious,False,Image,False,3,1,2,3
449,sub-06,lh-superiorfrontal,0.6666666666666666,0.16666666666666666,0.5,0.6713678512320975,None + Linear-SVM,unconscious,unconscious,False,Image,False,4,2,2,2
450,sub-06,lh-superiorfrontal,0.5416666666666667,-0.07905694150420949,0.5,0.7070717161451918,None + Linear-SVM,unconscious,unconscious,False,Image,False,3,5,7,3
451,sub-06,lh-superiorfrontal,0.4545454545454546,-0.04351941398892446,0.5263157894736842,0.731097051926674,None + Linear-SVM,unconscious,unconscious,False,Image,False,3,5,6,3
452,sub-06,lh-superiorfrontal,0.4444444444444444,-0.15811388300841897,0.28571428571428575,0.6928679565728566,None + Linear-SVM,unconscious,unconscious,False,Image,False,3,1,2,3
453,sub-06,lh-superiorfrontal,0.7333333333333334,0.26666666666666666,0.6,0.654063525391221,None + Linear-SVM,unconscious,unconscious,False,Image,False,4,3,2,2
454,sub-06,lh-superiorfrontal,0.4166666666666667,-0.1690308509457033,0.3636363636363636,0.7227255128309255,None + Linear-SVM,unconscious,unconscious,False,Image,False,3,2,4,3
455,sub-06,lh-superiorfrontal,0.4666666666666667,-0.14907119849998599,0.25,0.7270345702178067,None + Linear-SVM,unconscious,unconscious,False,Image,False,4,1,4,2
456,sub-06,lh-superiorfrontal,0.33333333333333337,-0.13241022442571243,0.4444444444444444,0.7476539367916741,None + Linear-SVM,unconscious,unconscious,False,Image,False,3,4,7,3
457,sub-06,lh-superiorfrontal,0.5833333333333334,0.0,0.4444444444444445,0.6790801227551195,None + Linear-SVM,unconscious,unconscious,False,Image,False,3,2,2,3
458,sub-06,lh-superiorfrontal,0.425925925925926,-0.16666666666666666,0.4,0.730178357771516,None + Linear-SVM,unconscious,unconscious,False,Image,False,3,3,6,3
459,sub-06,lh-superiorfrontal,0.4444444444444445,0.05455447255899809,0.5882352941176471,0.7144614050738084,None + Linear-SVM,unconscious,unconscious,False,Image,False,3,5,4,3
460,sub-06,lh-superiorfrontal,0.4666666666666667,0.0,0.5555555555555556,0.7202269223793529,None + Linear-SVM,unconscious,unconscious,False,Image,False,3,5,5,3
461,sub-06,lh-superiorfrontal,0.6111111111111112,0.1889822365046136,0.4,0.6714858367115218,None + Linear-SVM,unconscious,unconscious,False,Image,False,5,1,2,1
462,sub-06,lh-superiorfrontal,0.4,0.09759000729485331,0.631578947368421,0.7371502811319594,None + Linear-SVM,unconscious,unconscious,False,Image,False,3,6,4,3
463,sub-06,lh-superiorfrontal,0.5740740740740741,0.1111111111111111,0.5333333333333333,0.6971693886599533,None + Linear-SVM,unconscious,unconscious,False,Image,False,4,4,5,2
464,sub-06,lh-superiorfrontal,0.5185185185185185,0.05455447255899809,0.5882352941176471,0.7022887292934136,None + Linear-SVM,unconscious,unconscious,False,Image,False,3,5,4,3
465,sub-06,lh-superiorfrontal,0.48484848484848486,-0.04351941398892446,0.5263157894736842,0.7187534819271628,None + Linear-SVM,unconscious,unconscious,False,Image,False,3,5,6,3
466,sub-06,lh-superiorfrontal,0.4,-0.1,0.4000000000000001,0.712537002336458,None + Linear-SVM,unconscious,unconscious,False,Image,False,3,2,3,3
467,sub-06,lh-superiorfrontal,0.4285714285714286,-0.07142857142857142,0.4615384615384615,0.7186118111398785,None + Linear-SVM,unconscious,unconscious,False,Image,False,3,3,4,3
468,sub-06,lh-superiorfrontal,0.33333333333333337,-0.1086310236566852,0.4761904761904762,0.7702647344337705,None + Linear-SVM,unconscious,unconscious,False,Image,False,3,5,8,3
469,sub-06,lh-superiorfrontal,0.6041666666666667,0.04303314829119352,0.4615384615384615,0.6887592513014311,None + Linear-SVM,unconscious,unconscious,False,Image,False,4,3,5,2
470,sub-06,lh-superiorfrontal,0.47619047619047616,-0.07142857142857142,0.4615384615384615,0.7058950150444093,None + Linear-SVM,unconscious,unconscious,False,Image,False,3,3,4,3
471,sub-06,lh-superiorfrontal,0.16666666666666669,-0.5773502691896258,0.0,0.7147367008395272,None + Linear-SVM,unconscious,unconscious,False,Image,False,2,0,2,4
472,sub-06,lh-superiorfrontal,0.4166666666666667,-0.09759000729485331,0.47058823529411764,0.7368238560963565,None + Linear-SVM,unconscious,unconscious,False,Image,False,3,4,6,3
473,sub-06,lh-superiorfrontal,0.37037037037037035,-0.16666666666666666,0.4,0.7390609349397664,None + Linear-SVM,unconscious,unconscious,False,Image,False,3,3,6,3
474,sub-06,lh-superiorfrontal,0.43333333333333335,-0.3105295017040594,0.22222222222222224,0.7100157952048495,None + Linear-SVM,unconscious,unconscious,False,Image,False,3,1,4,3
475,sub-06,lh-superiorfrontal,0.43333333333333335,-0.09759000729485331,0.47058823529411764,0.7306178373073634,None + Linear-SVM,unconscious,unconscious,False,Image,False,3,4,6,3
476,sub-06,lh-superiorfrontal,0.34848484848484845,-0.13241022442571243,0.4444444444444444,0.7531164217101312,None + Linear-SVM,unconscious,unconscious,False,Image,False,3,4,7,3
477,sub-06,lh-superiorfrontal,0.5555555555555556,0.0,0.3333333333333333,0.6789460188559303,None + Linear-SVM,unconscious,unconscious,False,Image,False,4,1,2,2
478,sub-06,lh-superiorfrontal,0.45833333333333337,0.04303314829119352,0.4615384615384615,0.729365150771014,None + Linear-SVM,unconscious,unconscious,False,Image,False,4,3,5,2
479,sub-06,lh-superiorfrontal,0.6,0.06900655593423542,0.4444444444444445,0.6825158652725949,None + Linear-SVM,unconscious,unconscious,False,Image,False,4,2,3,2
480,sub-06,lh-superiorfrontal,0.6666666666666666,0.23809523809523808,0.6153846153846153,0.670148808822177,None + Linear-SVM,unconscious,unconscious,False,Image,False,4,4,3,2
481,sub-06,lh-superiorfrontal,0.5357142857142857,-0.03857583749052298,0.28571428571428575,0.6759118283347593,None + Linear-SVM,unconscious,unconscious,False,Image,False,5,1,3,2
482,sub-06,lh-superiorfrontal,0.6142857142857143,0.11769797726729993,0.5,0.698152005560838,None + Linear-SVM,unconscious,unconscious,False,Image,False,5,4,6,2
483,sub-06,lh-superiorfrontal,0.2678571428571429,-0.32732683535398854,0.28571428571428575,0.7374426162746033,None + Linear-SVM,unconscious,unconscious,False,Image,False,3,2,6,4
484,sub-06,lh-superiorfrontal,0.5510204081632653,0.14907119849998599,0.5,0.6939849888527669,None + Linear-SVM,unconscious,unconscious,False,Image,False,5,3,4,2
485,sub-06,lh-superiorfrontal,0.6785714285714286,0.21428571428571427,0.5,0.6681975800702218,None + Linear-SVM,unconscious,unconscious,False,Image,False,5,2,2,2
486,sub-06,lh-superiorfrontal,0.625,0.37796447300922725,0.6153846153846154,0.6874627849636515,None + Linear-SVM,unconscious,unconscious,False,Image,False,6,4,4,1
487,sub-06,lh-superiorfrontal,0.5102040816326531,0.0,0.4615384615384615,0.6956561007800491,None + Linear-SVM,unconscious,unconscious,False,Image,False,4,3,4,3
488,sub-06,lh-superiorfrontal,0.38095238095238093,-0.2182178902359924,0.25,0.6770872534665814,None + Linear-SVM,unconscious,unconscious,False,Image,False,3,1,2,4
489,sub-06,lh-superiorfrontal,0.5714285714285715,-0.02857142857142857,0.4000000000000001,0.6808930150211429,None + Linear-SVM,unconscious,unconscious,False,Image,False,4,2,3,3
490,sub-06,lh-superiorfrontal,0.5428571428571428,0.07042952122737638,0.5555555555555556,0.7058732812266673,None + Linear-SVM,unconscious,unconscious,False,Image,False,4,5,5,3
491,sub-06,lh-superiorfrontal,0.5142857142857142,0.11952286093343936,0.4444444444444445,0.6865410974485537,None + Linear-SVM,unconscious,unconscious,False,Image,False,5,2,3,2
492,sub-06,lh-superiorfrontal,0.3877551020408163,-0.28867513459481287,0.30769230769230765,0.7143170688743413,None + Linear-SVM,unconscious,unconscious,False,Image,False,3,2,5,4
493,sub-06,lh-superiorfrontal,0.5064935064935064,-0.11396057645963795,0.5,0.7078613715463,None + Linear-SVM,unconscious,unconscious,False,Image,False,3,5,6,4
494,sub-06,lh-superiorfrontal,0.6938775510204082,0.28867513459481287,0.6153846153846153,0.677741090685201,None + Linear-SVM,unconscious,unconscious,False,Image,False,5,4,3,2
495,sub-06,lh-superiorfrontal,0.4857142857142857,-0.02857142857142857,0.47058823529411764,0.7209410326918724,None + Linear-SVM,unconscious,unconscious,False,Image,False,4,4,6,3
496,sub-06,lh-superiorfrontal,0.5238095238095237,-0.0890870806374748,0.28571428571428575,0.673821430356546,None + Linear-SVM,unconscious,unconscious,False,Image,False,4,1,2,3
497,sub-06,lh-superiorfrontal,0.8571428571428572,0.6071428571428571,0.75,0.6548751822988315,None + Linear-SVM,unconscious,unconscious,False,Image,False,6,3,1,1
498,sub-06,lh-superiorfrontal,0.6547619047619048,0.06900655593423542,0.5714285714285715,0.6942124977267555,None + Linear-SVM,unconscious,unconscious,False,Image,False,4,6,6,3
499,sub-06,lh-superiorfrontal,0.4675324675324675,0.025482359571881278,0.5263157894736842,0.7219272626173088,None + Linear-SVM,unconscious,unconscious,False,Image,False,4,5,6,3
500,sub-06,lh-superiorfrontal,0.5714285714285714,0.047619047619047616,0.3333333333333333,0.6695680217814529,None + Linear-SVM,unconscious,unconscious,False,Image,False,5,1,2,2
501,sub-06,lh-superiorfrontal,0.8285714285714285,0.47809144373375745,0.6666666666666665,0.6548453365562756,None + Linear-SVM,unconscious,unconscious,False,Image,False,6,3,2,1
502,sub-06,lh-superiorfrontal,0.30952380952380953,-0.4147575310031266,0.1818181818181818,0.7103020969975944,None + Linear-SVM,unconscious,unconscious,False,Image,False,3,1,5,4
503,sub-06,lh-superiorfrontal,0.5714285714285714,0.11952286093343936,0.4444444444444445,0.6929973117565041,None + Linear-SVM,unconscious,unconscious,False,Image,False,5,2,3,2
504,sub-06,lh-superiorfrontal,0.35064935064935066,-0.20385887657505022,0.4210526315789474,0.7325295300135211,None + Linear-SVM,unconscious,unconscious,False,Image,False,3,4,7,4
505,sub-06,lh-superiorfrontal,0.5714285714285714,-0.03857583749052298,0.28571428571428575,0.6703595096777847,None + Linear-SVM,unconscious,unconscious,False,Image,False,5,1,3,2
506,sub-06,lh-superiorfrontal,0.5079365079365079,-0.1259881576697424,0.47058823529411764,0.701937291613624,None + Linear-SVM,unconscious,unconscious,False,Image,False,3,4,5,4
507,sub-06,lh-superiorfrontal,0.5238095238095238,0.2698412698412698,0.6250000000000001,0.7055553901646328,None + Linear-SVM,unconscious,unconscious,False,Image,False,5,5,4,2
508,sub-06,lh-superiorfrontal,0.5428571428571429,0.07042952122737638,0.5555555555555556,0.7065853290848481,None + Linear-SVM,unconscious,unconscious,False,Image,False,4,5,5,3
509,sub-06,lh-superiorfrontal,0.6190476190476191,0.2182178902359924,0.4,0.6664769766932854,None + Linear-SVM,unconscious,unconscious,False,Image,False,6,1,2,1
510,sub-06,lh-superiorfrontal,0.5142857142857143,0.07042952122737638,0.5555555555555556,0.7135291013292173,None + Linear-SVM,unconscious,unconscious,False,Image,False,4,5,5,3
511,sub-06,lh-superiorfrontal,0.6349206349206349,0.2698412698412698,0.6250000000000001,0.6928212278861252,None + Linear-SVM,unconscious,unconscious,False,Image,False,5,5,4,2
512,sub-06,lh-superiorfrontal,0.5238095238095238,0.015873015873015872,0.5,0.6960838250187507,None + Linear-SVM,unconscious,unconscious,False,Image,False,4,4,5,3
513,sub-06,lh-superiorfrontal,0.5584415584415585,0.11396057645963795,0.6,0.7051877450529788,None + Linear-SVM,unconscious,unconscious,False,Image,False,4,6,5,3
514,sub-06,lh-superiorfrontal,0.4285714285714286,-0.1690308509457033,0.3636363636363636,0.6946820116401565,None + Linear-SVM,unconscious,unconscious,False,Image,False,3,2,3,4
515,sub-06,lh-superiorfrontal,0.5102040816326531,0.0,0.4615384615384615,0.6996844426297334,None + Linear-SVM,unconscious,unconscious,False,Image,False,4,3,4,3
516,sub-06,lh-superiorfrontal,0.34065934065934067,-0.25677629550654774,0.380952380952381,0.7577672232801929,None + Linear-SVM,unconscious,unconscious,False,Image,False,3,4,9,4
517,sub-06,lh-superiorfrontal,0.6964285714285715,0.3392857142857143,0.6666666666666666,0.6795569594597386,None + Linear-SVM,unconscious,unconscious,False,Image,False,5,5,3,2
518,sub-06,lh-superiorfrontal,0.5306122448979591,-0.14285714285714285,0.42857142857142855,0.6906696568933045,None + Linear-SVM,unconscious,unconscious,False,Image,False,3,3,4,4
519,sub-06,lh-superiorfrontal,0.14285714285714285,-0.5976143046671968,0.0,0.6787999882677794,None + Linear-SVM,unconscious,unconscious,False,Image,False,2,0,2,5
520,sub-06,lh-superiorfrontal,0.31428571428571433,-0.2714285714285714,0.3529411764705882,0.7265386610416174,None + Linear-SVM,unconscious,unconscious,False,Image,False,3,3,7,4
521,sub-06,lh-superiorfrontal,0.39682539682539686,-0.23809523809523808,0.375,0.7140622242301724,None + Linear-SVM,unconscious,unconscious,False,Image,False,3,3,6,4
522,sub-06,lh-superiorfrontal,0.4,-0.1690308509457033,0.3636363636363636,0.6949677250642914,None + Linear-SVM,unconscious,unconscious,False,Image,False,3,2,3,4
523,sub-06,lh-superiorfrontal,0.45714285714285713,-0.02857142857142857,0.47058823529411764,0.7136306780964045,None + Linear-SVM,unconscious,unconscious,False,Image,False,4,4,6,3
524,sub-06,lh-superiorfrontal,0.35064935064935066,-0.06493506493506493,0.4444444444444444,0.7311489755751501,None + Linear-SVM,unconscious,unconscious,False,Image,False,4,4,7,3
525,sub-06,lh-superiorfrontal,0.6190476190476191,0.047619047619047616,0.3333333333333333,0.6661608185852275,None + Linear-SVM,unconscious,unconscious,False,Image,False,5,1,2,2
526,sub-06,lh-superiorfrontal,0.5178571428571429,0.07142857142857142,0.5333333333333333,0.7123722620489378,None + Linear-SVM,unconscious,unconscious,False,Image,False,4,4,4,3
527,sub-06,lh-superiorfrontal,0.6571428571428571,0.11952286093343936,0.4444444444444445,0.6698522178706269,None + Linear-SVM,unconscious,unconscious,False,Image,False,5,2,3,2
528,sub-06,lh-superiorfrontal,0.8367346938775511,0.5773502691896257,0.7692307692307692,0.6659316934610258,None + Linear-SVM,unconscious,unconscious,False,Image,False,6,5,2,1
529,sub-06,lh-superiorfrontal,0.6153846153846154,0.03268602252303067,0.3333333333333333,0.6557732032093795,None + Linear-SVM,unconscious,unconscious,False,Image,False,7,2,2,6
530,sub-06,lh-superiorfrontal,0.7153846153846154,0.3750457847507963,0.631578947368421,0.6708967951565865,None + Linear-SVM,unconscious,unconscious,False,Image,False,10,6,4,3
531,sub-06,lh-superiorfrontal,0.3942307692307693,-0.1589409883014377,0.33333333333333326,0.6959701451998773,None + Linear-SVM,unconscious,unconscious,False,Image,False,6,3,5,7
532,sub-06,lh-superiorfrontal,0.5714285714285714,0.2058790548922549,0.4615384615384615,0.6686615970785316,None + Linear-SVM,unconscious,unconscious,False,Image,False,10,3,4,3
533,sub-06,lh-superiorfrontal,0.7307692307692308,0.1706971854997297,0.4,0.6520814159880735,None + Linear-SVM,unconscious,unconscious,False,Image,False,9,2,2,4
534,sub-06,lh-superiorfrontal,0.6826923076923077,0.31137618438976383,0.5882352941176471,0.6638406791073839,None + Linear-SVM,unconscious,unconscious,False,Image,False,9,5,3,4
535,sub-06,lh-superiorfrontal,0.5934065934065933,0.04279604925109129,0.39999999999999997,0.66919808416511,None + Linear-SVM,unconscious,unconscious,False,Image,False,8,3,4,5
536,sub-06,lh-superiorfrontal,0.5128205128205128,-0.10087125544480041,0.2,0.6528475569854494,None + Linear-SVM,unconscious,unconscious,False,Image,False,7,1,2,6
537,sub-06,lh-superiorfrontal,0.6461538461538462,0.01413506985480439,0.3333333333333333,0.6582087007884854,None + Linear-SVM,unconscious,unconscious,False,Image,False,8,2,3,5
538,sub-06,lh-superiorfrontal,0.6076923076923076,0.2923076923076923,0.6,0.6773416379839232,None + Linear-SVM,unconscious,unconscious,False,Image,False,9,6,4,4
539,sub-06,lh-superiorfrontal,0.6307692307692307,0.35082320772281167,0.5454545454545454,0.6598128032495656,None + Linear-SVM,unconscious,unconscious,False,Image,False,10,3,2,3
540,sub-06,lh-superiorfrontal,0.42857142857142855,-0.24232015747572203,0.25,0.6754039958622731,None + Linear-SVM,unconscious,unconscious,False,Image,False,6,2,5,7
541,sub-06,lh-superiorfrontal,0.6083916083916083,0.15114173098063566,0.5,0.6779826134840103,None + Linear-SVM,unconscious,unconscious,False,Image,False,9,5,6,4
542,sub-06,lh-superiorfrontal,0.7252747252747253,0.34065934065934067,0.5714285714285714,0.6550718145411922,None + Linear-SVM,unconscious,unconscious,False,Image,False,10,4,3,3
543,sub-06,lh-superiorfrontal,0.5076923076923077,-0.06153846153846154,0.4000000000000001,0.6880042157238748,None + Linear-SVM,unconscious,unconscious,False,Image,False,7,4,6,6
544,sub-06,lh-superiorfrontal,0.6153846153846154,0.09245003270420485,0.28571428571428575,0.6494604864711777,None + Linear-SVM,unconscious,unconscious,False,Image,False,10,1,2,3
545,sub-06,lh-superiorfrontal,0.846153846153846,0.5549890273805606,0.6666666666666665,0.6407194697631058,None + Linear-SVM,unconscious,unconscious,False,Image,False,11,3,1,2
546,sub-06,lh-superiorfrontal,0.7564102564102564,0.3595462477533374,0.6363636363636365,0.6675189150909854,None + Linear-SVM,unconscious,unconscious,False,Image,False,10,7,5,3
547,sub-06,lh-superiorfrontal,0.6013986013986014,0.16083916083916083,0.5454545454545454,0.6804456590090616,None + Linear-SVM,unconscious,unconscious,False,Image,False,8,6,5,5
548,sub-06,lh-superiorfrontal,0.641025641025641,0.021591675854376522,0.25,0.649082866004216,None + Linear-SVM,unconscious,unconscious,False,Image,False,9,1,2,4
549,sub-06,lh-superiorfrontal,0.8307692307692307,0.4461538461538462,0.6,0.6390628458846589,None + Linear-SVM,unconscious,unconscious,False,Image,False,11,3,2,2
550,sub-06,lh-superiorfrontal,0.37179487179487175,-0.19096396641051544,0.26666666666666666,0.6811649797655617,None + Linear-SVM,unconscious,unconscious,False,Image,False,6,2,4,7
551,sub-06,lh-superiorfrontal,0.6461538461538462,0.35082320772281167,0.5454545454545454,0.6632217510379708,None + Linear-SVM,unconscious,unconscious,False,Image,False,10,3,2,3
552,sub-06,lh-superiorfrontal,0.4405594405594406,-0.08362420100070908,0.43478260869565216,0.6999790232768381,None + Linear-SVM,unconscious,unconscious,False,Image,False,6,5,6,7
553,sub-06,lh-superiorfrontal,0.75,0.25064020591380154,0.4444444444444445,0.6458971445653935,None + Linear-SVM,unconscious,unconscious,False,Image,False,10,2,2,3
554,sub-06,lh-superiorfrontal,0.6239316239316239,-0.016878989451394443,0.4210526315789474,0.6778941109955497,None + Linear-SVM,unconscious,unconscious,False,Image,False,7,4,5,6
555,sub-06,lh-superiorfrontal,0.6581196581196581,0.2773500981126146,0.6,0.6733696635923566,None + Linear-SVM,unconscious,unconscious,False,Image,False,8,6,3,5
556,sub-06,lh-superiorfrontal,0.6,0.21374668579336073,0.5714285714285713,0.6793709072820439,None + Linear-SVM,unconscious,unconscious,False,Image,False,8,6,4,5
557,sub-06,lh-superiorfrontal,0.5897435897435896,0.1794871794871795,0.3333333333333333,0.647286503609557,None + Linear-SVM,unconscious,unconscious,False,Image,False,11,1,2,2
558,sub-06,lh-superiorfrontal,0.5461538461538461,0.21374668579336073,0.5714285714285713,0.6874329931098395,None + Linear-SVM,unconscious,unconscious,False,Image,False,8,6,4,5
559,sub-06,lh-superiorfrontal,0.7094017094017094,0.3544587784792833,0.631578947368421,0.6654362909096861,None + Linear-SVM,unconscious,unconscious,False,Image,False,9,6,3,4
560,sub-06,lh-superiorfrontal,0.6239316239316239,0.16878989451394444,0.5263157894736842,0.6720226836974906,None + Linear-SVM,unconscious,unconscious,False,Image,False,8,5,4,5
561,sub-06,lh-superiorfrontal,0.6363636363636364,0.16083916083916083,0.5454545454545454,0.6759530580476042,None + Linear-SVM,unconscious,unconscious,False,Image,False,8,6,5,5
562,sub-06,lh-superiorfrontal,0.5384615384615384,-0.05547001962252291,0.3076923076923077,0.6660726553464538,None + Linear-SVM,unconscious,unconscious,False,Image,False,7,2,3,6
563,sub-06,lh-superiorfrontal,0.5274725274725275,0.10482848367219183,0.47058823529411764,0.6727731156550759,None + Linear-SVM,unconscious,unconscious,False,Image,False,7,4,3,6
564,sub-06,lh-superiorfrontal,0.46745562130177515,0.0,0.48000000000000004,0.7139521431074604,None + Linear-SVM,unconscious,unconscious,False,Image,False,7,6,7,6
565,sub-06,lh-superiorfrontal,0.7596153846153847,0.5095246653650681,0.7058823529411765,0.6602402620049558,None + Linear-SVM,unconscious,unconscious,False,Image,False,10,6,2,3
566,sub-06,lh-superiorfrontal,0.6153846153846154,0.04279604925109129,0.39999999999999997,0.6654390645456836,None + Linear-SVM,unconscious,unconscious,False,Image,False,8,3,4,5
567,sub-06,lh-superiorfrontal,0.30769230769230765,-0.3202563076101743,0.0,0.6536449763093203,None + Linear-SVM,unconscious,unconscious,False,Image,False,7,0,2,6
568,sub-06,lh-superiorfrontal,0.5461538461538462,-0.06153846153846154,0.4000000000000001,0.6886402395252319,None + Linear-SVM,unconscious,unconscious,False,Image,False,7,4,6,6
569,sub-06,lh-superiorfrontal,0.5384615384615384,0.05982905982905983,0.4444444444444444,0.685656453251448,None + Linear-SVM,unconscious,unconscious,False,Image,False,8,4,5,5
570,sub-06,lh-superiorfrontal,0.5846153846153845,0.01413506985480439,0.3333333333333333,0.659611117990439,None + Linear-SVM,unconscious,unconscious,False,Image,False,8,2,3,5
571,sub-06,lh-superiorfrontal,0.48461538461538467,-0.06153846153846154,0.4000000000000001,0.6870490255900038,None + Linear-SVM,unconscious,unconscious,False,Image,False,7,4,6,6
572,sub-06,lh-superiorfrontal,0.43356643356643354,-0.006993006993006993,0.45454545454545453,0.6977333678676011,None + Linear-SVM,unconscious,unconscious,False,Image,False,7,5,6,6
573,sub-06,lh-superiorfrontal,0.7692307692307693,0.28941438070815306,0.4444444444444444,0.6462143355543484,None + Linear-SVM,unconscious,unconscious,False,Image,False,9,2,1,4
574,sub-06,lh-superiorfrontal,0.548076923076923,0.11322770341445958,0.47058823529411764,0.6798582029981848,None + Linear-SVM,unconscious,unconscious,False,Image,False,8,4,4,5
575,sub-06,lh-superiorfrontal,0.7230769230769231,0.1941450686788302,0.4615384615384615,0.651501712395533,None + Linear-SVM,unconscious,unconscious,False,Image,False,8,3,2,5
576,sub-06,lh-superiorfrontal,0.8241758241758241,0.5604395604395604,0.7142857142857143,0.6528673625847192,None + Linear-SVM,unconscious,unconscious,False,Image,False,11,5,2,2
577,sub-06,lh-superiorfrontal,0.4375,-0.14907119849998599,0.2,0.6746258159346986,None + Linear-SVM,unconscious,unconscious,False,Image,False,7,1,3,5
578,sub-06,lh-superiorfrontal,0.5333333333333333,0.0,0.47619047619047616,0.6845916901836652,None + Linear-SVM,unconscious,unconscious,False,Image,False,6,5,5,6
579,sub-06,lh-superiorfrontal,0.22916666666666666,-0.408248290463863,0.22222222222222224,0.7280927840314014,None + Linear-SVM,unconscious,unconscious,False,Image,False,4,2,6,8
580,sub-06,lh-superiorfrontal,0.47619047619047616,0.011631052629980886,0.39999999999999997,0.6863396415955325,None + Linear-SVM,unconscious,unconscious,False,Image,False,7,3,4,5
581,sub-06,lh-superiorfrontal,0.5833333333333334,0.14907119849998599,0.4,0.6675553864965227,None + Linear-SVM,unconscious,unconscious,False,Image,False,8,2,2,4
582,sub-06,lh-superiorfrontal,0.5104166666666667,0.08206099398622181,0.47058823529411764,0.6858949315907148,None + Linear-SVM,unconscious,unconscious,False,Image,False,7,4,4,5
583,sub-06,lh-superiorfrontal,0.46428571428571425,-0.13095238095238096,0.2857142857142857,0.6874978367616916,None + Linear-SVM,unconscious,unconscious,False,Image,False,7,2,5,5
584,sub-06,lh-superiorfrontal,0.3611111111111111,-0.2721655269759087,0.16666666666666666,0.6742935936777255,None + Linear-SVM,unconscious,unconscious,False,Image,False,4,1,2,8
585,sub-06,lh-superiorfrontal,0.4666666666666667,-0.09128709291752769,0.3076923076923077,0.6765637807266555,None + Linear-SVM,unconscious,unconscious,False,Image,False,6,2,3,6
586,sub-06,lh-superiorfrontal,0.5166666666666666,0.0,0.47619047619047616,0.6881221695334945,None + Linear-SVM,unconscious,unconscious,False,Image,False,6,5,5,6
587,sub-06,lh-superiorfrontal,0.48333333333333334,-0.015430334996209192,0.3333333333333333,0.6777041817814082,None + Linear-SVM,unconscious,unconscious,False,Image,False,7,2,3,5
588,sub-06,lh-superiorfrontal,0.3333333333333333,-0.3680349649825889,0.23529411764705882,0.7068656175376669,None + Linear-SVM,unconscious,unconscious,False,Image,False,4,2,5,8
589,sub-06,lh-superiorfrontal,0.49242424242424243,-0.045454545454545456,0.45454545454545453,0.6925172651180812,None + Linear-SVM,unconscious,unconscious,False,Image,False,6,5,6,6
590,sub-06,lh-superiorfrontal,0.6428571428571428,0.14951420452417674,0.5,0.6719927876587399,None + Linear-SVM,unconscious,unconscious,False,Image,False,7,4,3,5
591,sub-06,lh-superiorfrontal,0.375,-0.2833333333333333,0.3,0.7159713505841707,None + Linear-SVM,unconscious,unconscious,False,Image,False,5,3,7,7
592,sub-06,lh-superiorfrontal,0.4444444444444444,-0.1336306209562122,0.2,0.673391326686295,None + Linear-SVM,unconscious,unconscious,False,Image,False,6,1,2,6
593,sub-06,lh-superiorfrontal,0.7083333333333333,0.14907119849998599,0.4,0.6595068461900029,None + Linear-SVM,unconscious,unconscious,False,Image,False,8,2,2,4
594,sub-06,lh-superiorfrontal,0.5625,0.08362420100070908,0.5217391304347826,0.6844760339279522,None + Linear-SVM,unconscious,unconscious,False,Image,False,7,6,6,5
595,sub-06,lh-superiorfrontal,0.4469696969696969,-0.045454545454545456,0.45454545454545453,0.7065030206164572,None + Linear-SVM,unconscious,unconscious,False,Image,False,6,5,6,6
596,sub-06,lh-superiorfrontal,0.4444444444444444,-0.1336306209562122,0.2,0.6718595790713136,None + Linear-SVM,unconscious,unconscious,False,Image,False,6,1,2,6
597,sub-06,lh-superiorfrontal,0.7333333333333334,0.3337119062359573,0.5454545454545454,0.6554005865063007,None + Linear-SVM,unconscious,unconscious,False,Image,False,9,3,2,3
598,sub-06,lh-superiorfrontal,0.2638888888888889,-0.5533985905294664,0.125,0.7047562051366434,None + Linear-SVM,unconscious,unconscious,False,Image,False,3,1,5,9
599,sub-06,lh-superiorfrontal,0.3833333333333333,-0.16735967034880075,0.2857142857142857,0.689768881490908,None + Linear-SVM,unconscious,unconscious,False,Image,False,5,2,3,7
600,sub-06,lh-superiorfrontal,0.3712121212121212,-0.13740858372430334,0.380952380952381,0.7148665010562822,None + Linear-SVM,unconscious,unconscious,False,Image,False,6,4,7,6
601,sub-06,lh-superiorfrontal,0.5208333333333333,-0.14907119849998599,0.2,0.669289372641066,None + Linear-SVM,unconscious,unconscious,False,Image,False,7,1,3,5
602,sub-06,lh-superiorfrontal,0.40740740740740744,-0.24771684715343112,0.3157894736842105,0.6967938895038198,None + Linear-SVM,unconscious,unconscious,False,Image,False,5,3,6,7
603,sub-06,lh-superiorfrontal,0.4259259259259259,0.027777777777777776,0.4444444444444444,0.6981074437174402,None + Linear-SVM,unconscious,unconscious,False,Image,False,7,4,5,5
604,sub-06,lh-superiorfrontal,0.5083333333333333,-0.016878989451394443,0.4210526315789474,0.693458143086124,None + Linear-SVM,unconscious,unconscious,False,Image,False,7,4,6,5
605,sub-06,lh-superiorfrontal,0.5277777777777778,-0.06804138174397717,0.2222222222222222,0.6688685428089814,None + Linear-SVM,unconscious,unconscious,False,Image,False,7,1,2,5
606,sub-06,lh-superiorfrontal,0.375,-0.1,0.4000000000000001,0.7059752467314848,None + Linear-SVM,unconscious,unconscious,False,Image,False,6,4,6,6
607,sub-06,lh-superiorfrontal,0.5185185185185185,0.027777777777777776,0.4444444444444444,0.6829262551939584,None + Linear-SVM,unconscious,unconscious,False,Image,False,7,4,5,5
608,sub-06,lh-superiorfrontal,0.5277777777777778,0.027777777777777776,0.4444444444444444,0.6814614678585078,None + Linear-SVM,unconscious,unconscious,False,Image,False,7,4,5,5
609,sub-06,lh-superiorfrontal,0.4772727272727273,-0.045454545454545456,0.45454545454545453,0.6947314530889177,None + Linear-SVM,unconscious,unconscious,False,Image,False,6,5,6,6
610,sub-06,lh-superiorfrontal,0.35,-0.27774602993176545,0.16666666666666666,0.6863524396313546,None + Linear-SVM,unconscious,unconscious,False,Image,False,6,1,4,6
611,sub-06,lh-superiorfrontal,0.44047619047619047,-0.06900655593423542,0.375,0.6944918224935707,None + Linear-SVM,unconscious,unconscious,False,Image,False,6,3,4,6
612,sub-06,lh-superiorfrontal,0.3076923076923077,-0.2774251285747237,0.33333333333333337,0.7388384287553386,None + Linear-SVM,unconscious,unconscious,False,Image,False,5,4,9,7
613,sub-06,lh-superiorfrontal,0.59375,0.08206099398622181,0.47058823529411764,0.677136506863632,None + Linear-SVM,unconscious,unconscious,False,Image,False,7,4,4,5
614,sub-06,lh-superiorfrontal,0.4761904761904761,-0.06900655593423542,0.375,0.6811214960129363,None + Linear-SVM,unconscious,unconscious,False,Image,False,6,3,4,6
615,sub-06,lh-superiorfrontal,0.16666666666666669,-0.47140452079103173,0.0,0.6806221704380242,None + Linear-SVM,unconscious,unconscious,False,Image,False,4,0,2,8
616,sub-06,lh-superiorfrontal,0.29166666666666663,-0.3651483716701107,0.28571428571428564,0.7172025766222441,None + Linear-SVM,unconscious,unconscious,False,Image,False,4,3,7,8
617,sub-06,lh-superiorfrontal,0.3611111111111111,-0.24771684715343112,0.3157894736842105,0.6994151314831257,None + Linear-SVM,unconscious,unconscious,False,Image,False,5,3,6,7
618,sub-06,lh-superiorfrontal,0.4,-0.16735967034880075,0.2857142857142857,0.6868504696686567,None + Linear-SVM,unconscious,unconscious,False,Image,False,5,2,3,7
619,sub-06,lh-superiorfrontal,0.45833333333333337,-0.1,0.4000000000000001,0.6994590272335018,None + Linear-SVM,unconscious,unconscious,False,Image,False,6,4,6,6
620,sub-06,lh-superiorfrontal,0.38636363636363635,-0.13740858372430334,0.380952380952381,0.7133110819938956,None + Linear-SVM,unconscious,unconscious,False,Image,False,6,4,7,6
621,sub-06,lh-superiorfrontal,0.6111111111111112,0.0,0.25,0.6670367624600267,None + Linear-SVM,unconscious,unconscious,False,Image,False,8,1,2,4
622,sub-06,lh-superiorfrontal,0.5104166666666667,0.08206099398622181,0.47058823529411764,0.6980605610694055,None + Linear-SVM,unconscious,unconscious,False,Image,False,7,4,4,5
623,sub-06,lh-superiorfrontal,0.55,-0.015430334996209192,0.3333333333333333,0.6712899718571007,None + Linear-SVM,unconscious,unconscious,False,Image,False,7,2,3,5
624,sub-06,lh-superiorfrontal,0.7857142857142857,0.4200412794412907,0.6153846153846153,0.6582311723254112,None + Linear-SVM,unconscious,unconscious,False,Image,False,10,4,3,2
625,sub-06,lh-superiorfrontal,0.5833333333333333,0.16666666666666666,0.5,0.6758252697570001,None + Linear-SVM,unconscious,unconscious,False,Image,False,4,2,2,2
626,sub-06,lh-superiorfrontal,0.6666666666666666,0.2581988897471611,0.6666666666666665,0.6968050452477625,None + Linear-SVM,unconscious,unconscious,False,Image,False,4,6,4,2
627,sub-06,lh-superiorfrontal,0.29166666666666663,-0.25819888974716115,0.3076923076923077,0.7478301043006594,None + Linear-SVM,unconscious,unconscious,False,Image,False,3,2,6,3
628,sub-06,lh-superiorfrontal,0.5238095238095237,0.09759000729485333,0.5,0.6985531695222741,None + Linear-SVM,unconscious,unconscious,False,Image,False,4,3,4,2
629,sub-06,lh-superiorfrontal,0.7916666666666667,0.3563483225498992,0.5714285714285715,0.6651745738783494,None + Linear-SVM,unconscious,unconscious,False,Image,False,5,2,2,1
630,sub-06,lh-superiorfrontal,0.6666666666666667,0.28867513459481287,0.6666666666666666,0.6906578607935077,None + Linear-SVM,unconscious,unconscious,False,Image,False,4,5,3,2
631,sub-06,lh-superiorfrontal,0.5,-0.07142857142857142,0.4615384615384615,0.7003202626771274,None + Linear-SVM,unconscious,unconscious,False,Image,False,3,3,4,3
632,sub-06,lh-superiorfrontal,0.38888888888888884,-0.31622776601683794,0.25,0.6815633987327882,None + Linear-SVM,unconscious,unconscious,False,Image,False,2,1,2,4
633,sub-06,lh-superiorfrontal,0.6333333333333333,0.06900655593423542,0.4444444444444445,0.677011011255031,None + Linear-SVM,unconscious,unconscious,False,Image,False,4,2,3,2
634,sub-06,lh-superiorfrontal,0.5833333333333334,0.16265001215808886,0.588235294117647,0.7077046966522249,None + Linear-SVM,unconscious,unconscious,False,Image,False,4,5,5,2
635,sub-06,lh-superiorfrontal,0.5333333333333334,0.06900655593423542,0.4444444444444445,0.6931330308842969,None + Linear-SVM,unconscious,unconscious,False,Image,False,4,2,3,2
636,sub-06,lh-superiorfrontal,0.40476190476190477,-0.21957751641341997,0.3333333333333333,0.726245062053115,None + Linear-SVM,unconscious,unconscious,False,Image,False,3,2,5,3
637,sub-06,lh-superiorfrontal,0.5303030303030303,-0.04351941398892446,0.5263157894736842,0.7090298277520766,None + Linear-SVM,unconscious,unconscious,False,Image,False,3,5,6,3
638,sub-06,lh-superiorfrontal,0.761904761904762,0.4147575310031266,0.6666666666666666,0.674176909916578,None + Linear-SVM,unconscious,unconscious,False,Image,False,5,4,3,1
639,sub-06,lh-superiorfrontal,0.44999999999999996,-0.09759000729485331,0.47058823529411764,0.7253694732253797,None + Linear-SVM,unconscious,unconscious,False,Image,False,3,4,6,3
640,sub-06,lh-superiorfrontal,0.5,-0.15811388300841897,0.28571428571428575,0.6761479437181346,None + Linear-SVM,unconscious,unconscious,False,Image,False,3,1,2,3
641,sub-06,lh-superiorfrontal,0.875,0.6123724356957946,0.6666666666666666,0.653321695176835,None + Linear-SVM,unconscious,unconscious,False,Image,False,6,2,2,0
642,sub-06,lh-superiorfrontal,0.6944444444444445,0.2357022603955158,0.6666666666666666,0.6958104737469835,None + Linear-SVM,unconscious,unconscious,False,Image,False,4,7,5,2
643,sub-06,lh-superiorfrontal,0.5606060606060606,0.2030905986149808,0.631578947368421,0.7189359664569199,None + Linear-SVM,unconscious,unconscious,False,Image,False,4,6,5,2
644,sub-06,lh-superiorfrontal,0.6111111111111112,0.0,0.3333333333333333,0.6667990567106138,None + Linear-SVM,unconscious,unconscious,False,Image,False,4,1,2,2
645,sub-06,lh-superiorfrontal,0.8666666666666667,0.4485426135725303,0.6666666666666665,0.6507007935969108,None + Linear-SVM,unconscious,unconscious,False,Image,False,5,3,2,1
646,sub-06,lh-superiorfrontal,0.3333333333333333,-0.3535533905932738,0.2,0.7136753523466447,None + Linear-SVM,unconscious,unconscious,False,Image,False,3,1,5,3
647,sub-06,lh-superiorfrontal,0.6666666666666667,0.4485426135725303,0.6666666666666665,0.6916980643309044,None + Linear-SVM,unconscious,unconscious,False,Image,False,5,3,2,1
648,sub-06,lh-superiorfrontal,0.3333333333333333,-0.13241022442571243,0.4444444444444444,0.7464008276628561,None + Linear-SVM,unconscious,unconscious,False,Image,False,3,4,7,3
649,sub-06,lh-superiorfrontal,0.625,0.16666666666666666,0.5,0.6691458733860046,None + Linear-SVM,unconscious,unconscious,False,Image,False,4,2,2,2
650,sub-06,lh-superiorfrontal,0.5925925925925926,0.1111111111111111,0.5333333333333333,0.7076430336996832,None + Linear-SVM,unconscious,unconscious,False,Image,False,4,4,5,2
651,sub-06,lh-superiorfrontal,0.5185185185185185,0.21821789023599236,0.6250000000000001,0.7104736904967274,None + Linear-SVM,unconscious,unconscious,False,Image,False,4,5,4,2
652,sub-06,lh-superiorfrontal,0.6000000000000001,0.16265001215808886,0.588235294117647,0.7098706868228796,None + Linear-SVM,unconscious,unconscious,False,Image,False,4,5,5,2
653,sub-06,lh-superiorfrontal,0.7222222222222222,0.5,0.5,0.662269174729225,None + Linear-SVM,unconscious,unconscious,False,Image,False,6,1,2,0
654,sub-06,lh-superiorfrontal,0.5166666666666666,0.16265001215808886,0.588235294117647,0.7214815738345316,None + Linear-SVM,unconscious,unconscious,False,Image,False,4,5,5,2
655,sub-06,lh-superiorfrontal,0.7037037037037037,0.21821789023599236,0.6250000000000001,0.6872781933535667,None + Linear-SVM,unconscious,unconscious,False,Image,False,4,5,4,2
656,sub-06,lh-superiorfrontal,0.6111111111111112,0.1111111111111111,0.5333333333333333,0.6943991240326427,None + Linear-SVM,unconscious,unconscious,False,Image,False,4,4,5,2
657,sub-06,lh-superiorfrontal,0.4545454545454546,-0.13241022442571243,0.4444444444444444,0.7196131221203563,None + Linear-SVM,unconscious,unconscious,False,Image,False,3,4,7,3
658,sub-06,lh-superiorfrontal,0.4666666666666667,-0.1,0.4000000000000001,0.6964096513872818,None + Linear-SVM,unconscious,unconscious,False,Image,False,3,2,3,3
659,sub-06,lh-superiorfrontal,0.5238095238095238,-0.07142857142857142,0.4615384615384615,0.7043386685549642,None + Linear-SVM,unconscious,unconscious,False,Image,False,3,3,4,3
660,sub-06,lh-superiorfrontal,0.33333333333333337,-0.1086310236566852,0.4761904761904762,0.7658865883458013,None + Linear-SVM,unconscious,unconscious,False,Image,False,3,5,8,3
661,sub-06,lh-superiorfrontal,0.6875,0.16666666666666666,0.5714285714285715,0.6844913911609609,None + Linear-SVM,unconscious,unconscious,False,Image,False,4,4,4,2
662,sub-06,lh-superiorfrontal,0.5238095238095238,-0.07142857142857142,0.4615384615384615,0.7014994685201951,None + Linear-SVM,unconscious,unconscious,False,Image,False,3,3,4,3
663,sub-06,lh-superiorfrontal,0.16666666666666669,-0.5773502691896258,0.0,0.6788069520468204,None + Linear-SVM,unconscious,unconscious,False,Image,False,2,0,2,4
664,sub-06,lh-superiorfrontal,0.36666666666666664,-0.09759000729485331,0.47058823529411764,0.7319794451805249,None + Linear-SVM,unconscious,unconscious,False,Image,False,3,4,6,3
665,sub-06,lh-superiorfrontal,0.2962962962962963,-0.4444444444444444,0.26666666666666666,0.7316558167988397,None + Linear-SVM,unconscious,unconscious,False,Image,False,2,2,7,4
666,sub-06,lh-superiorfrontal,0.43333333333333335,-0.1,0.4000000000000001,0.6960119056036036,None + Linear-SVM,unconscious,unconscious,False,Image,False,3,2,3,3
667,sub-06,lh-superiorfrontal,0.44999999999999996,-0.09759000729485331,0.47058823529411764,0.7226559423124314,None + Linear-SVM,unconscious,unconscious,False,Image,False,3,4,6,3
668,sub-06,lh-superiorfrontal,0.4696969696969696,-0.13241022442571243,0.4444444444444444,0.7349238759194118,None + Linear-SVM,unconscious,unconscious,False,Image,False,3,4,7,3
669,sub-06,lh-superiorfrontal,0.7777777777777778,0.31622776601683794,0.5714285714285715,0.6593381212878211,None + Linear-SVM,unconscious,unconscious,False,Image,False,4,2,1,2
670,sub-06,lh-superiorfrontal,0.5625,0.16666666666666666,0.5714285714285715,0.7120555042020591,None + Linear-SVM,unconscious,unconscious,False,Image,False,4,4,4,2
671,sub-06,lh-superiorfrontal,0.5333333333333333,-0.1,0.4000000000000001,0.6795584426237299,None + Linear-SVM,unconscious,unconscious,False,Image,False,3,2,3,3
672,sub-06,lh-superiorfrontal,0.8333333333333334,0.5476190476190477,0.7692307692307692,0.6666344317679862,None + Linear-SVM,unconscious,unconscious,False,Image,False,5,5,2,1
673,sub-06,lh-superiorfrontal,0.5208333333333334,0.0,0.25,0.6616102781213145,None + Linear-SVM,unconscious,unconscious,False,Image,False,9,1,3,3
674,sub-06,lh-superiorfrontal,0.6749999999999999,0.4666666666666667,0.7272727272727272,0.6756239980801821,None + Linear-SVM,unconscious,unconscious,False,Image,False,8,8,2,4
675,sub-06,lh-superiorfrontal,0.29166666666666663,-0.32824397594488725,0.23529411764705882,0.7117954880811881,None + Linear-SVM,unconscious,unconscious,False,Image,False,5,2,6,7
676,sub-06,lh-superiorfrontal,0.5357142857142857,0.18531232916527532,0.4615384615384615,0.6701777559275356,None + Linear-SVM,unconscious,unconscious,False,Image,False,9,3,4,3
677,sub-06,lh-superiorfrontal,0.7708333333333334,0.23354968324845687,0.4444444444444445,0.6514855501775795,None + Linear-SVM,unconscious,unconscious,False,Image,False,9,2,2,3
678,sub-06,lh-superiorfrontal,0.6666666666666666,0.28721347895177635,0.5882352941176471,0.6665138661481602,None + Linear-SVM,unconscious,unconscious,False,Image,False,8,5,3,4
679,sub-06,lh-superiorfrontal,0.6190476190476191,0.2326210525996177,0.5333333333333333,0.6725390784145969,None + Linear-SVM,unconscious,unconscious,False,Image,False,8,4,3,4
680,sub-06,lh-superiorfrontal,0.47222222222222215,-0.1336306209562122,0.2,0.657817073687367,None + Linear-SVM,unconscious,unconscious,False,Image,False,6,1,2,6
681,sub-06,lh-superiorfrontal,0.7500000000000001,0.3337119062359573,0.5454545454545454,0.6574187085205705,None + Linear-SVM,unconscious,unconscious,False,Image,False,9,3,2,3
682,sub-06,lh-superiorfrontal,0.6083333333333334,0.26666666666666666,0.6,0.6818461016908376,None + Linear-SVM,unconscious,unconscious,False,Image,False,8,6,4,4
683,sub-06,lh-superiorfrontal,0.5833333333333334,0.24688535993934707,0.5,0.6673386626551336,None + Linear-SVM,unconscious,unconscious,False,Image,False,8,3,2,4
684,sub-06,lh-superiorfrontal,0.34523809523809523,-0.3680349649825889,0.23529411764705882,0.697884501806591,None + Linear-SVM,unconscious,unconscious,False,Image,False,4,2,5,8
685,sub-06,lh-superiorfrontal,0.553030303030303,0.0381690510345287,0.47619047619047616,0.6847236921479517,None + Linear-SVM,unconscious,unconscious,False,Image,False,7,5,6,5
686,sub-06,lh-superiorfrontal,0.7857142857142857,0.5476190476190477,0.7142857142857143,0.6505167898929486,None + Linear-SVM,unconscious,unconscious,False,Image,False,10,5,2,2
687,sub-06,lh-superiorfrontal,0.5,-0.08333333333333333,0.45454545454545453,0.6961401498456667,None + Linear-SVM,unconscious,unconscious,False,Image,False,5,5,5,7
688,sub-06,lh-superiorfrontal,0.5833333333333334,0.07537783614444091,0.28571428571428575,0.6538225553533281,None + Linear-SVM,unconscious,unconscious,False,Image,False,9,1,2,3
689,sub-06,lh-superiorfrontal,0.8125000000000001,0.4472135954999579,0.6,0.6455972175996161,None + Linear-SVM,unconscious,unconscious,False,Image,False,9,3,1,3
690,sub-06,lh-superiorfrontal,0.7152777777777779,0.4181210050035454,0.7199999999999999,0.6674827347700916,None + Linear-SVM,unconscious,unconscious,False,Image,False,8,9,3,4
691,sub-06,lh-superiorfrontal,0.5984848484848485,0.21374668579336073,0.5714285714285713,0.6842039136022757,None + Linear-SVM,unconscious,unconscious,False,Image,False,8,6,5,4
692,sub-06,lh-superiorfrontal,0.5555555555555556,0.0,0.25,0.6573478294137997,None + Linear-SVM,unconscious,unconscious,False,Image,False,8,1,2,4
693,sub-06,lh-superiorfrontal,0.8166666666666667,0.3337119062359573,0.5454545454545454,0.6410666812820851,None + Linear-SVM,unconscious,unconscious,False,Image,False,9,3,2,3
694,sub-06,lh-superiorfrontal,0.4027777777777778,-0.15811388300841897,0.28571428571428575,0.6857680790598075,None + Linear-SVM,unconscious,unconscious,False,Image,False,6,2,4,6
695,sub-06,lh-superiorfrontal,0.5833333333333335,0.24688535993934707,0.5,0.6751340071238053,None + Linear-SVM,unconscious,unconscious,False,Image,False,8,3,2,4
696,sub-06,lh-superiorfrontal,0.4621212121212121,-0.045454545454545456,0.45454545454545453,0.7048373454088012,None + Linear-SVM,unconscious,unconscious,False,Image,False,6,5,6,6
697,sub-06,lh-superiorfrontal,0.6666666666666666,0.14907119849998599,0.4,0.653556668977917,None + Linear-SVM,unconscious,unconscious,False,Image,False,8,2,2,4
698,sub-06,lh-superiorfrontal,0.5277777777777778,0.13762047064079508,0.5263157894736842,0.6876499804998217,None + Linear-SVM,unconscious,unconscious,False,Image,False,7,5,4,5
699,sub-06,lh-superiorfrontal,0.5648148148148148,0.2222222222222222,0.5555555555555556,0.6839857090185794,None + Linear-SVM,unconscious,unconscious,False,Image,False,8,5,4,4
700,sub-06,lh-superiorfrontal,0.6416666666666666,0.26666666666666666,0.6,0.6779293314465745,None + Linear-SVM,unconscious,unconscious,False,Image,False,8,6,4,4
701,sub-06,lh-superiorfrontal,0.6388888888888888,0.294174202707276,0.4,0.6510314977185444,None + Linear-SVM,unconscious,unconscious,False,Image,False,11,1,2,1
702,sub-06,lh-superiorfrontal,0.5,0.16878989451394444,0.5263157894736842,0.6959167152729512,None + Linear-SVM,unconscious,unconscious,False,Image,False,8,5,5,4
703,sub-06,lh-superiorfrontal,0.7314814814814814,0.4166666666666667,0.6666666666666666,0.6654830751075455,None + Linear-SVM,unconscious,unconscious,False,Image,False,9,6,3,3
704,sub-06,lh-superiorfrontal,0.6296296296296297,0.2222222222222222,0.5555555555555556,0.671438873879039,None + Linear-SVM,unconscious,unconscious,False,Image,False,8,5,4,4
705,sub-06,lh-superiorfrontal,0.5606060606060606,0.21374668579336073,0.5714285714285713,0.6877382219537875,None + Linear-SVM,unconscious,unconscious,False,Image,False,8,6,5,4
706,sub-06,lh-superiorfrontal,0.43333333333333335,-0.16735967034880075,0.2857142857142857,0.6790686990993332,None + Linear-SVM,unconscious,unconscious,False,Image,False,5,2,3,7
707,sub-06,lh-superiorfrontal,0.47619047619047616,0.09523809523809523,0.42857142857142855,0.6874367011378605,None + Linear-SVM,unconscious,unconscious,False,Image,False,8,3,4,4
708,sub-06,lh-superiorfrontal,0.38461538461538464,-0.11613144917081457,0.41666666666666663,0.7291890770966666,None + Linear-SVM,unconscious,unconscious,False,Image,False,6,5,8,6
709,sub-06,lh-superiorfrontal,0.71875,0.375,0.625,0.6599620364499875,None + Linear-SVM,unconscious,unconscious,False,Image,False,9,5,3,3
710,sub-06,lh-superiorfrontal,0.5833333333333333,0.011631052629980886,0.39999999999999997,0.67351608554536,None + Linear-SVM,unconscious,unconscious,False,Image,False,7,3,4,5
711,sub-06,lh-superiorfrontal,0.25,-0.40824829046386296,0.0,0.6633047994873512,None + Linear-SVM,unconscious,unconscious,False,Image,False,5,0,2,7
712,sub-06,lh-superiorfrontal,0.43333333333333335,-0.1,0.4000000000000001,0.701911041088009,None + Linear-SVM,unconscious,unconscious,False,Image,False,6,4,6,6
713,sub-06,lh-superiorfrontal,0.5370370370370371,0.2222222222222222,0.5555555555555556,0.6925623429684433,None + Linear-SVM,unconscious,unconscious,False,Image,False,8,5,4,4
714,sub-06,lh-superiorfrontal,0.55,0.06356417261637282,0.3636363636363636,0.6689923212171164,None + Linear-SVM,unconscious,unconscious,False,Image,False,8,2,3,4
715,sub-06,lh-superiorfrontal,0.4666666666666667,-0.1,0.4000000000000001,0.6931438714696653,None + Linear-SVM,unconscious,unconscious,False,Image,False,6,4,6,6
716,sub-06,lh-superiorfrontal,0.3712121212121212,-0.13740858372430334,0.380952380952381,0.7184321897658917,None + Linear-SVM,unconscious,unconscious,False,Image,False,6,4,7,6
717,sub-06,lh-superiorfrontal,0.6388888888888888,0.16666666666666666,0.3333333333333333,0.6498208534103791,None + Linear-SVM,unconscious,unconscious,False,Image,False,10,1,2,2
718,sub-06,lh-superiorfrontal,0.53125,0.08206099398622181,0.47058823529411764,0.6892663176828614,None + Linear-SVM,unconscious,unconscious,False,Image,False,7,4,4,5
719,sub-06,lh-superiorfrontal,0.6666666666666667,0.3337119062359573,0.5454545454545454,0.6576080708876745,None + Linear-SVM,unconscious,unconscious,False,Image,False,9,3,2,3
720,sub-06,lh-superiorfrontal,0.8571428571428572,0.5476190476190477,0.7142857142857143,0.6505134755801156,None + Linear-SVM,unconscious,unconscious,False,Image,False,10,5,2,2
721,sub-06,lh-superiorfrontal,0.5416666666666667,0.0,0.4444444444444445,0.6717929474176476,None + Linear-SVM,unconscious,unconscious,False,Image,False,3,2,2,3
722,sub-06,lh-superiorfrontal,0.6666666666666667,0.16265001215808886,0.588235294117647,0.690517253905413,None + Linear-SVM,unconscious,unconscious,False,Image,False,4,5,5,2
723,sub-06,lh-superiorfrontal,0.4375,-0.125,0.42857142857142855,0.7348914887177578,None + Linear-SVM,unconscious,unconscious,False,Image,False,3,3,5,3
724,sub-06,lh-superiorfrontal,0.5952380952380952,0.09759000729485333,0.5,0.6909756379956021,None + Linear-SVM,unconscious,unconscious,False,Image,False,4,3,4,2
725,sub-06,lh-superiorfrontal,0.7083333333333334,0.3563483225498992,0.5714285714285715,0.661397782334711,None + Linear-SVM,unconscious,unconscious,False,Image,False,5,2,2,1
726,sub-06,lh-superiorfrontal,0.7083333333333334,0.34426518632954817,0.6153846153846154,0.6795489786968284,None + Linear-SVM,unconscious,unconscious,False,Image,False,5,4,4,1
727,sub-06,lh-superiorfrontal,0.5238095238095238,-0.07142857142857142,0.4615384615384615,0.6969123736468816,None + Linear-SVM,unconscious,unconscious,False,Image,False,3,3,4,3
728,sub-06,lh-superiorfrontal,0.38888888888888884,-0.31622776601683794,0.25,0.6753437652688024,None + Linear-SVM,unconscious,unconscious,False,Image,False,2,1,2,4
729,sub-06,lh-superiorfrontal,0.6333333333333333,0.06900655593423542,0.4444444444444445,0.6724628986897975,None + Linear-SVM,unconscious,unconscious,False,Image,False,4,2,3,2
730,sub-06,lh-superiorfrontal,0.6166666666666667,0.06666666666666667,0.5,0.7033278918862036,None + Linear-SVM,unconscious,unconscious,False,Image,False,4,4,6,2
731,sub-06,lh-superiorfrontal,0.6333333333333333,0.26666666666666666,0.6,0.6765231336316055,None + Linear-SVM,unconscious,unconscious,False,Image,False,4,3,2,2
732,sub-06,lh-superiorfrontal,0.40476190476190477,-0.21957751641341997,0.3333333333333333,0.7194480381515451,None + Linear-SVM,unconscious,unconscious,False,Image,False,3,2,5,3
733,sub-06,lh-superiorfrontal,0.6060606060606061,-0.04351941398892446,0.5263157894736842,0.6993640866465546,None + Linear-SVM,unconscious,unconscious,False,Image,False,3,5,6,3
734,sub-06,lh-superiorfrontal,0.7857142857142858,0.4147575310031266,0.6666666666666666,0.6654511298898519,None + Linear-SVM,unconscious,unconscious,False,Image,False,5,4,3,1
735,sub-06,lh-superiorfrontal,0.5166666666666666,-0.09759000729485331,0.47058823529411764,0.7232540782114363,None + Linear-SVM,unconscious,unconscious,False,Image,False,3,4,6,3
736,sub-06,lh-superiorfrontal,0.5555555555555556,-0.15811388300841897,0.28571428571428575,0.670255137894777,None + Linear-SVM,unconscious,unconscious,False,Image,False,3,1,2,3
737,sub-06,lh-superiorfrontal,0.9166666666666667,0.5833333333333334,0.75,0.6404967846211502,None + Linear-SVM,unconscious,unconscious,False,Image,False,5,3,1,1
738,sub-06,lh-superiorfrontal,0.6527777777777778,0.08058229640253803,0.5263157894736842,0.6871481358858765,None + Linear-SVM,unconscious,unconscious,False,Image,False,4,5,7,2
739,sub-06,lh-superiorfrontal,0.6515151515151515,0.2030905986149808,0.631578947368421,0.7079422019353605,None + Linear-SVM,unconscious,unconscious,False,Image,False,4,6,5,2
740,sub-06,lh-superiorfrontal,0.6111111111111112,0.0,0.3333333333333333,0.6599832130100461,None + Linear-SVM,unconscious,unconscious,False,Image,False,4,1,2,2
741,sub-06,lh-superiorfrontal,0.8666666666666667,0.4485426135725303,0.6666666666666665,0.6368852938173645,None + Linear-SVM,unconscious,unconscious,False,Image,False,5,3,2,1
742,sub-06,lh-superiorfrontal,0.38888888888888884,-0.1690308509457033,0.3636363636363636,0.705124855336848,None + Linear-SVM,unconscious,unconscious,False,Image,False,3,2,4,3
743,sub-06,lh-superiorfrontal,0.5666666666666667,0.06900655593423542,0.4444444444444445,0.6934692800433641,None + Linear-SVM,unconscious,unconscious,False,Image,False,4,2,3,2
744,sub-06,lh-superiorfrontal,0.4393939393939394,-0.13241022442571243,0.4444444444444444,0.7355653903621462,None + Linear-SVM,unconscious,unconscious,False,Image,False,3,4,7,3
745,sub-06,lh-superiorfrontal,0.625,0.0,0.4444444444444445,0.6568233368030437,None + Linear-SVM,unconscious,unconscious,False,Image,False,3,2,2,3
746,sub-06,lh-superiorfrontal,0.5,-0.16666666666666666,0.4,0.7074766993559558,None + Linear-SVM,unconscious,unconscious,False,Image,False,3,3,6,3
747,sub-06,lh-superiorfrontal,0.5925925925925926,0.21821789023599236,0.6250000000000001,0.7050697671749732,None + Linear-SVM,unconscious,unconscious,False,Image,False,4,5,4,2
748,sub-06,lh-superiorfrontal,0.6333333333333333,0.16265001215808886,0.588235294117647,0.6995401725583328,None + Linear-SVM,unconscious,unconscious,False,Image,False,4,5,5,2
749,sub-06,lh-superiorfrontal,0.7222222222222222,0.5,0.5,0.6529733015776871,None + Linear-SVM,unconscious,unconscious,False,Image,False,6,1,2,0
750,sub-06,lh-superiorfrontal,0.45,-0.09759000729485331,0.47058823529411764,0.7269230398960342,None + Linear-SVM,unconscious,unconscious,False,Image,False,3,4,6,3
751,sub-06,lh-superiorfrontal,0.6851851851851851,0.21821789023599236,0.6250000000000001,0.6827811351561354,None + Linear-SVM,unconscious,unconscious,False,Image,False,4,5,4,2
752,sub-06,lh-superiorfrontal,0.6296296296296297,0.1111111111111111,0.5333333333333333,0.6905670839515187,None + Linear-SVM,unconscious,unconscious,False,Image,False,4,4,5,2
753,sub-06,lh-superiorfrontal,0.5151515151515151,-0.04351941398892446,0.5263157894736842,0.7081838205415697,None + Linear-SVM,unconscious,unconscious,False,Image,False,3,5,6,3
754,sub-06,lh-superiorfrontal,0.5,-0.1,0.4000000000000001,0.6952975609875285,None + Linear-SVM,unconscious,unconscious,False,Image,False,3,2,3,3
755,sub-06,lh-superiorfrontal,0.5238095238095237,-0.07142857142857142,0.4615384615384615,0.705284594867263,None + Linear-SVM,unconscious,unconscious,False,Image,False,3,3,4,3
756,sub-06,lh-superiorfrontal,0.3717948717948718,-0.1086310236566852,0.4761904761904762,0.7697604202323461,None + Linear-SVM,unconscious,unconscious,False,Image,False,3,5,8,3
757,sub-06,lh-superiorfrontal,0.7291666666666666,0.28867513459481287,0.6666666666666666,0.6752976785497561,None + Linear-SVM,unconscious,unconscious,False,Image,False,4,5,3,2
758,sub-06,lh-superiorfrontal,0.5952380952380952,-0.07142857142857142,0.4615384615384615,0.6896277808195374,None + Linear-SVM,unconscious,unconscious,False,Image,False,3,3,4,3
759,sub-06,lh-superiorfrontal,0.25,-0.5773502691896258,0.0,0.6741888244092563,None + Linear-SVM,unconscious,unconscious,False,Image,False,2,0,2,4
760,sub-06,lh-superiorfrontal,0.43333333333333335,-0.2,0.37499999999999994,0.7284564470537664,None + Linear-SVM,unconscious,unconscious,False,Image,False,3,3,7,3
761,sub-06,lh-superiorfrontal,0.42592592592592593,-0.16666666666666666,0.4,0.7195771232924969,None + Linear-SVM,unconscious,unconscious,False,Image,False,3,3,6,3
762,sub-06,lh-superiorfrontal,0.36666666666666664,-0.4666666666666667,0.20000000000000004,0.6885513388712771,None + Linear-SVM,unconscious,unconscious,False,Image,False,2,1,4,4
763,sub-06,lh-superiorfrontal,0.48333333333333334,-0.09759000729485331,0.47058823529411764,0.7219156561600386,None + Linear-SVM,unconscious,unconscious,False,Image,False,3,4,6,3
764,sub-06,lh-superiorfrontal,0.48484848484848486,-0.04351941398892446,0.5263157894736842,0.7360516767809626,None + Linear-SVM,unconscious,unconscious,False,Image,False,3,5,6,3
765,sub-06,lh-superiorfrontal,0.6666666666666667,0.1889822365046136,0.4,0.6510004205497976,None + Linear-SVM,unconscious,unconscious,False,Image,False,5,1,2,1
766,sub-06,lh-superiorfrontal,0.5625,0.16666666666666666,0.5714285714285715,0.7143639425111427,None + Linear-SVM,unconscious,unconscious,False,Image,False,4,4,4,2
767,sub-06,lh-superiorfrontal,0.7,0.26666666666666666,0.6,0.6590683602807315,None + Linear-SVM,unconscious,unconscious,False,Image,False,4,3,2,2
768,sub-06,lh-superiorfrontal,0.8809523809523809,0.5476190476190477,0.7692307692307692,0.6556745416508524,None + Linear-SVM,unconscious,unconscious,False,Image,False,5,5,2,1
769,sub-06,lh-superiorfrontal,0.45454545454545453,-0.10660035817780521,0.22222222222222224,0.6854276983172817,None + Linear-SVM,unconscious,unconscious,False,Image,False,7,1,3,4
770,sub-06,lh-superiorfrontal,0.5636363636363636,0.045454545454545456,0.5,0.6895975841083621,None + Linear-SVM,unconscious,unconscious,False,Image,False,6,5,5,5
771,sub-06,lh-superiorfrontal,0.26136363636363635,-0.3820465887291705,0.23529411764705882,0.7397944559441809,None + Linear-SVM,unconscious,unconscious,False,Image,False,4,2,6,7
772,sub-06,lh-superiorfrontal,0.5454545454545454,0.16116459280507606,0.4615384615384615,0.6898961263882187,None + Linear-SVM,unconscious,unconscious,False,Image,False,8,3,4,3
773,sub-06,lh-superiorfrontal,0.5681818181818181,0.12309149097933272,0.4,0.6769212508834026,None + Linear-SVM,unconscious,unconscious,False,Image,False,7,2,2,4
774,sub-06,lh-superiorfrontal,0.6022727272727273,0.13636363636363635,0.5,0.6816608557627185,None + Linear-SVM,unconscious,unconscious,False,Image,False,7,4,4,4
775,sub-06,lh-superiorfrontal,0.42857142857142855,-0.11396057645963795,0.375,0.7040015489374795,None + Linear-SVM,unconscious,unconscious,False,Image,False,5,3,4,6
776,sub-06,lh-superiorfrontal,0.39393939393939387,-0.17407765595569785,0.2,0.6847481922426633,None + Linear-SVM,unconscious,unconscious,False,Image,False,5,1,2,6
777,sub-06,lh-superiorfrontal,0.4909090909090909,-0.13483997249264842,0.3076923076923077,0.6893807162573877,None + Linear-SVM,unconscious,unconscious,False,Image,False,5,2,3,6
778,sub-06,lh-superiorfrontal,0.5363636363636364,-0.05504818825631803,0.4210526315789474,0.6937479483496722,None + Linear-SVM,unconscious,unconscious,False,Image,False,6,4,6,5
779,sub-06,lh-superiorfrontal,0.5454545454545454,0.034815531191139566,0.3636363636363636,0.6882588401256902,None + Linear-SVM,unconscious,unconscious,False,Image,False,7,2,3,4
780,sub-06,lh-superiorfrontal,0.37662337662337664,-0.2548235957188128,0.26666666666666666,0.7197348229112853,None + Linear-SVM,unconscious,unconscious,False,Image,False,5,2,5,6
781,sub-06,lh-superiorfrontal,0.512396694214876,0.0,0.47619047619047616,0.6963038007126,None + Linear-SVM,unconscious,unconscious,False,Image,False,6,5,6,5
782,sub-06,lh-superiorfrontal,0.6753246753246753,0.2987012987012987,0.5714285714285714,0.6742935828006673,None + Linear-SVM,unconscious,unconscious,False,Image,False,8,4,3,3
783,sub-06,lh-superiorfrontal,0.4545454545454546,-0.05504818825631803,0.4210526315789474,0.7131137690807096,None + Linear-SVM,unconscious,unconscious,False,Image,False,6,4,6,5
784,sub-06,lh-superiorfrontal,0.4848484848484848,-0.10050378152592121,0.2222222222222222,0.68320867799898,None + Linear-SVM,unconscious,unconscious,False,Image,False,6,1,2,5
785,sub-06,lh-superiorfrontal,0.7272727272727272,0.12309149097933272,0.4,0.666107427631936,None + Linear-SVM,unconscious,unconscious,False,Image,False,7,2,2,4
786,sub-06,lh-superiorfrontal,0.6060606060606061,-0.0381690510345287,0.45454545454545453,0.6819456786849473,None + Linear-SVM,unconscious,unconscious,False,Image,False,6,5,7,5
787,sub-06,lh-superiorfrontal,0.5041322314049587,0.0,0.47619047619047616,0.7102687028964992,None + Linear-SVM,unconscious,unconscious,False,Image,False,6,5,6,5
788,sub-06,lh-superiorfrontal,0.5151515151515151,-0.10050378152592121,0.2222222222222222,0.6826001217002089,None + Linear-SVM,unconscious,unconscious,False,Image,False,6,1,2,5
789,sub-06,lh-superiorfrontal,0.7818181818181819,0.41818181818181815,0.6,0.6547456600408252,None + Linear-SVM,unconscious,unconscious,False,Image,False,9,3,2,2
790,sub-06,lh-superiorfrontal,0.30303030303030304,-0.2030905986149808,0.28571428571428575,0.7133801369647292,None + Linear-SVM,unconscious,unconscious,False,Image,False,5,2,4,6
791,sub-06,lh-superiorfrontal,0.49090909090909096,-0.050964719143762556,0.3333333333333333,0.7012485345076056,None + Linear-SVM,unconscious,unconscious,False,Image,False,6,2,3,5
792,sub-06,lh-superiorfrontal,0.3305785123966942,-0.2727272727272727,0.36363636363636365,0.7287471478336264,None + Linear-SVM,unconscious,unconscious,False,Image,False,4,4,7,7
793,sub-06,lh-superiorfrontal,0.5227272727272727,-0.10660035817780521,0.22222222222222224,0.6789893412466927,None + Linear-SVM,unconscious,unconscious,False,Image,False,7,1,3,4
794,sub-06,lh-superiorfrontal,0.5151515151515151,-0.010101010101010102,0.4444444444444444,0.6998687672595761,None + Linear-SVM,unconscious,unconscious,False,Image,False,6,4,5,5
795,sub-06,lh-superiorfrontal,0.4949494949494949,0.10050378152592121,0.5263157894736842,0.7006740301015687,None + Linear-SVM,unconscious,unconscious,False,Image,False,6,5,4,5
796,sub-06,lh-superiorfrontal,0.5636363636363637,0.045454545454545456,0.5,0.6921156319985071,None + Linear-SVM,unconscious,unconscious,False,Image,False,6,5,5,5
797,sub-06,lh-superiorfrontal,0.5757575757575758,0.15151515151515152,0.3333333333333333,0.6736093081632066,None + Linear-SVM,unconscious,unconscious,False,Image,False,9,1,2,2
798,sub-06,lh-superiorfrontal,0.5181818181818181,0.13762047064079508,0.5263157894736842,0.7027253854815129,None + Linear-SVM,unconscious,unconscious,False,Image,False,7,5,5,4
799,sub-06,lh-superiorfrontal,0.5858585858585859,-0.010101010101010102,0.4444444444444444,0.6855362284869377,None + Linear-SVM,unconscious,unconscious,False,Image,False,6,4,5,5
800,sub-06,lh-superiorfrontal,0.5555555555555556,0.08206099398622181,0.47058823529411764,0.6903777281905729,None + Linear-SVM,unconscious,unconscious,False,Image,False,7,4,5,4
801,sub-06,lh-superiorfrontal,0.5289256198347108,0.09090909090909091,0.5454545454545454,0.6972740406161798,None + Linear-SVM,unconscious,unconscious,False,Image,False,6,6,5,5
802,sub-06,lh-superiorfrontal,0.4181818181818182,-0.13483997249264842,0.3076923076923077,0.7033348044334501,None + Linear-SVM,unconscious,unconscious,False,Image,False,5,2,3,6
803,sub-06,lh-superiorfrontal,0.42857142857142855,-0.11396057645963795,0.375,0.7062801538390165,None + Linear-SVM,unconscious,unconscious,False,Image,False,5,3,4,6
804,sub-06,lh-superiorfrontal,0.3006993006993007,-0.2508726030021272,0.4,0.756556590372154,None + Linear-SVM,unconscious,unconscious,False,Image,False,4,5,8,7
805,sub-06,lh-superiorfrontal,0.5681818181818181,0.011631052629980886,0.39999999999999997,0.6836079360901608,None + Linear-SVM,unconscious,unconscious,False,Image,False,7,3,5,4
806,sub-06,lh-superiorfrontal,0.45454545454545453,-0.11396057645963795,0.375,0.6969677156597441,None + Linear-SVM,unconscious,unconscious,False,Image,False,5,3,4,6
807,sub-06,lh-superiorfrontal,0.18181818181818182,-0.4605661864718383,0.0,0.6921053637578272,None + Linear-SVM,unconscious,unconscious,False,Image,False,4,0,2,7
808,sub-06,lh-superiorfrontal,0.34545454545454546,-0.24771684715343112,0.3157894736842105,0.7250964541116046,None + Linear-SVM,unconscious,unconscious,False,Image,False,5,3,7,6
809,sub-06,lh-superiorfrontal,0.3838383838383838,-0.21212121212121213,0.3333333333333333,0.7137472206068057,None + Linear-SVM,unconscious,unconscious,False,Image,False,5,3,6,6
810,sub-06,lh-superiorfrontal,0.4363636363636364,-0.32277655457716287,0.16666666666666666,0.7042400433262415,None + Linear-SVM,unconscious,unconscious,False,Image,False,5,1,4,6
811,sub-06,lh-superiorfrontal,0.42727272727272725,-0.14545454545454545,0.4000000000000001,0.708329346711161,None + Linear-SVM,unconscious,unconscious,False,Image,False,5,4,6,6
812,sub-06,lh-superiorfrontal,0.39669421487603307,-0.18257418583505536,0.380952380952381,0.7163460310745535,None + Linear-SVM,unconscious,unconscious,False,Image,False,5,4,7,6
813,sub-06,lh-superiorfrontal,0.5757575757575757,-0.025949964805384102,0.25,0.6764218173932397,None + Linear-SVM,unconscious,unconscious,False,Image,False,7,1,2,4
814,sub-06,lh-superiorfrontal,0.4659090909090909,0.13636363636363635,0.5,0.7152474357610811,None + Linear-SVM,unconscious,unconscious,False,Image,False,7,4,4,4
815,sub-06,lh-superiorfrontal,0.5818181818181818,0.034815531191139566,0.3636363636363636,0.680190944513015,None + Linear-SVM,unconscious,unconscious,False,Image,False,7,2,3,4
816,sub-06,lh-superiorfrontal,0.7142857142857143,0.2987012987012987,0.5714285714285714,0.6675025560407357,None + Linear-SVM,unconscious,unconscious,False,Image,False,8,4,3,3
817,sub-06,lh-superiorfrontal,0.5,0.055048188256318034,0.28571428571428575,0.6700500954432581,None + Linear-SVM,unconscious,unconscious,False,Image,False,8,1,3,2
818,sub-06,lh-superiorfrontal,0.6099999999999999,0.30151134457776363,0.631578947368421,0.6856821667054417,None + Linear-SVM,unconscious,unconscious,False,Image,False,7,6,4,3
819,sub-06,lh-superiorfrontal,0.27499999999999997,-0.35,0.25,0.7229582498090811,None + Linear-SVM,unconscious,unconscious,False,Image,False,4,2,6,6
820,sub-06,lh-superiorfrontal,0.5142857142857142,0.02857142857142857,0.42857142857142855,0.6843162679448471,None + Linear-SVM,unconscious,unconscious,False,Image,False,6,3,4,4
821,sub-06,lh-superiorfrontal,0.6,0.18856180831641267,0.4444444444444445,0.6648088445576742,None + Linear-SVM,unconscious,unconscious,False,Image,False,7,2,2,3
822,sub-06,lh-superiorfrontal,0.5874999999999999,0.20385887657505022,0.5333333333333333,0.6768555849032959,None + Linear-SVM,unconscious,unconscious,False,Image,False,7,4,4,3
823,sub-06,lh-superiorfrontal,0.3857142857142857,-0.3098898934004561,0.26666666666666666,0.6946665968939295,None + Linear-SVM,unconscious,unconscious,False,Image,False,4,2,5,6
824,sub-06,lh-superiorfrontal,0.3666666666666666,-0.31754264805429416,0.18181818181818182,0.6736277426799006,None + Linear-SVM,unconscious,unconscious,False,Image,False,3,1,2,7
825,sub-06,lh-superiorfrontal,0.44,-0.2,0.20000000000000004,0.6796654427307699,None + Linear-SVM,unconscious,unconscious,False,Image,False,6,1,4,4
826,sub-06,lh-superiorfrontal,0.54,0.0,0.4444444444444445,0.6943152270303472,None + Linear-SVM,unconscious,unconscious,False,Image,False,6,4,6,4
827,sub-06,lh-superiorfrontal,0.4,-0.09449111825230681,0.3333333333333333,0.6840479361779213,None + Linear-SVM,unconscious,unconscious,False,Image,False,5,2,3,5
828,sub-06,lh-superiorfrontal,0.3857142857142857,-0.408491223118783,0.25,0.7069903062032661,None + Linear-SVM,unconscious,unconscious,False,Image,False,3,2,5,7
829,sub-06,lh-superiorfrontal,0.4909090909090909,-0.03739787960033829,0.4210526315789474,0.6985534532836741,None + Linear-SVM,unconscious,unconscious,False,Image,False,6,4,7,4
830,sub-06,lh-superiorfrontal,0.6571428571428571,0.2714285714285714,0.5714285714285714,0.6727208230058591,None + Linear-SVM,unconscious,unconscious,False,Image,False,7,4,3,3
831,sub-06,lh-superiorfrontal,0.48,-0.2,0.4000000000000001,0.7048458647353683,None + Linear-SVM,unconscious,unconscious,False,Image,False,4,4,6,6
832,sub-06,lh-superiorfrontal,0.4666666666666666,-0.14085904245475275,0.2222222222222222,0.6716459170661889,None + Linear-SVM,unconscious,unconscious,False,Image,False,5,1,2,5
833,sub-06,lh-superiorfrontal,0.775,0.18856180831641267,0.4444444444444445,0.6546100036244796,None + Linear-SVM,unconscious,unconscious,False,Image,False,7,2,2,3
834,sub-06,lh-superiorfrontal,0.5416666666666667,-0.18257418583505536,0.43478260869565216,0.6848827405207422,None + Linear-SVM,unconscious,unconscious,False,Image,False,4,5,7,6
835,sub-06,lh-superiorfrontal,0.4727272727272727,-0.045454545454545456,0.47619047619047616,0.7054949197049033,None + Linear-SVM,unconscious,unconscious,False,Image,False,5,5,6,5
836,sub-06,lh-superiorfrontal,0.49999999999999994,-0.05773502691896257,0.25,0.6689192089744007,None + Linear-SVM,unconscious,unconscious,False,Image,False,6,1,2,4
837,sub-06,lh-superiorfrontal,0.76,0.28867513459481287,0.5454545454545454,0.6495394890253592,None + Linear-SVM,unconscious,unconscious,False,Image,False,7,3,2,3
838,sub-06,lh-superiorfrontal,0.29999999999999993,-0.5163977794943222,0.14285714285714288,0.7026973555159735,None + Linear-SVM,unconscious,unconscious,False,Image,False,3,1,5,7
839,sub-06,lh-superiorfrontal,0.52,0.0,0.3636363636363636,0.6926600705759209,None + Linear-SVM,unconscious,unconscious,False,Image,False,6,2,3,4
840,sub-06,lh-superiorfrontal,0.37272727272727274,-0.33636363636363636,0.36363636363636365,0.7221498602398665,None + Linear-SVM,unconscious,unconscious,False,Image,False,3,4,7,7
841,sub-06,lh-superiorfrontal,0.5249999999999999,-0.05,0.25,0.6703513526446846,None + Linear-SVM,unconscious,unconscious,False,Image,False,7,1,3,3
842,sub-06,lh-superiorfrontal,0.42222222222222217,-0.06900655593423542,0.375,0.6978014664971791,None + Linear-SVM,unconscious,unconscious,False,Image,False,6,3,6,4
843,sub-06,lh-superiorfrontal,0.4666666666666667,0.044946657497549475,0.47058823529411764,0.6963552932655479,None + Linear-SVM,unconscious,unconscious,False,Image,False,6,4,5,4
844,sub-06,lh-superiorfrontal,0.51,0.10482848367219183,0.47058823529411764,0.6972199123183982,None + Linear-SVM,unconscious,unconscious,False,Image,False,7,4,6,3
845,sub-06,lh-superiorfrontal,0.7333333333333333,0.5270462766947299,0.5,0.6577478473859318,None + Linear-SVM,unconscious,unconscious,False,Image,False,10,1,2,0
846,sub-06,lh-superiorfrontal,0.46,0.0,0.4444444444444445,0.7039474375280779,None + Linear-SVM,unconscious,unconscious,False,Image,False,6,4,6,4
847,sub-06,lh-superiorfrontal,0.47777777777777775,0.044946657497549475,0.47058823529411764,0.6869284202971402,None + Linear-SVM,unconscious,unconscious,False,Image,False,6,4,5,4
848,sub-06,lh-superiorfrontal,0.5111111111111111,0.14951420452417674,0.5,0.6834578423401096,None + Linear-SVM,unconscious,unconscious,False,Image,False,7,4,5,3
849,sub-06,lh-superiorfrontal,0.48181818181818176,-0.13762047064079508,0.39999999999999997,0.7009372432286162,None + Linear-SVM,unconscious,unconscious,False,Image,False,5,4,7,5
850,sub-06,lh-superiorfrontal,0.4,-0.28867513459481287,0.2857142857142857,0.685076314543332,None + Linear-SVM,unconscious,unconscious,False,Image,False,3,2,3,7
851,sub-06,lh-superiorfrontal,0.5,-0.1690308509457033,0.375,0.6910347485498953,None + Linear-SVM,unconscious,unconscious,False,Image,False,4,3,4,6
852,sub-06,lh-superiorfrontal,0.26153846153846155,-0.3750457847507963,0.27272727272727276,0.7504166976265938,None + Linear-SVM,unconscious,unconscious,False,Image,False,4,3,10,6
853,sub-06,lh-superiorfrontal,0.6375,0.1,0.5,0.6702109151519307,None + Linear-SVM,unconscious,unconscious,False,Image,False,6,4,4,4
854,sub-06,lh-superiorfrontal,0.47142857142857136,-0.11769797726729993,0.30769230769230765,0.6888619777586742,None + Linear-SVM,unconscious,unconscious,False,Image,False,6,2,5,4
855,sub-06,lh-superiorfrontal,0.19999999999999996,-0.5291502622129182,0.0,0.6754611640949748,None + Linear-SVM,unconscious,unconscious,False,Image,False,3,0,2,7
856,sub-06,lh-superiorfrontal,0.25999999999999995,-0.502518907629606,0.2105263157894737,0.7240248887607218,None + Linear-SVM,unconscious,unconscious,False,Image,False,3,2,8,7
857,sub-06,lh-superiorfrontal,0.36666666666666664,-0.26666666666666666,0.3333333333333333,0.7082027111871587,None + Linear-SVM,unconscious,unconscious,False,Image,False,4,3,6,6
858,sub-06,lh-superiorfrontal,0.31999999999999995,-0.472455591261534,0.15384615384615385,0.6961822026752658,None + Linear-SVM,unconscious,unconscious,False,Image,False,3,1,4,7
859,sub-06,lh-superiorfrontal,0.43000000000000005,-0.30151134457776363,0.3157894736842105,0.707554746224244,None + Linear-SVM,unconscious,unconscious,False,Image,False,4,3,7,6
860,sub-06,lh-superiorfrontal,0.2636363636363636,-0.3302891295379082,0.3,0.7385245909510258,None + Linear-SVM,unconscious,unconscious,False,Image,False,4,3,8,6
861,sub-06,lh-superiorfrontal,0.5333333333333332,0.03042903097250923,0.28571428571428575,0.6619658531388348,None + Linear-SVM,unconscious,unconscious,False,Image,False,7,1,2,3
862,sub-06,lh-superiorfrontal,0.525,0.07905694150420949,0.42857142857142855,0.699039521516084,None + Linear-SVM,unconscious,unconscious,False,Image,False,7,3,5,3
863,sub-06,lh-superiorfrontal,0.6,0.21320071635561041,0.4444444444444445,0.6635428549827577,None + Linear-SVM,unconscious,unconscious,False,Image,False,8,2,3,2
864,sub-06,lh-superiorfrontal,0.8142857142857143,0.3825184261187248,0.6153846153846153,0.6556818347477278,None + Linear-SVM,unconscious,unconscious,False,Image,False,8,4,3,2
865,sub-06,lh-superiorfrontal,0.6071428571428572,0.06900655593423542,0.4444444444444445,0.6677178245063575,None + Linear-SVM,unconscious,unconscious,False,Image,False,4,2,2,3
866,sub-06,lh-superiorfrontal,0.6714285714285715,0.21428571428571427,0.588235294117647,0.6847463871260702,None + Linear-SVM,unconscious,unconscious,False,Image,False,5,5,5,2
867,sub-06,lh-superiorfrontal,0.48214285714285715,-0.05455447255899809,0.42857142857142855,0.7312169195622616,None + Linear-SVM,unconscious,unconscious,False,Image,False,4,3,5,3
868,sub-06,lh-superiorfrontal,0.6122448979591837,0.0,0.4615384615384615,0.6871911516833599,None + Linear-SVM,unconscious,unconscious,False,Image,False,4,3,4,3
869,sub-06,lh-superiorfrontal,0.7142857142857142,0.21428571428571427,0.5,0.6522512476393849,None + Linear-SVM,unconscious,unconscious,False,Image,False,5,2,2,2
870,sub-06,lh-superiorfrontal,0.6964285714285714,0.3392857142857143,0.6666666666666666,0.6769497028008064,None + Linear-SVM,unconscious,unconscious,False,Image,False,5,5,3,2
871,sub-06,lh-superiorfrontal,0.653061224489796,0.14907119849998599,0.5,0.6812560341912585,None + Linear-SVM,unconscious,unconscious,False,Image,False,5,3,4,2
872,sub-06,lh-superiorfrontal,0.6190476190476191,-0.0890870806374748,0.28571428571428575,0.6575103678242382,None + Linear-SVM,unconscious,unconscious,False,Image,False,4,1,2,3
873,sub-06,lh-superiorfrontal,0.6285714285714286,0.11952286093343936,0.4444444444444445,0.6676889922462644,None + Linear-SVM,unconscious,unconscious,False,Image,False,5,2,3,2
874,sub-06,lh-superiorfrontal,0.6571428571428571,0.3098898934004561,0.6666666666666665,0.6908783781709669,None + Linear-SVM,unconscious,unconscious,False,Image,False,5,6,4,2
875,sub-06,lh-superiorfrontal,0.6285714285714286,0.11952286093343936,0.4444444444444445,0.6705103217657048,None + Linear-SVM,unconscious,unconscious,False,Image,False,5,2,3,2
876,sub-06,lh-superiorfrontal,0.4897959183673469,-0.14907119849998599,0.3333333333333333,0.7094747931912911,None + Linear-SVM,unconscious,unconscious,False,Image,False,4,2,5,3
877,sub-06,lh-superiorfrontal,0.6363636363636364,0.11396057645963795,0.6,0.6948422508678812,None + Linear-SVM,unconscious,unconscious,False,Image,False,4,6,5,3
878,sub-06,lh-superiorfrontal,0.7346938775510203,0.28867513459481287,0.6153846153846153,0.6624181734456904,None + Linear-SVM,unconscious,unconscious,False,Image,False,5,4,3,2
879,sub-06,lh-superiorfrontal,0.5285714285714286,-0.02857142857142857,0.47058823529411764,0.7159995543779227,None + Linear-SVM,unconscious,unconscious,False,Image,False,4,4,6,3
880,sub-06,lh-superiorfrontal,0.6666666666666667,0.047619047619047616,0.3333333333333333,0.656949905077685,None + Linear-SVM,unconscious,unconscious,False,Image,False,5,1,2,2
881,sub-06,lh-superiorfrontal,0.7857142857142857,0.38575837490522974,0.5714285714285715,0.6391700291227391,None + Linear-SVM,unconscious,unconscious,False,Image,False,6,2,2,1
882,sub-06,lh-superiorfrontal,0.6904761904761905,0.13095238095238096,0.5263157894736842,0.6789817712971372,None + Linear-SVM,unconscious,unconscious,False,Image,False,5,5,7,2
883,sub-06,lh-superiorfrontal,0.5974025974025974,0.20385887657505022,0.6666666666666666,0.7082635248313435,None + Linear-SVM,unconscious,unconscious,False,Image,False,4,7,4,3
884,sub-06,lh-superiorfrontal,0.5238095238095238,-0.0890870806374748,0.28571428571428575,0.664941764035717,None + Linear-SVM,unconscious,unconscious,False,Image,False,4,1,2,3
885,sub-06,lh-superiorfrontal,0.8285714285714285,0.47809144373375745,0.6666666666666665,0.6334255353830541,None + Linear-SVM,unconscious,unconscious,False,Image,False,6,3,2,1
886,sub-06,lh-superiorfrontal,0.5,-0.2828894749305018,0.2,0.7051527775849148,None + Linear-SVM,unconscious,unconscious,False,Image,False,4,1,5,3
887,sub-06,lh-superiorfrontal,0.5142857142857142,0.1690308509457033,0.5454545454545454,0.6888784780092051,None + Linear-SVM,unconscious,unconscious,False,Image,False,4,3,2,3
888,sub-06,lh-superiorfrontal,0.5324675324675325,0.025482359571881278,0.5263157894736842,0.7278903988424207,None + Linear-SVM,unconscious,unconscious,False,Image,False,4,5,6,3
889,sub-06,lh-superiorfrontal,0.6785714285714286,0.06900655593423542,0.4444444444444445,0.6566816279594406,None + Linear-SVM,unconscious,unconscious,False,Image,False,4,2,2,3
890,sub-06,lh-superiorfrontal,0.5873015873015873,0.1259881576697424,0.5882352941176471,0.6968776783204559,None + Linear-SVM,unconscious,unconscious,False,Image,False,4,5,4,3
891,sub-06,lh-superiorfrontal,0.5873015873015872,0.2698412698412698,0.6250000000000001,0.6980774736960893,None + Linear-SVM,unconscious,unconscious,False,Image,False,5,5,4,2
892,sub-06,lh-superiorfrontal,0.6428571428571428,0.3098898934004561,0.6666666666666665,0.6943607287970115,None + Linear-SVM,unconscious,unconscious,False,Image,False,5,6,4,2
893,sub-06,lh-superiorfrontal,0.7142857142857143,0.2182178902359924,0.4,0.6483542680238029,None + Linear-SVM,unconscious,unconscious,False,Image,False,6,1,2,1
894,sub-06,lh-superiorfrontal,0.6,0.3098898934004561,0.6666666666666665,0.7072731236397388,None + Linear-SVM,unconscious,unconscious,False,Image,False,5,6,4,2
895,sub-06,lh-superiorfrontal,0.6984126984126984,0.16265001215808886,0.5333333333333333,0.6750490044759179,None + Linear-SVM,unconscious,unconscious,False,Image,False,5,4,5,2
896,sub-06,lh-superiorfrontal,0.6825396825396826,0.16265001215808886,0.5333333333333333,0.6821078254989794,None + Linear-SVM,unconscious,unconscious,False,Image,False,5,4,5,2
897,sub-06,lh-superiorfrontal,0.6103896103896104,0.025482359571881278,0.5263157894736842,0.6972510492630659,None + Linear-SVM,unconscious,unconscious,False,Image,False,4,5,6,3
898,sub-06,lh-superiorfrontal,0.5142857142857143,-0.02857142857142857,0.4000000000000001,0.6839584440324845,None + Linear-SVM,unconscious,unconscious,False,Image,False,4,2,3,3
899,sub-06,lh-superiorfrontal,0.4897959183673469,0.0,0.4615384615384615,0.6933075269185268,None + Linear-SVM,unconscious,unconscious,False,Image,False,4,3,4,3
900,sub-06,lh-superiorfrontal,0.5054945054945055,-0.04279604925109129,0.4761904761904762,0.7458929422939831,None + Linear-SVM,unconscious,unconscious,False,Image,False,4,5,8,3
901,sub-06,lh-superiorfrontal,0.7142857142857143,0.3392857142857143,0.6666666666666666,0.6698114822464896,None + Linear-SVM,unconscious,unconscious,False,Image,False,5,5,3,2
902,sub-06,lh-superiorfrontal,0.5918367346938775,0.14907119849998599,0.5,0.6843708517027653,None + Linear-SVM,unconscious,unconscious,False,Image,False,5,3,4,2
903,sub-06,lh-superiorfrontal,0.4285714285714286,-0.3779644730092272,0.0,0.6648342578558002,None + Linear-SVM,unconscious,unconscious,False,Image,False,4,0,2,3
904,sub-06,lh-superiorfrontal,0.5285714285714286,-0.02857142857142857,0.47058823529411764,0.7240042977239188,None + Linear-SVM,unconscious,unconscious,False,Image,False,4,4,6,3
905,sub-06,lh-superiorfrontal,0.5555555555555556,0.1259881576697424,0.5882352941176471,0.7112237927086891,None + Linear-SVM,unconscious,unconscious,False,Image,False,4,5,4,3
906,sub-06,lh-superiorfrontal,0.5714285714285714,-0.02857142857142857,0.4000000000000001,0.6779548382347654,None + Linear-SVM,unconscious,unconscious,False,Image,False,4,2,3,3
907,sub-06,lh-superiorfrontal,0.5142857142857143,-0.02857142857142857,0.47058823529411764,0.7166498279003475,None + Linear-SVM,unconscious,unconscious,False,Image,False,4,4,6,3
908,sub-06,lh-superiorfrontal,0.5844155844155844,0.025482359571881278,0.5263157894736842,0.7268744426192275,None + Linear-SVM,unconscious,unconscious,False,Image,False,4,5,6,3
909,sub-06,lh-superiorfrontal,0.6666666666666667,0.047619047619047616,0.3333333333333333,0.6518334043394372,None + Linear-SVM,unconscious,unconscious,False,Image,False,5,1,2,2
910,sub-06,lh-superiorfrontal,0.5892857142857143,0.07142857142857142,0.5333333333333333,0.7005344982408098,None + Linear-SVM,unconscious,unconscious,False,Image,False,4,4,4,3
911,sub-06,lh-superiorfrontal,0.7714285714285714,0.3142857142857143,0.6,0.65057345374731,None + Linear-SVM,unconscious,unconscious,False,Image,False,5,3,2,2
912,sub-06,lh-superiorfrontal,0.8163265306122449,0.5773502691896257,0.7692307692307692,0.6467936221911453,None + Linear-SVM,unconscious,unconscious,False,Image,False,6,5,2,1
913,sub-06,lh-superiorfrontal,0.5,0.0,0.3333333333333333,0.6978020961343544,None + Linear-SVM,unconscious,unconscious,False,Image,False,3,1,3,1
914,sub-06,lh-superiorfrontal,0.7250000000000001,0.41079191812887456,0.7777777777777777,0.7091194860279474,None + Linear-SVM,unconscious,unconscious,False,Image,False,3,7,3,1
915,sub-06,lh-superiorfrontal,0.25,-0.25,0.3333333333333333,0.7829029475541049,None + Linear-SVM,unconscious,unconscious,False,Image,False,2,2,6,2
916,sub-06,lh-superiorfrontal,0.5,0.17857142857142858,0.5454545454545454,0.7132691330747081,None + Linear-SVM,unconscious,unconscious,False,Image,False,3,3,4,1
917,sub-06,lh-superiorfrontal,0.6875,0.2581988897471611,0.5714285714285715,0.6775614193318997,None + Linear-SVM,unconscious,unconscious,False,Image,False,3,2,2,1
918,sub-06,lh-superiorfrontal,0.59375,0.23904572186687872,0.6153846153846154,0.704174111669093,None + Linear-SVM,unconscious,unconscious,False,Image,False,3,4,4,1
919,sub-06,lh-superiorfrontal,0.46428571428571425,-0.06900655593423542,0.5,0.7187873404997128,None + Linear-SVM,unconscious,unconscious,False,Image,False,2,3,4,2
920,sub-06,lh-superiorfrontal,0.5,-0.16666666666666666,0.3333333333333333,0.6927311125950439,None + Linear-SVM,unconscious,unconscious,False,Image,False,2,1,2,2
921,sub-06,lh-superiorfrontal,0.6,0.15811388300841897,0.5,0.697878006663686,None + Linear-SVM,unconscious,unconscious,False,Image,False,3,2,3,1
922,sub-06,lh-superiorfrontal,0.6,0.31622776601683794,0.7058823529411764,0.719849378942735,None + Linear-SVM,unconscious,unconscious,False,Image,False,3,6,4,1
923,sub-06,lh-superiorfrontal,0.55,0.35,0.6666666666666665,0.7023983375750901,None + Linear-SVM,unconscious,unconscious,False,Image,False,3,3,2,1
924,sub-06,lh-superiorfrontal,0.42857142857142855,-0.21428571428571427,0.36363636363636365,0.7438337179342436,None + Linear-SVM,unconscious,unconscious,False,Image,False,2,2,5,2
925,sub-06,lh-superiorfrontal,0.5454545454545454,0.10660035817780521,0.5000000000000001,0.7237570696698771,None + Linear-SVM,unconscious,unconscious,False,Image,False,3,4,7,1
926,sub-06,lh-superiorfrontal,0.6785714285714286,0.3105295017040594,0.6666666666666666,0.6885655323117935,None + Linear-SVM,unconscious,unconscious,False,Image,False,3,4,3,1
927,sub-06,lh-superiorfrontal,0.42500000000000004,-0.09128709291752768,0.5,0.7475800194866203,None + Linear-SVM,unconscious,unconscious,False,Image,False,2,4,6,2
928,sub-06,lh-superiorfrontal,0.5,0.09128709291752768,0.4,0.6850674822541105,None + Linear-SVM,unconscious,unconscious,False,Image,False,3,1,2,1
929,sub-06,lh-superiorfrontal,0.75,0.2581988897471611,0.5714285714285715,0.6652439808808784,None + Linear-SVM,unconscious,unconscious,False,Image,False,3,2,2,1
930,sub-06,lh-superiorfrontal,0.625,0.14907119849998599,0.5555555555555556,0.7097889778260351,None + Linear-SVM,unconscious,unconscious,False,Image,False,3,5,7,1
931,sub-06,lh-superiorfrontal,0.5681818181818181,0.10660035817780521,0.5000000000000001,0.7323786645642723,None + Linear-SVM,unconscious,unconscious,False,Image,False,3,4,7,1
932,sub-06,lh-superiorfrontal,0.5833333333333333,0.09128709291752768,0.4,0.6853993893725642,None + Linear-SVM,unconscious,unconscious,False,Image,False,3,1,2,1
933,sub-06,lh-superiorfrontal,0.85,0.35,0.6666666666666665,0.6551389810917622,None + Linear-SVM,unconscious,unconscious,False,Image,False,3,3,2,1
934,sub-06,lh-superiorfrontal,0.375,-0.16666666666666666,0.4,0.7355462219676735,None + Linear-SVM,unconscious,unconscious,False,Image,False,2,2,4,2
935,sub-06,lh-superiorfrontal,0.55,0.15811388300841897,0.5,0.7204921533441264,None + Linear-SVM,unconscious,unconscious,False,Image,False,3,2,3,1
936,sub-06,lh-superiorfrontal,0.36363636363636365,-0.12309149097933272,0.4705882352941177,0.7569902555594642,None + Linear-SVM,unconscious,unconscious,False,Image,False,2,4,7,2
937,sub-06,lh-superiorfrontal,0.625,0.2581988897471611,0.5714285714285715,0.6830805791906751,None + Linear-SVM,unconscious,unconscious,False,Image,False,3,2,2,1
938,sub-06,lh-superiorfrontal,0.4444444444444444,-0.15811388300841897,0.42857142857142855,0.733502823193332,None + Linear-SVM,unconscious,unconscious,False,Image,False,2,3,6,2
939,sub-06,lh-superiorfrontal,0.5555555555555556,0.2828894749305018,0.6666666666666667,0.7219926346454169,None + Linear-SVM,unconscious,unconscious,False,Image,False,3,5,4,1
940,sub-06,lh-superiorfrontal,0.6,0.22821773229381923,0.625,0.7253794672100862,None + Linear-SVM,unconscious,unconscious,False,Image,False,3,5,5,1
941,sub-06,lh-superiorfrontal,0.5833333333333334,0.09128709291752768,0.4,0.6742362122504162,None + Linear-SVM,unconscious,unconscious,False,Image,False,3,1,2,1
942,sub-06,lh-superiorfrontal,0.525,0.22821773229381923,0.625,0.7366809799808332,None + Linear-SVM,unconscious,unconscious,False,Image,False,3,5,5,1
943,sub-06,lh-superiorfrontal,0.6666666666666666,0.2828894749305018,0.6666666666666667,0.6991548333883646,None + Linear-SVM,unconscious,unconscious,False,Image,False,3,5,4,1
944,sub-06,lh-superiorfrontal,0.5833333333333333,0.18446619684315546,0.5714285714285714,0.7104329370790835,None + Linear-SVM,unconscious,unconscious,False,Image,False,3,4,5,1
945,sub-06,lh-superiorfrontal,0.5454545454545454,0.2618924633082486,0.6666666666666665,0.7281505693090523,None + Linear-SVM,unconscious,unconscious,False,Image,False,3,6,5,1
946,sub-06,lh-superiorfrontal,0.4,-0.1,0.4444444444444445,0.722972245400585,None + Linear-SVM,unconscious,unconscious,False,Image,False,2,2,3,2
947,sub-06,lh-superiorfrontal,0.5357142857142857,0.17857142857142858,0.5454545454545454,0.7175488387665866,None + Linear-SVM,unconscious,unconscious,False,Image,False,3,3,4,1
948,sub-06,lh-superiorfrontal,0.3653846153846154,0.03268602252303067,0.6363636363636364,0.7869168324179917,None + Linear-SVM,unconscious,unconscious,False,Image,False,2,7,6,2
949,sub-06,lh-superiorfrontal,0.65625,0.23904572186687872,0.6153846153846154,0.6935256226381344,None + Linear-SVM,unconscious,unconscious,False,Image,False,3,4,4,1
950,sub-06,lh-superiorfrontal,0.5,-0.06900655593423542,0.5,0.7183537800667058,None + Linear-SVM,unconscious,unconscious,False,Image,False,2,3,4,2
951,sub-06,lh-superiorfrontal,0.125,-0.5,0.0,0.7009041499228365,None + Linear-SVM,unconscious,unconscious,False,Image,False,2,0,2,2
952,sub-06,lh-superiorfrontal,0.275,-0.3,0.28571428571428575,0.7578239602610292,None + Linear-SVM,unconscious,unconscious,False,Image,False,2,2,8,2
953,sub-06,lh-superiorfrontal,0.4722222222222222,0.08333333333333333,0.46153846153846156,0.7355725025565327,None + Linear-SVM,unconscious,unconscious,False,Image,False,3,3,6,1
954,sub-06,lh-superiorfrontal,0.5,-0.1,0.4444444444444445,0.7057894012417592,None + Linear-SVM,unconscious,unconscious,False,Image,False,2,2,3,2
955,sub-06,lh-superiorfrontal,0.475,0.0,0.588235294117647,0.7375189114687821,None + Linear-SVM,unconscious,unconscious,False,Image,False,2,5,5,2
956,sub-06,lh-superiorfrontal,0.36363636363636365,-0.040291148201269014,0.5555555555555556,0.7607092019858702,None + Linear-SVM,unconscious,unconscious,False,Image,False,2,5,6,2
957,sub-06,lh-superiorfrontal,0.6666666666666666,0.09128709291752768,0.4,0.6687070456444489,None + Linear-SVM,unconscious,unconscious,False,Image,False,3,1,2,1
958,sub-06,lh-superiorfrontal,0.53125,0.23904572186687872,0.6153846153846154,0.7278126894542312,None + Linear-SVM,unconscious,unconscious,False,Image,False,3,4,4,1
959,sub-06,lh-superiorfrontal,0.7,0.35,0.6666666666666665,0.681198448752268,None + Linear-SVM,unconscious,unconscious,False,Image,False,3,3,2,1
960,sub-06,lh-superiorfrontal,0.8214285714285714,0.4485426135725303,0.7692307692307692,0.6757711406442751,None + Linear-SVM,unconscious,unconscious,False,Image,False,3,5,2,1
961,sub-06,lh-superiorfrontal,0.625,0.09128709291752768,0.4,0.6543353257693231,None + Linear-SVM,unconscious,unconscious,False,Image,False,6,2,2,4
962,sub-06,lh-superiorfrontal,0.71,0.30151134457776363,0.631578947368421,0.6727029688277477,None + Linear-SVM,unconscious,unconscious,False,Image,False,7,6,4,3
963,sub-06,lh-superiorfrontal,0.2875,-0.15811388300841897,0.28571428571428575,0.7094343260099119,None + Linear-SVM,unconscious,unconscious,False,Image,False,6,2,6,4
964,sub-06,lh-superiorfrontal,0.6,0.07042952122737638,0.5,0.6707142401128703,None + Linear-SVM,unconscious,unconscious,False,Image,False,5,4,3,5
965,sub-06,lh-superiorfrontal,0.8,0.3,0.5,0.6475959578727577,None + Linear-SVM,unconscious,unconscious,False,Image,False,8,2,2,2
966,sub-06,lh-superiorfrontal,0.6375,0.31622776601683794,0.5714285714285715,0.6705633053206749,None + Linear-SVM,unconscious,unconscious,False,Image,False,8,4,4,2
967,sub-06,lh-superiorfrontal,0.6,0.02857142857142857,0.42857142857142855,0.6696881116104112,None + Linear-SVM,unconscious,unconscious,False,Image,False,6,3,4,4
968,sub-06,lh-superiorfrontal,0.4666666666666667,-0.14085904245475275,0.2222222222222222,0.6548941605479832,None + Linear-SVM,unconscious,unconscious,False,Image,False,5,1,2,5
969,sub-06,lh-superiorfrontal,0.76,0.28867513459481287,0.5454545454545454,0.6518711117455168,None + Linear-SVM,unconscious,unconscious,False,Image,False,7,3,2,3
970,sub-06,lh-superiorfrontal,0.6199999999999999,0.2041241452319315,0.5555555555555556,0.6816903132155655,None + Linear-SVM,unconscious,unconscious,False,Image,False,7,5,5,3
971,sub-06,lh-superiorfrontal,0.6,0.28867513459481287,0.5454545454545454,0.6606833873545149,None + Linear-SVM,unconscious,unconscious,False,Image,False,7,3,2,3
972,sub-06,lh-superiorfrontal,0.42857142857142855,-0.21428571428571427,0.2857142857142857,0.6868512779347264,None + Linear-SVM,unconscious,unconscious,False,Image,False,5,2,5,5
973,sub-06,lh-superiorfrontal,0.5909090909090909,0.14545454545454545,0.5714285714285713,0.6842518516916879,None + Linear-SVM,unconscious,unconscious,False,Image,False,6,6,5,4
974,sub-06,lh-superiorfrontal,0.7285714285714285,0.2714285714285714,0.5714285714285714,0.6565180944232175,None + Linear-SVM,unconscious,unconscious,False,Image,False,7,4,3,3
975,sub-06,lh-superiorfrontal,0.49999999999999994,0.0,0.4444444444444445,0.6951494342969651,None + Linear-SVM,unconscious,unconscious,False,Image,False,6,4,6,4
976,sub-06,lh-superiorfrontal,0.5333333333333333,-0.05773502691896257,0.25,0.6482245468245164,None + Linear-SVM,unconscious,unconscious,False,Image,False,6,1,2,4
977,sub-06,lh-superiorfrontal,0.8500000000000001,0.4403855060505443,0.5714285714285715,0.636996248160897,None + Linear-SVM,unconscious,unconscious,False,Image,False,9,2,2,1
978,sub-06,lh-superiorfrontal,0.675,0.12076147288491199,0.5,0.6760857856813047,None + Linear-SVM,unconscious,unconscious,False,Image,False,7,5,7,3
979,sub-06,lh-superiorfrontal,0.6,0.24771684715343112,0.6,0.6890480432443471,None + Linear-SVM,unconscious,unconscious,False,Image,False,7,6,5,3
980,sub-06,lh-superiorfrontal,0.6333333333333333,-0.05773502691896257,0.25,0.6484574427238854,None + Linear-SVM,unconscious,unconscious,False,Image,False,6,1,2,4
981,sub-06,lh-superiorfrontal,0.9,0.533001790889026,0.6666666666666665,0.6347848118367259,None + Linear-SVM,unconscious,unconscious,False,Image,False,9,3,2,1
982,sub-06,lh-superiorfrontal,0.44999999999999996,-0.16265001215808886,0.30769230769230765,0.6771758006119598,None + Linear-SVM,unconscious,unconscious,False,Image,False,5,2,4,5
983,sub-06,lh-superiorfrontal,0.6199999999999999,0.28867513459481287,0.5454545454545454,0.6644567599888859,None + Linear-SVM,unconscious,unconscious,False,Image,False,7,3,2,3
984,sub-06,lh-superiorfrontal,0.44545454545454544,-0.13762047064079508,0.39999999999999997,0.7068860403054491,None + Linear-SVM,unconscious,unconscious,False,Image,False,5,4,7,5
985,sub-06,lh-superiorfrontal,0.675,0.18856180831641267,0.4444444444444445,0.6453298160587823,None + Linear-SVM,unconscious,unconscious,False,Image,False,7,2,2,3
986,sub-06,lh-superiorfrontal,0.6111111111111112,0.14951420452417674,0.5,0.6842484828094083,None + Linear-SVM,unconscious,unconscious,False,Image,False,7,4,5,3
987,sub-06,lh-superiorfrontal,0.7000000000000001,0.36666666666666664,0.6666666666666666,0.6794371278588528,None + Linear-SVM,unconscious,unconscious,False,Image,False,7,6,3,3
988,sub-06,lh-superiorfrontal,0.66,0.2041241452319315,0.5555555555555556,0.6830887479382598,None + Linear-SVM,unconscious,unconscious,False,Image,False,7,5,5,3
989,sub-06,lh-superiorfrontal,0.7,0.5270462766947299,0.5,0.6393856631424071,None + Linear-SVM,unconscious,unconscious,False,Image,False,10,1,2,0
990,sub-06,lh-superiorfrontal,0.58,0.10050378152592121,0.5263157894736842,0.691777602752996,None + Linear-SVM,unconscious,unconscious,False,Image,False,6,5,5,4
991,sub-06,lh-superiorfrontal,0.711111111111111,0.2584432806109095,0.5882352941176471,0.6663934720165802,None + Linear-SVM,unconscious,unconscious,False,Image,False,7,5,4,3
992,sub-06,lh-superiorfrontal,0.7,0.2584432806109095,0.5882352941176471,0.6699752440530897,None + Linear-SVM,unconscious,unconscious,False,Image,False,7,5,4,3
993,sub-06,lh-superiorfrontal,0.6272727272727273,0.14545454545454545,0.5714285714285713,0.681816697155847,None + Linear-SVM,unconscious,unconscious,False,Image,False,6,6,5,4
994,sub-06,lh-superiorfrontal,0.52,0.0,0.3636363636363636,0.6657343584494434,None + Linear-SVM,unconscious,unconscious,False,Image,False,6,2,3,4
995,sub-06,lh-superiorfrontal,0.5714285714285714,0.02857142857142857,0.42857142857142855,0.6720267076024613,None + Linear-SVM,unconscious,unconscious,False,Image,False,6,3,4,4
996,sub-06,lh-superiorfrontal,0.4230769230769231,0.0381690510345287,0.5599999999999999,0.7314324286999162,None + Linear-SVM,unconscious,unconscious,False,Image,False,5,7,6,5
997,sub-06,lh-superiorfrontal,0.7250000000000001,0.4472135954999579,0.7058823529411765,0.6629153104704463,None + Linear-SVM,unconscious,unconscious,False,Image,False,7,6,2,3
998,sub-06,lh-superiorfrontal,0.6285714285714286,0.02857142857142857,0.42857142857142855,0.6681941841302175,None + Linear-SVM,unconscious,unconscious,False,Image,False,6,3,4,4
999,sub-06,lh-superiorfrontal,0.3,-0.37796447300922725,0.0,0.6526684651486485,None + Linear-SVM,unconscious,unconscious,False,Image,False,5,0,2,5
1000,sub-06,lh-superiorfrontal,0.42,-0.10050378152592121,0.4210526315789474,0.7025331010963825,None + Linear-SVM,unconscious,unconscious,False,Image,False,5,4,6,5
1001,sub-06,lh-superiorfrontal,0.5222222222222221,0.044946657497549475,0.47058823529411764,0.691141826827909,None + Linear-SVM,unconscious,unconscious,False,Image,False,6,4,5,4
1002,sub-06,lh-superiorfrontal,0.6799999999999999,-0.10660035817780521,0.22222222222222224,0.658086627821428,None + Linear-SVM,unconscious,unconscious,False,Image,False,7,1,4,3
1003,sub-06,lh-superiorfrontal,0.49,0.0,0.4444444444444445,0.6957429858928232,None + Linear-SVM,unconscious,unconscious,False,Image,False,6,4,6,4
1004,sub-06,lh-superiorfrontal,0.44545454545454544,0.05504818825631803,0.5,0.7097215994870899,None + Linear-SVM,unconscious,unconscious,False,Image,False,6,5,6,4
1005,sub-06,lh-superiorfrontal,0.6333333333333333,0.27247463045653303,0.4,0.6491419071126583,None + Linear-SVM,unconscious,unconscious,False,Image,False,9,1,2,1
1006,sub-06,lh-superiorfrontal,0.575,0.1,0.5,0.6828295468418424,None + Linear-SVM,unconscious,unconscious,False,Image,False,6,4,4,4
1007,sub-06,lh-superiorfrontal,0.8,0.28867513459481287,0.5454545454545454,0.6462938824460953,None + Linear-SVM,unconscious,unconscious,False,Image,False,7,3,2,3
1008,sub-06,lh-superiorfrontal,0.8,0.408491223118783,0.6666666666666666,0.6533834761322197,None + Linear-SVM,unconscious,unconscious,False,Image,False,7,5,2,3
1009,sub-06,lh-superiorfrontal,0.6346153846153847,0.03268602252303067,0.3333333333333333,0.658536637893428,None + Linear-SVM,unconscious,unconscious,False,Image,False,7,2,2,6
1010,sub-06,lh-superiorfrontal,0.6692307692307693,0.2923076923076923,0.6,0.6692443941505258,None + Linear-SVM,unconscious,unconscious,False,Image,False,9,6,4,4
1011,sub-06,lh-superiorfrontal,0.375,-0.1589409883014377,0.33333333333333326,0.6972321005969009,None + Linear-SVM,unconscious,unconscious,False,Image,False,6,3,5,7
1012,sub-06,lh-superiorfrontal,0.5494505494505495,0.12087912087912088,0.42857142857142855,0.6700434650683557,None + Linear-SVM,unconscious,unconscious,False,Image,False,9,3,4,4
1013,sub-06,lh-superiorfrontal,0.7500000000000001,0.25064020591380154,0.4444444444444445,0.6512103776977316,None + Linear-SVM,unconscious,unconscious,False,Image,False,10,2,2,3
1014,sub-06,lh-superiorfrontal,0.7596153846153846,0.31137618438976383,0.5882352941176471,0.6583576659615596,None + Linear-SVM,unconscious,unconscious,False,Image,False,9,5,3,4
1015,sub-06,lh-superiorfrontal,0.6043956043956044,0.3144854510165755,0.588235294117647,0.6682180525280998,None + Linear-SVM,unconscious,unconscious,False,Image,False,8,5,2,5
1016,sub-06,lh-superiorfrontal,0.5897435897435896,-0.10087125544480041,0.2,0.6529730058140193,None + Linear-SVM,unconscious,unconscious,False,Image,False,7,1,2,6
1017,sub-06,lh-superiorfrontal,0.6923076923076923,0.08770580193070292,0.3636363636363636,0.6555405247766142,None + Linear-SVM,unconscious,unconscious,False,Image,False,9,2,3,4
1018,sub-06,lh-superiorfrontal,0.6,0.2923076923076923,0.6,0.6795092438253143,None + Linear-SVM,unconscious,unconscious,False,Image,False,9,6,4,4
1019,sub-06,lh-superiorfrontal,0.5846153846153846,0.1941450686788302,0.4615384615384615,0.6571321504963897,None + Linear-SVM,unconscious,unconscious,False,Image,False,8,3,2,5
1020,sub-06,lh-superiorfrontal,0.4505494505494505,-0.0316069770620507,0.375,0.6821979698054395,None + Linear-SVM,unconscious,unconscious,False,Image,False,7,3,4,6
1021,sub-06,lh-superiorfrontal,0.6223776223776224,0.16083916083916083,0.5454545454545454,0.6770873321021531,None + Linear-SVM,unconscious,unconscious,False,Image,False,8,6,5,5
1022,sub-06,lh-superiorfrontal,0.7582417582417582,0.38981938376529196,0.6250000000000001,0.6518443066002607,None + Linear-SVM,unconscious,unconscious,False,Image,False,9,5,2,4
1023,sub-06,lh-superiorfrontal,0.5076923076923077,0.0381690510345287,0.47619047619047616,0.687005896939957,None + Linear-SVM,unconscious,unconscious,False,Image,False,7,5,5,6
1024,sub-06,lh-superiorfrontal,0.6153846153846154,0.09245003270420485,0.28571428571428575,0.648884995478374,None + Linear-SVM,unconscious,unconscious,False,Image,False,10,1,2,3
1025,sub-06,lh-superiorfrontal,0.8076923076923077,0.34615384615384615,0.5,0.6402450908984926,None + Linear-SVM,unconscious,unconscious,False,Image,False,11,2,2,2
1026,sub-06,lh-superiorfrontal,0.7051282051282051,0.11342410894527007,0.4761904761904762,0.6684731395880307,None + Linear-SVM,unconscious,unconscious,False,Image,False,9,5,7,4
1027,sub-06,lh-superiorfrontal,0.6153846153846153,0.16083916083916083,0.5454545454545454,0.6829923017883041,None + Linear-SVM,unconscious,unconscious,False,Image,False,8,6,5,5
1028,sub-06,lh-superiorfrontal,0.6666666666666667,-0.041344911529736156,0.2222222222222222,0.6489350849339208,None + Linear-SVM,unconscious,unconscious,False,Image,False,8,1,2,5
1029,sub-06,lh-superiorfrontal,0.8153846153846154,0.35082320772281167,0.5454545454545454,0.6402481345745994,None + Linear-SVM,unconscious,unconscious,False,Image,False,10,3,2,3
1030,sub-06,lh-superiorfrontal,0.423076923076923,-0.1207011373963169,0.28571428571428575,0.6769312132966011,None + Linear-SVM,unconscious,unconscious,False,Image,False,7,2,4,6
1031,sub-06,lh-superiorfrontal,0.5846153846153846,0.1941450686788302,0.4615384615384615,0.6668828967669085,None + Linear-SVM,unconscious,unconscious,False,Image,False,8,3,2,5
1032,sub-06,lh-superiorfrontal,0.4405594405594406,-0.006993006993006993,0.45454545454545453,0.6985167038215668,None + Linear-SVM,unconscious,unconscious,False,Image,False,7,5,6,6
1033,sub-06,lh-superiorfrontal,0.7115384615384615,0.1706971854997297,0.4,0.6497577406003633,None + Linear-SVM,unconscious,unconscious,False,Image,False,9,2,2,4
1034,sub-06,lh-superiorfrontal,0.6153846153846154,0.16878989451394444,0.5263157894736842,0.6778015264454833,None + Linear-SVM,unconscious,unconscious,False,Image,False,8,5,4,5
1035,sub-06,lh-superiorfrontal,0.6324786324786325,0.24786324786324787,0.5555555555555556,0.6757190431290035,None + Linear-SVM,unconscious,unconscious,False,Image,False,9,5,4,4
1036,sub-06,lh-superiorfrontal,0.6461538461538462,0.1953363462243731,0.5263157894736842,0.6789580475400202,None + Linear-SVM,unconscious,unconscious,False,Image,False,9,5,5,4
1037,sub-06,lh-superiorfrontal,0.6923076923076923,0.1794871794871795,0.3333333333333333,0.6420290056800712,None + Linear-SVM,unconscious,unconscious,False,Image,False,11,1,2,2
1038,sub-06,lh-superiorfrontal,0.5692307692307692,0.21374668579336073,0.5714285714285713,0.6849041624027009,None + Linear-SVM,unconscious,unconscious,False,Image,False,8,6,4,5
1039,sub-06,lh-superiorfrontal,0.7521367521367521,0.24786324786324787,0.5555555555555556,0.6627839049538167,None + Linear-SVM,unconscious,unconscious,False,Image,False,9,5,4,4
1040,sub-06,lh-superiorfrontal,0.6752136752136753,0.24786324786324787,0.5555555555555556,0.6684279886828356,None + Linear-SVM,unconscious,unconscious,False,Image,False,9,5,4,4
1041,sub-06,lh-superiorfrontal,0.6503496503496503,0.24029618753167464,0.5714285714285713,0.6758036733469724,None + Linear-SVM,unconscious,unconscious,False,Image,False,9,6,5,4
1042,sub-06,lh-superiorfrontal,0.5076923076923077,-0.05547001962252291,0.3076923076923077,0.6683220081403793,None + Linear-SVM,unconscious,unconscious,False,Image,False,7,2,3,6
1043,sub-06,lh-superiorfrontal,0.5164835164835165,0.04279604925109129,0.39999999999999997,0.6740716310999875,None + Linear-SVM,unconscious,unconscious,False,Image,False,8,3,4,5
1044,sub-06,lh-superiorfrontal,0.4319526627218935,0.0,0.48000000000000004,0.7124811411343456,None + Linear-SVM,unconscious,unconscious,False,Image,False,7,6,7,6
1045,sub-06,lh-superiorfrontal,0.7115384615384616,0.19230769230769232,0.5,0.6580620539902946,None + Linear-SVM,unconscious,unconscious,False,Image,False,9,4,4,4
1046,sub-06,lh-superiorfrontal,0.6263736263736264,0.17910620335162064,0.5,0.6665953531328501,None + Linear-SVM,unconscious,unconscious,False,Image,False,8,4,3,5
1047,sub-06,lh-superiorfrontal,0.3076923076923077,-0.2773500981126146,0.0,0.6512110938820428,None + Linear-SVM,unconscious,unconscious,False,Image,False,8,0,2,5
1048,sub-06,lh-superiorfrontal,0.5153846153846153,0.015626907697949846,0.4210526315789474,0.693824544487094,None + Linear-SVM,unconscious,unconscious,False,Image,False,8,4,6,5
1049,sub-06,lh-superiorfrontal,0.5982905982905983,0.16878989451394444,0.5263157894736842,0.6809979239863032,None + Linear-SVM,unconscious,unconscious,False,Image,False,8,5,4,5
1050,sub-06,lh-superiorfrontal,0.6153846153846154,0.01413506985480439,0.3333333333333333,0.6645545755580508,None + Linear-SVM,unconscious,unconscious,False,Image,False,8,2,3,5
1051,sub-06,lh-superiorfrontal,0.523076923076923,0.11538461538461539,0.5,0.6830024786871348,None + Linear-SVM,unconscious,unconscious,False,Image,False,8,5,5,5
1052,sub-06,lh-superiorfrontal,0.5244755244755245,0.07067534927402196,0.47619047619047616,0.692348525638241,None + Linear-SVM,unconscious,unconscious,False,Image,False,8,5,6,5
1053,sub-06,lh-superiorfrontal,0.7692307692307693,0.28941438070815306,0.4444444444444444,0.6443827191716529,None + Linear-SVM,unconscious,unconscious,False,Image,False,9,2,1,4
1054,sub-06,lh-superiorfrontal,0.5480769230769231,0.11322770341445958,0.47058823529411764,0.6805512448988549,None + Linear-SVM,unconscious,unconscious,False,Image,False,8,4,4,5
1055,sub-06,lh-superiorfrontal,0.7692307692307693,0.26856632724128343,0.5,0.6477087701938251,None + Linear-SVM,unconscious,unconscious,False,Image,False,9,3,2,4
1056,sub-06,lh-superiorfrontal,0.8131868131868132,0.47075654176200415,0.6666666666666666,0.6505705841499249,None + Linear-SVM,unconscious,unconscious,False,Image,False,10,5,2,3
1057,sub-06,lh-superiorfrontal,0.6071428571428572,0.06900655593423542,0.4444444444444445,0.6684053913233678,None + Linear-SVM,unconscious,unconscious,False,Image,False,4,2,2,3
1058,sub-06,lh-superiorfrontal,0.6714285714285714,0.21428571428571427,0.588235294117647,0.6916277139588116,None + Linear-SVM,unconscious,unconscious,False,Image,False,5,5,5,2
1059,sub-06,lh-superiorfrontal,0.30357142857142855,-0.19642857142857142,0.39999999999999997,0.7331472777735031,None + Linear-SVM,unconscious,unconscious,False,Image,False,3,3,5,4
1060,sub-06,lh-superiorfrontal,0.6122448979591837,0.14285714285714285,0.5714285714285714,0.6842925872205866,None + Linear-SVM,unconscious,unconscious,False,Image,False,4,4,3,3
1061,sub-06,lh-superiorfrontal,0.7857142857142857,0.38575837490522974,0.5714285714285715,0.6575916719195285,None + Linear-SVM,unconscious,unconscious,False,Image,False,6,2,2,1
1062,sub-06,lh-superiorfrontal,0.6785714285714286,0.19642857142857142,0.625,0.6791389562344871,None + Linear-SVM,unconscious,unconscious,False,Image,False,4,5,3,3
1063,sub-06,lh-superiorfrontal,0.5102040816326531,0.0,0.4615384615384615,0.6996550550387591,None + Linear-SVM,unconscious,unconscious,False,Image,False,4,3,4,3
1064,sub-06,lh-superiorfrontal,0.5238095238095238,-0.0890870806374748,0.28571428571428575,0.6670917189126828,None + Linear-SVM,unconscious,unconscious,False,Image,False,4,1,2,3
1065,sub-06,lh-superiorfrontal,0.6000000000000001,-0.02857142857142857,0.4000000000000001,0.6767382808911112,None + Linear-SVM,unconscious,unconscious,False,Image,False,4,2,3,3
1066,sub-06,lh-superiorfrontal,0.6142857142857143,0.3098898934004561,0.6666666666666665,0.6980354206171995,None + Linear-SVM,unconscious,unconscious,False,Image,False,5,6,4,2
1067,sub-06,lh-superiorfrontal,0.5714285714285714,0.11952286093343936,0.4444444444444445,0.6759036161277194,None + Linear-SVM,unconscious,unconscious,False,Image,False,5,2,3,2
1068,sub-06,lh-superiorfrontal,0.42857142857142855,-0.14907119849998599,0.3333333333333333,0.7094354851598826,None + Linear-SVM,unconscious,unconscious,False,Image,False,4,2,5,3
1069,sub-06,lh-superiorfrontal,0.6233766233766234,0.025482359571881278,0.5263157894736842,0.6985026570821864,None + Linear-SVM,unconscious,unconscious,False,Image,False,4,5,6,3
1070,sub-06,lh-superiorfrontal,0.8163265306122449,0.4472135954999579,0.6666666666666666,0.6616882039572826,None + Linear-SVM,unconscious,unconscious,False,Image,False,6,4,3,1
1071,sub-06,lh-superiorfrontal,0.4857142857142857,-0.02857142857142857,0.47058823529411764,0.7189567989727521,None + Linear-SVM,unconscious,unconscious,False,Image,False,4,4,6,3
1072,sub-06,lh-superiorfrontal,0.5238095238095237,0.047619047619047616,0.3333333333333333,0.6633978429071004,None + Linear-SVM,unconscious,unconscious,False,Image,False,5,1,2,2
1073,sub-06,lh-superiorfrontal,0.8214285714285714,0.38575837490522974,0.5714285714285715,0.6453107583308144,None + Linear-SVM,unconscious,unconscious,False,Image,False,6,2,2,1
1074,sub-06,lh-superiorfrontal,0.7142857142857143,0.20935894733965593,0.6,0.6874815693454694,None + Linear-SVM,unconscious,unconscious,False,Image,False,5,6,6,2
1075,sub-06,lh-superiorfrontal,0.6103896103896104,0.2548235957188128,0.631578947368421,0.708641120896496,None + Linear-SVM,unconscious,unconscious,False,Image,False,5,6,5,2
1076,sub-06,lh-superiorfrontal,0.7142857142857143,0.2182178902359924,0.4,0.6616182791774012,None + Linear-SVM,unconscious,unconscious,False,Image,False,6,1,2,1
1077,sub-06,lh-superiorfrontal,0.8857142857142857,0.47809144373375745,0.6666666666666665,0.6387443832901412,None + Linear-SVM,unconscious,unconscious,False,Image,False,6,3,2,1
1078,sub-06,lh-superiorfrontal,0.4285714285714286,-0.07142857142857142,0.4615384615384615,0.7025777186004565,None + Linear-SVM,unconscious,unconscious,False,Image,False,3,3,3,4
1079,sub-06,lh-superiorfrontal,0.6571428571428571,0.3142857142857143,0.6,0.6840660397530667,None + Linear-SVM,unconscious,unconscious,False,Image,False,5,3,2,2
1080,sub-06,lh-superiorfrontal,0.4415584415584416,-0.06493506493506493,0.4444444444444444,0.72496430974826,None + Linear-SVM,unconscious,unconscious,False,Image,False,4,4,7,3
1081,sub-06,lh-superiorfrontal,0.6785714285714286,0.06900655593423542,0.4444444444444445,0.6580774650298319,None + Linear-SVM,unconscious,unconscious,False,Image,False,4,2,2,3
1082,sub-06,lh-superiorfrontal,0.6031746031746033,0.015873015873015872,0.5,0.7020154161338511,None + Linear-SVM,unconscious,unconscious,False,Image,False,4,4,5,3
1083,sub-06,lh-superiorfrontal,0.6031746031746033,0.2698412698412698,0.6250000000000001,0.7024421795078408,None + Linear-SVM,unconscious,unconscious,False,Image,False,5,5,4,2
1084,sub-06,lh-superiorfrontal,0.6857142857142857,0.3098898934004561,0.6666666666666665,0.6953219502625243,None + Linear-SVM,unconscious,unconscious,False,Image,False,5,6,4,2
1085,sub-06,lh-superiorfrontal,0.6666666666666666,0.2182178902359924,0.4,0.6545475774112377,None + Linear-SVM,unconscious,unconscious,False,Image,False,6,1,2,1
1086,sub-06,lh-superiorfrontal,0.6,0.3098898934004561,0.6666666666666665,0.7078844299595357,None + Linear-SVM,unconscious,unconscious,False,Image,False,5,6,4,2
1087,sub-06,lh-superiorfrontal,0.7301587301587302,0.2698412698412698,0.6250000000000001,0.6772623163505764,None + Linear-SVM,unconscious,unconscious,False,Image,False,5,5,4,2
1088,sub-06,lh-superiorfrontal,0.6825396825396826,0.2698412698412698,0.6250000000000001,0.6840696419878569,None + Linear-SVM,unconscious,unconscious,False,Image,False,5,5,4,2
1089,sub-06,lh-superiorfrontal,0.5844155844155844,0.025482359571881278,0.5263157894736842,0.7024134956419321,None + Linear-SVM,unconscious,unconscious,False,Image,False,4,5,6,3
1090,sub-06,lh-superiorfrontal,0.4857142857142857,-0.02857142857142857,0.4000000000000001,0.6883554044447586,None + Linear-SVM,unconscious,unconscious,False,Image,False,4,2,3,3
1091,sub-06,lh-superiorfrontal,0.5102040816326531,0.0,0.4615384615384615,0.6973630298037274,None + Linear-SVM,unconscious,unconscious,False,Image,False,4,3,4,3
1092,sub-06,lh-superiorfrontal,0.38461538461538464,-0.2058790548922549,0.3157894736842105,0.7522832530195155,None + Linear-SVM,unconscious,unconscious,False,Image,False,4,3,10,3
1093,sub-06,lh-superiorfrontal,0.6785714285714286,0.21821789023599236,0.5714285714285715,0.6762646940283656,None + Linear-SVM,unconscious,unconscious,False,Image,False,5,4,4,2
1094,sub-06,lh-superiorfrontal,0.5510204081632653,0.0,0.4615384615384615,0.6888984966312736,None + Linear-SVM,unconscious,unconscious,False,Image,False,4,3,4,3
1095,sub-06,lh-superiorfrontal,0.2857142857142857,-0.3779644730092272,0.0,0.6648233493440464,None + Linear-SVM,unconscious,unconscious,False,Image,False,4,0,2,3
1096,sub-06,lh-superiorfrontal,0.4714285714285714,-0.02857142857142857,0.47058823529411764,0.7227738207715833,None + Linear-SVM,unconscious,unconscious,False,Image,False,4,4,6,3
1097,sub-06,lh-superiorfrontal,0.5079365079365079,0.015873015873015872,0.5,0.7124061689303671,None + Linear-SVM,unconscious,unconscious,False,Image,False,4,4,5,3
1098,sub-06,lh-superiorfrontal,0.5428571428571429,-0.02857142857142857,0.4000000000000001,0.6775667503109285,None + Linear-SVM,unconscious,unconscious,False,Image,False,4,2,3,3
1099,sub-06,lh-superiorfrontal,0.5285714285714286,-0.02857142857142857,0.47058823529411764,0.7068427256752876,None + Linear-SVM,unconscious,unconscious,False,Image,False,4,4,6,3
1100,sub-06,lh-superiorfrontal,0.4415584415584416,0.025482359571881278,0.5263157894736842,0.730566143026515,None + Linear-SVM,unconscious,unconscious,False,Image,False,4,5,6,3
1101,sub-06,lh-superiorfrontal,0.7142857142857143,0.2182178902359924,0.4,0.6514118413521846,None + Linear-SVM,unconscious,unconscious,False,Image,False,6,1,2,1
1102,sub-06,lh-superiorfrontal,0.5892857142857142,0.21821789023599236,0.5714285714285715,0.7010329277301328,None + Linear-SVM,unconscious,unconscious,False,Image,False,5,4,4,2
1103,sub-06,lh-superiorfrontal,0.7428571428571429,0.3142857142857143,0.6,0.6609765627787377,None + Linear-SVM,unconscious,unconscious,False,Image,False,5,3,2,2
1104,sub-06,lh-superiorfrontal,0.8775510204081631,0.5773502691896257,0.7692307692307692,0.657658073738476,None + Linear-SVM,unconscious,unconscious,False,Image,False,6,5,2,1
1105,sub-06,lh-superiorfrontal,0.4375,-0.14907119849998599,0.2,0.6810676535077577,None + Linear-SVM,unconscious,unconscious,False,Image,False,7,1,3,5
1106,sub-06,lh-superiorfrontal,0.5833333333333333,0.08333333333333333,0.5,0.6871607006815079,None + Linear-SVM,unconscious,unconscious,False,Image,False,7,5,5,5
1107,sub-06,lh-superiorfrontal,0.22916666666666669,-0.408248290463863,0.22222222222222224,0.7338067283213157,None + Linear-SVM,unconscious,unconscious,False,Image,False,4,2,6,8
1108,sub-06,lh-superiorfrontal,0.42857142857142855,0.011631052629980886,0.39999999999999997,0.6959286874940136,None + Linear-SVM,unconscious,unconscious,False,Image,False,7,3,4,5
1109,sub-06,lh-superiorfrontal,0.5,0.07273929674533079,0.36363636363636365,0.6753800046918098,None + Linear-SVM,unconscious,unconscious,False,Image,False,7,2,2,5
1110,sub-06,lh-superiorfrontal,0.5104166666666666,0.08206099398622181,0.47058823529411764,0.6821725027356847,None + Linear-SVM,unconscious,unconscious,False,Image,False,7,4,4,5
1111,sub-06,lh-superiorfrontal,0.44047619047619047,0.011631052629980886,0.39999999999999997,0.6908239522078008,None + Linear-SVM,unconscious,unconscious,False,Image,False,7,3,4,5
1112,sub-06,lh-superiorfrontal,0.24999999999999997,-0.35355339059327373,0.15384615384615383,0.6896912776883081,None + Linear-SVM,unconscious,unconscious,False,Image,False,3,1,2,9
1113,sub-06,lh-superiorfrontal,0.48333333333333334,-0.015430334996209192,0.3333333333333333,0.6810794844409145,None + Linear-SVM,unconscious,unconscious,False,Image,False,7,2,3,5
1114,sub-06,lh-superiorfrontal,0.525,0.08333333333333333,0.5,0.6942155389225658,None + Linear-SVM,unconscious,unconscious,False,Image,False,7,5,5,5
1115,sub-06,lh-superiorfrontal,0.43333333333333335,-0.015430334996209192,0.3333333333333333,0.6998094638156123,None + Linear-SVM,unconscious,unconscious,False,Image,False,7,2,3,5
1116,sub-06,lh-superiorfrontal,0.3333333333333333,-0.20935894733965593,0.26666666666666666,0.717854898203029,None + Linear-SVM,unconscious,unconscious,False,Image,False,6,2,5,6
1117,sub-06,lh-superiorfrontal,0.5227272727272727,-0.045454545454545456,0.45454545454545453,0.6927522540076111,None + Linear-SVM,unconscious,unconscious,False,Image,False,6,5,6,6
1118,sub-06,lh-superiorfrontal,0.6309523809523809,0.09523809523809523,0.42857142857142855,0.6670353944337771,None + Linear-SVM,unconscious,unconscious,False,Image,False,8,3,4,4
1119,sub-06,lh-superiorfrontal,0.4083333333333333,-0.1,0.4000000000000001,0.7172296799886224,None + Linear-SVM,unconscious,unconscious,False,Image,False,6,4,6,6
1120,sub-06,lh-superiorfrontal,0.38888888888888884,-0.06804138174397717,0.2222222222222222,0.6779371665386535,None + Linear-SVM,unconscious,unconscious,False,Image,False,7,1,2,5
1121,sub-06,lh-superiorfrontal,0.6666666666666666,-0.0778498944161523,0.22222222222222224,0.6614633934119895,None + Linear-SVM,unconscious,unconscious,False,Image,False,8,1,3,4
1122,sub-06,lh-superiorfrontal,0.5902777777777778,0.08362420100070908,0.5217391304347826,0.6861578805209744,None + Linear-SVM,unconscious,unconscious,False,Image,False,7,6,6,5
1123,sub-06,lh-superiorfrontal,0.4166666666666667,0.0381690510345287,0.47619047619047616,0.7116431762565896,None + Linear-SVM,unconscious,unconscious,False,Image,False,7,5,6,5
1124,sub-06,lh-superiorfrontal,0.5,-0.06804138174397717,0.2222222222222222,0.6784065538829219,None + Linear-SVM,unconscious,unconscious,False,Image,False,7,1,2,5
1125,sub-06,lh-superiorfrontal,0.7833333333333333,0.24688535993934707,0.5,0.655436745309783,None + Linear-SVM,unconscious,unconscious,False,Image,False,8,3,2,4
1126,sub-06,lh-superiorfrontal,0.29166666666666663,-0.31622776601683794,0.25,0.7026107072983823,None + Linear-SVM,unconscious,unconscious,False,Image,False,4,2,4,8
1127,sub-06,lh-superiorfrontal,0.4666666666666667,-0.015430334996209192,0.3333333333333333,0.6945591053554887,None + Linear-SVM,unconscious,unconscious,False,Image,False,7,2,3,5
1128,sub-06,lh-superiorfrontal,0.36363636363636365,-0.2326210525996177,0.3,0.7148578566334851,None + Linear-SVM,unconscious,unconscious,False,Image,False,6,3,8,6
1129,sub-06,lh-superiorfrontal,0.6041666666666667,0.07273929674533079,0.36363636363636365,0.6706941160556293,None + Linear-SVM,unconscious,unconscious,False,Image,False,7,2,2,5
1130,sub-06,lh-superiorfrontal,0.4814814814814815,0.027777777777777776,0.4444444444444444,0.6968670092042527,None + Linear-SVM,unconscious,unconscious,False,Image,False,7,4,5,5
1131,sub-06,lh-superiorfrontal,0.4444444444444444,0.027777777777777776,0.4444444444444444,0.6940718612012938,None + Linear-SVM,unconscious,unconscious,False,Image,False,7,4,5,5
1132,sub-06,lh-superiorfrontal,0.5333333333333334,0.08333333333333333,0.5,0.6960677640880722,None + Linear-SVM,unconscious,unconscious,False,Image,False,7,5,5,5
1133,sub-06,lh-superiorfrontal,0.49999999999999994,-0.06804138174397717,0.2222222222222222,0.6700270231692966,None + Linear-SVM,unconscious,unconscious,False,Image,False,7,1,2,5
1134,sub-06,lh-superiorfrontal,0.4,0.08333333333333333,0.5,0.7066758735813911,None + Linear-SVM,unconscious,unconscious,False,Image,False,7,5,5,5
1135,sub-06,lh-superiorfrontal,0.5925925925925926,0.24771684715343112,0.6,0.6800808460127256,None + Linear-SVM,unconscious,unconscious,False,Image,False,7,6,3,5
1136,sub-06,lh-superiorfrontal,0.49999999999999994,-0.05504818825631803,0.4210526315789474,0.6898680542999042,None + Linear-SVM,unconscious,unconscious,False,Image,False,6,4,5,6
1137,sub-06,lh-superiorfrontal,0.5606060606060606,0.0381690510345287,0.47619047619047616,0.6919168598757857,None + Linear-SVM,unconscious,unconscious,False,Image,False,7,5,6,5
1138,sub-06,lh-superiorfrontal,0.43333333333333335,-0.015430334996209192,0.3333333333333333,0.686774759086845,None + Linear-SVM,unconscious,unconscious,False,Image,False,7,2,3,5
1139,sub-06,lh-superiorfrontal,0.4642857142857143,0.011631052629980886,0.39999999999999997,0.6922606508245753,None + Linear-SVM,unconscious,unconscious,False,Image,False,7,3,4,5
1140,sub-06,lh-superiorfrontal,0.33974358974358976,-0.19611613513818404,0.34782608695652173,0.7487521450389262,None + Linear-SVM,unconscious,unconscious,False,Image,False,6,4,9,6
1141,sub-06,lh-superiorfrontal,0.625,0.2041241452319315,0.5555555555555556,0.6722310146354855,None + Linear-SVM,unconscious,unconscious,False,Image,False,7,5,3,5
1142,sub-06,lh-superiorfrontal,0.5357142857142857,-0.06900655593423542,0.375,0.6868010094166115,None + Linear-SVM,unconscious,unconscious,False,Image,False,6,3,4,6
1143,sub-06,lh-superiorfrontal,0.20833333333333331,-0.40824829046386296,0.0,0.681005721861386,None + Linear-SVM,unconscious,unconscious,False,Image,False,5,0,2,7
1144,sub-06,lh-superiorfrontal,0.375,-0.1,0.4000000000000001,0.7172034641900347,None + Linear-SVM,unconscious,unconscious,False,Image,False,6,4,6,6
1145,sub-06,lh-superiorfrontal,0.38888888888888884,-0.05504818825631803,0.4210526315789474,0.7038045060688537,None + Linear-SVM,unconscious,unconscious,False,Image,False,6,4,5,6
1146,sub-06,lh-superiorfrontal,0.4333333333333333,-0.09128709291752769,0.3076923076923077,0.6927952068027762,None + Linear-SVM,unconscious,unconscious,False,Image,False,6,2,3,6
1147,sub-06,lh-superiorfrontal,0.42500000000000004,-0.1,0.4000000000000001,0.707862285588824,None + Linear-SVM,unconscious,unconscious,False,Image,False,6,4,6,6
1148,sub-06,lh-superiorfrontal,0.3787878787878788,-0.045454545454545456,0.45454545454545453,0.7141620377086386,None + Linear-SVM,unconscious,unconscious,False,Image,False,6,5,6,6
1149,sub-06,lh-superiorfrontal,0.5277777777777778,-0.06804138174397717,0.2222222222222222,0.6718071911288658,None + Linear-SVM,unconscious,unconscious,False,Image,False,7,1,2,5
1150,sub-06,lh-superiorfrontal,0.44791666666666663,0.08206099398622181,0.47058823529411764,0.7118432693497942,None + Linear-SVM,unconscious,unconscious,False,Image,False,7,4,4,5
1151,sub-06,lh-superiorfrontal,0.6,0.16735967034880075,0.4615384615384615,0.6696322097031696,None + Linear-SVM,unconscious,unconscious,False,Image,False,7,3,2,5
1152,sub-06,lh-superiorfrontal,0.7023809523809523,0.2326210525996177,0.5333333333333333,0.6602573541209066,None + Linear-SVM,unconscious,unconscious,False,Image,False,8,4,3,4
1153,sub-06,lh-superiorfrontal,0.75,0.25,0.5,0.647587029583087,None + Linear-SVM,unconscious,unconscious,False,Image,False,6,2,2,2
1154,sub-06,lh-superiorfrontal,0.7250000000000001,0.4472135954999579,0.7368421052631577,0.6842225746053416,None + Linear-SVM,unconscious,unconscious,False,Image,False,6,7,3,2
1155,sub-06,lh-superiorfrontal,0.390625,-0.2581988897471611,0.28571428571428575,0.7193367499840142,None + Linear-SVM,unconscious,unconscious,False,Image,False,4,2,6,4
1156,sub-06,lh-superiorfrontal,0.6607142857142857,0.32732683535398854,0.6153846153846153,0.6685323301307748,None + Linear-SVM,unconscious,unconscious,False,Image,False,6,4,3,2
1157,sub-06,lh-superiorfrontal,0.8125,0.25,0.5,0.6420203103772538,None + Linear-SVM,unconscious,unconscious,False,Image,False,6,2,2,2
1158,sub-06,lh-superiorfrontal,0.796875,0.3779644730092272,0.6666666666666666,0.6647177638675007,None + Linear-SVM,unconscious,unconscious,False,Image,False,6,5,3,2
1159,sub-06,lh-superiorfrontal,0.7142857142857142,0.32732683535398854,0.6153846153846153,0.670640695428124,None + Linear-SVM,unconscious,unconscious,False,Image,False,6,4,3,2
1160,sub-06,lh-superiorfrontal,0.5416666666666666,-0.14907119849998599,0.25,0.645884600143702,None + Linear-SVM,unconscious,unconscious,False,Image,False,4,1,2,4
1161,sub-06,lh-superiorfrontal,0.825,0.5367450401216932,0.7272727272727272,0.6497234607420604,None + Linear-SVM,unconscious,unconscious,False,Image,False,6,4,1,2
1162,sub-06,lh-superiorfrontal,0.7125,0.35,0.6666666666666665,0.6838856312121513,None + Linear-SVM,unconscious,unconscious,False,Image,False,6,6,4,2
1163,sub-06,lh-superiorfrontal,0.65,0.35,0.6,0.6647531360544845,None + Linear-SVM,unconscious,unconscious,False,Image,False,6,3,2,2
1164,sub-06,lh-superiorfrontal,0.5,-0.19642857142857142,0.39999999999999997,0.689293297313485,None + Linear-SVM,unconscious,unconscious,False,Image,False,3,3,4,5
1165,sub-06,lh-superiorfrontal,0.6590909090909091,0.1685499656158105,0.6,0.6849338548273595,None + Linear-SVM,unconscious,unconscious,False,Image,False,5,6,5,3
1166,sub-06,lh-superiorfrontal,0.8392857142857142,0.600099198148979,0.7692307692307692,0.6520871303271073,None + Linear-SVM,unconscious,unconscious,False,Image,False,7,5,2,1
1167,sub-06,lh-superiorfrontal,0.575,0.0,0.5263157894736842,0.6987644625875832,None + Linear-SVM,unconscious,unconscious,False,Image,False,4,5,5,4
1168,sub-06,lh-superiorfrontal,0.625,0.08333333333333333,0.3333333333333333,0.6433598634452647,None + Linear-SVM,unconscious,unconscious,False,Image,False,6,1,2,2
1169,sub-06,lh-superiorfrontal,0.90625,0.625,0.75,0.6289520896807366,None + Linear-SVM,unconscious,unconscious,False,Image,False,7,3,1,1
1170,sub-06,lh-superiorfrontal,0.7916666666666666,0.4923659639173309,0.7826086956521738,0.6769416473458932,None + Linear-SVM,unconscious,unconscious,False,Image,False,6,9,3,2
1171,sub-06,lh-superiorfrontal,0.6931818181818182,0.29545454545454547,0.631578947368421,0.687953365688746,None + Linear-SVM,unconscious,unconscious,False,Image,False,6,6,5,2
1172,sub-06,lh-superiorfrontal,0.625,0.08333333333333333,0.3333333333333333,0.6370837178955108,None + Linear-SVM,unconscious,unconscious,False,Image,False,6,1,2,2
1173,sub-06,lh-superiorfrontal,0.9,0.5006939628599933,0.6666666666666665,0.6267100570327029,None + Linear-SVM,unconscious,unconscious,False,Image,False,7,3,2,1
1174,sub-06,lh-superiorfrontal,0.4583333333333333,-0.28867513459481287,0.30769230769230765,0.6793828180222636,None + Linear-SVM,unconscious,unconscious,False,Image,False,3,2,4,5
1175,sub-06,lh-superiorfrontal,0.6500000000000001,0.35,0.6,0.6632543040318264,None + Linear-SVM,unconscious,unconscious,False,Image,False,6,3,2,2
1176,sub-06,lh-superiorfrontal,0.5795454545454546,0.044946657497549475,0.5714285714285713,0.7094510197804681,None + Linear-SVM,unconscious,unconscious,False,Image,False,4,6,5,4
1177,sub-06,lh-superiorfrontal,0.75,0.25,0.5,0.6420117732375082,None + Linear-SVM,unconscious,unconscious,False,Image,False,6,2,2,2
1178,sub-06,lh-superiorfrontal,0.5972222222222222,0.07042952122737638,0.5,0.6886931782141394,None + Linear-SVM,unconscious,unconscious,False,Image,False,5,4,5,3
1179,sub-06,lh-superiorfrontal,0.6111111111111112,0.3098898934004561,0.6250000000000001,0.6867278901714309,None + Linear-SVM,unconscious,unconscious,False,Image,False,6,5,4,2
1180,sub-06,lh-superiorfrontal,0.7875,0.55,0.8000000000000002,0.6782232065692906,None + Linear-SVM,unconscious,unconscious,False,Image,False,6,8,2,2
1181,sub-06,lh-superiorfrontal,0.75,0.5163977794943222,0.5,0.6341823198154657,None + Linear-SVM,unconscious,unconscious,False,Image,False,8,1,2,0
1182,sub-06,lh-superiorfrontal,0.6124999999999999,0.22360679774997896,0.631578947368421,0.6978037815709794,None + Linear-SVM,unconscious,unconscious,False,Image,False,5,6,4,3
1183,sub-06,lh-superiorfrontal,0.7222222222222223,0.4166666666666667,0.7058823529411765,0.6713554643571497,None + Linear-SVM,unconscious,unconscious,False,Image,False,6,6,3,2
1184,sub-06,lh-superiorfrontal,0.7777777777777777,0.4166666666666667,0.7058823529411765,0.6707099289564774,None + Linear-SVM,unconscious,unconscious,False,Image,False,6,6,3,2
1185,sub-06,lh-superiorfrontal,0.6931818181818181,0.29545454545454547,0.631578947368421,0.6827895864612737,None + Linear-SVM,unconscious,unconscious,False,Image,False,6,6,5,2
1186,sub-06,lh-superiorfrontal,0.6,0.025,0.4000000000000001,0.6636681452019302,None + Linear-SVM,unconscious,unconscious,False,Image,False,5,2,3,3
1187,sub-06,lh-superiorfrontal,0.5892857142857142,0.18898223650461363,0.5,0.6774658981128872,None + Linear-SVM,unconscious,unconscious,False,Image,False,6,3,4,2
1188,sub-06,lh-superiorfrontal,0.4807692307692308,-0.11322770341445958,0.4545454545454546,0.7343237078673825,None + Linear-SVM,unconscious,unconscious,False,Image,False,4,5,8,4
1189,sub-06,lh-superiorfrontal,0.78125,0.5,0.75,0.6599155819564873,None + Linear-SVM,unconscious,unconscious,False,Image,False,6,6,2,2
1190,sub-06,lh-superiorfrontal,0.625,0.05455447255899809,0.4615384615384615,0.6727857519920235,None + Linear-SVM,unconscious,unconscious,False,Image,False,5,3,4,3
1191,sub-06,lh-superiorfrontal,0.4375,-0.3273268353539886,0.0,0.6402413603735606,None + Linear-SVM,unconscious,unconscious,False,Image,False,5,0,2,3
1192,sub-06,lh-superiorfrontal,0.5125,0.025482359571881278,0.47058823529411764,0.7055697524973709,None + Linear-SVM,unconscious,unconscious,False,Image,False,5,4,6,3
1193,sub-06,lh-superiorfrontal,0.5555555555555556,0.18055555555555555,0.5882352941176471,0.6935296487845041,None + Linear-SVM,unconscious,unconscious,False,Image,False,5,5,4,3
1194,sub-06,lh-superiorfrontal,0.7,0.21957751641341997,0.5454545454545454,0.6528905723043761,None + Linear-SVM,unconscious,unconscious,False,Image,False,5,3,2,3
1195,sub-06,lh-superiorfrontal,0.5875,0.125,0.5555555555555556,0.6947551379815086,None + Linear-SVM,unconscious,unconscious,False,Image,False,5,5,5,3
1196,sub-06,lh-superiorfrontal,0.5568181818181819,-0.044946657497549475,0.5,0.7100139064136587,None + Linear-SVM,unconscious,unconscious,False,Image,False,4,5,6,4
1197,sub-06,lh-superiorfrontal,0.875,0.5416666666666666,0.6666666666666666,0.6288047630987416,None + Linear-SVM,unconscious,unconscious,False,Image,False,7,2,1,1
1198,sub-06,lh-superiorfrontal,0.640625,0.2581988897471611,0.5714285714285715,0.6823382209835838,None + Linear-SVM,unconscious,unconscious,False,Image,False,6,4,4,2
1199,sub-06,lh-superiorfrontal,0.8,0.5367450401216932,0.7272727272727272,0.6441428625527124,None + Linear-SVM,unconscious,unconscious,False,Image,False,6,4,1,2
1200,sub-06,lh-superiorfrontal,0.9107142857142857,0.600099198148979,0.7692307692307692,0.6483447384995794,None + Linear-SVM,unconscious,unconscious,False,Image,False,7,5,2,1
1201,sub-06,lh-superiorfrontal,0.4166666666666667,-0.25,0.25,0.7104417134332575,None + Linear-SVM,unconscious,unconscious,False,Image,False,3,1,3,3
1202,sub-06,lh-superiorfrontal,0.4,-0.3133397807202561,0.26666666666666666,0.7213837948817552,None + Linear-SVM,unconscious,unconscious,False,Image,False,3,2,8,3
1203,sub-06,lh-superiorfrontal,0.25,-0.6030226891555273,0.0,0.7891846210208852,None + Linear-SVM,unconscious,unconscious,False,Image,False,3,0,8,3
1204,sub-06,lh-superiorfrontal,0.40476190476190477,-0.21957751641341997,0.3333333333333333,0.723774185747989,None + Linear-SVM,unconscious,unconscious,False,Image,False,3,2,5,3
1205,sub-06,lh-superiorfrontal,0.4166666666666667,-0.25,0.25,0.6978856102451951,None + Linear-SVM,unconscious,unconscious,False,Image,False,3,1,3,3
1206,sub-06,lh-superiorfrontal,0.4791666666666667,0.0,0.5333333333333333,0.7061044765942829,None + Linear-SVM,unconscious,unconscious,False,Image,False,3,4,4,3
1207,sub-06,lh-superiorfrontal,0.33333333333333337,-0.21957751641341997,0.3333333333333333,0.7398086458538136,None + Linear-SVM,unconscious,unconscious,False,Image,False,3,2,5,3
1208,sub-06,lh-superiorfrontal,0.3888888888888889,-0.15811388300841897,0.28571428571428575,0.7033379667506557,None + Linear-SVM,unconscious,unconscious,False,Image,False,3,1,2,3
1209,sub-06,lh-superiorfrontal,0.4,-0.3105295017040594,0.22222222222222224,0.7041405159652183,None + Linear-SVM,unconscious,unconscious,False,Image,False,3,1,4,3
1210,sub-06,lh-superiorfrontal,0.43333333333333335,-0.09759000729485331,0.47058823529411764,0.7203958448845914,None + Linear-SVM,unconscious,unconscious,False,Image,False,3,4,6,3
1211,sub-06,lh-superiorfrontal,0.33333333333333337,-0.3105295017040594,0.22222222222222224,0.7095148626103209,None + Linear-SVM,unconscious,unconscious,False,Image,False,3,1,4,3
1212,sub-06,lh-superiorfrontal,0.3571428571428572,-0.21957751641341997,0.3333333333333333,0.7651635189209802,None + Linear-SVM,unconscious,unconscious,False,Image,False,3,2,5,3
1213,sub-06,lh-superiorfrontal,0.4696969696969697,-0.13241022442571243,0.4444444444444444,0.7244814622745851,None + Linear-SVM,unconscious,unconscious,False,Image,False,3,4,7,3
1214,sub-06,lh-superiorfrontal,0.47619047619047616,-0.07142857142857142,0.4615384615384615,0.6927849995801517,None + Linear-SVM,unconscious,unconscious,False,Image,False,3,3,4,3
1215,sub-06,lh-superiorfrontal,0.3666666666666667,-0.2,0.37499999999999994,0.7528902487737019,None + Linear-SVM,unconscious,unconscious,False,Image,False,3,3,7,3
1216,sub-06,lh-superiorfrontal,0.3888888888888889,-0.15811388300841897,0.28571428571428575,0.707794854306555,None + Linear-SVM,unconscious,unconscious,False,Image,False,3,1,2,3
1217,sub-06,lh-superiorfrontal,0.5416666666666667,0.16666666666666666,0.5,0.6758431892678143,None + Linear-SVM,unconscious,unconscious,False,Image,False,4,2,2,2
1218,sub-06,lh-superiorfrontal,0.5277777777777778,-0.16116459280507606,0.4210526315789474,0.7021088684969691,None + Linear-SVM,unconscious,unconscious,False,Image,False,3,4,8,3
1219,sub-06,lh-superiorfrontal,0.3787878787878788,-0.13241022442571243,0.4444444444444444,0.7411312568954871,None + Linear-SVM,unconscious,unconscious,False,Image,False,3,4,7,3
1220,sub-06,lh-superiorfrontal,0.3888888888888889,-0.15811388300841897,0.28571428571428575,0.7110579421582621,None + Linear-SVM,unconscious,unconscious,False,Image,False,3,1,2,3
1221,sub-06,lh-superiorfrontal,0.6333333333333333,0.06900655593423542,0.4444444444444445,0.6669925751482286,None + Linear-SVM,unconscious,unconscious,False,Image,False,4,2,3,2
1222,sub-06,lh-superiorfrontal,0.33333333333333337,-0.3535533905932738,0.2,0.7405878450510848,None + Linear-SVM,unconscious,unconscious,False,Image,False,3,1,5,3
1223,sub-06,lh-superiorfrontal,0.33333333333333337,-0.3105295017040594,0.22222222222222224,0.7318296487908761,None + Linear-SVM,unconscious,unconscious,False,Image,False,3,1,4,3
1224,sub-06,lh-superiorfrontal,0.2878787878787879,-0.3337119062359573,0.25000000000000006,0.7657587503032212,None + Linear-SVM,unconscious,unconscious,False,Image,False,3,2,9,3
1225,sub-06,lh-superiorfrontal,0.5,-0.25,0.25,0.700987919883056,None + Linear-SVM,unconscious,unconscious,False,Image,False,3,1,3,3
1226,sub-06,lh-superiorfrontal,0.40740740740740744,-0.16666666666666666,0.4,0.7254560346640865,None + Linear-SVM,unconscious,unconscious,False,Image,False,3,3,6,3
1227,sub-06,lh-superiorfrontal,0.4444444444444445,0.05455447255899809,0.5882352941176471,0.718126731764219,None + Linear-SVM,unconscious,unconscious,False,Image,False,3,5,4,3
1228,sub-06,lh-superiorfrontal,0.4166666666666667,-0.09759000729485331,0.47058823529411764,0.7297138462325556,None + Linear-SVM,unconscious,unconscious,False,Image,False,3,4,6,3
1229,sub-06,lh-superiorfrontal,0.5555555555555556,0.0,0.3333333333333333,0.6922850227611745,None + Linear-SVM,unconscious,unconscious,False,Image,False,4,1,2,2
1230,sub-06,lh-superiorfrontal,0.31666666666666665,-0.2,0.37499999999999994,0.7453967338470214,None + Linear-SVM,unconscious,unconscious,False,Image,False,3,3,7,3
1231,sub-06,lh-superiorfrontal,0.4444444444444445,-0.16666666666666666,0.4,0.7050382186905951,None + Linear-SVM,unconscious,unconscious,False,Image,False,3,3,6,3
1232,sub-06,lh-superiorfrontal,0.4444444444444444,-0.16666666666666666,0.4,0.7203930248900302,None + Linear-SVM,unconscious,unconscious,False,Image,False,3,3,6,3
1233,sub-06,lh-superiorfrontal,0.42424242424242425,-0.13241022442571243,0.4444444444444444,0.7315167900671171,None + Linear-SVM,unconscious,unconscious,False,Image,False,3,4,7,3
1234,sub-06,lh-superiorfrontal,0.33333333333333337,-0.1,0.4000000000000001,0.731259555819085,None + Linear-SVM,unconscious,unconscious,False,Image,False,3,2,3,3
1235,sub-06,lh-superiorfrontal,0.33333333333333337,-0.21957751641341997,0.3333333333333333,0.7324878376285155,None + Linear-SVM,unconscious,unconscious,False,Image,False,3,2,5,3
1236,sub-06,lh-superiorfrontal,0.30769230769230776,-0.48238191061886604,0.11764705882352941,0.7890778877428626,None + Linear-SVM,unconscious,unconscious,False,Image,False,3,1,12,3
1237,sub-06,lh-superiorfrontal,0.47916666666666674,-0.125,0.42857142857142855,0.6995832007636552,None + Linear-SVM,unconscious,unconscious,False,Image,False,3,3,5,3
1238,sub-06,lh-superiorfrontal,0.380952380952381,-0.21957751641341997,0.3333333333333333,0.7207007317278232,None + Linear-SVM,unconscious,unconscious,False,Image,False,3,2,5,3
1239,sub-06,lh-superiorfrontal,0.25,-0.5773502691896258,0.0,0.7249162434084894,None + Linear-SVM,unconscious,unconscious,False,Image,False,2,0,2,4
1240,sub-06,lh-superiorfrontal,0.3666666666666667,-0.3133397807202561,0.26666666666666666,0.7496020093778707,None + Linear-SVM,unconscious,unconscious,False,Image,False,3,2,8,3
1241,sub-06,lh-superiorfrontal,0.3333333333333333,-0.43082021842766455,0.15384615384615383,0.7427523490134929,None + Linear-SVM,unconscious,unconscious,False,Image,False,3,1,8,3
1242,sub-06,lh-superiorfrontal,0.4,-0.3105295017040594,0.22222222222222224,0.7197433606157667,None + Linear-SVM,unconscious,unconscious,False,Image,False,3,1,4,3
1243,sub-06,lh-superiorfrontal,0.35,-0.2,0.37499999999999994,0.7510256293466255,None + Linear-SVM,unconscious,unconscious,False,Image,False,3,3,7,3
1244,sub-06,lh-superiorfrontal,0.33333333333333337,-0.46088240084927024,0.13333333333333333,0.7571325819513683,None + Linear-SVM,unconscious,unconscious,False,Image,False,3,1,10,3
1245,sub-06,lh-superiorfrontal,0.4444444444444444,-0.15811388300841897,0.28571428571428575,0.6986961635253335,None + Linear-SVM,unconscious,unconscious,False,Image,False,3,1,2,3
1246,sub-06,lh-superiorfrontal,0.39583333333333337,-0.125,0.42857142857142855,0.7417928471033938,None + Linear-SVM,unconscious,unconscious,False,Image,False,3,3,5,3
1247,sub-06,lh-superiorfrontal,0.4666666666666667,-0.1,0.4000000000000001,0.696899325708159,None + Linear-SVM,unconscious,unconscious,False,Image,False,3,2,3,3
1248,sub-06,lh-superiorfrontal,0.5476190476190477,-0.05143444998736397,0.36363636363636365,0.6827428669931824,None + Linear-SVM,unconscious,unconscious,False,Image,False,4,2,5,2
1249,sub-06,lh-superiorfrontal,0.6111111111111112,-0.05143444998736397,0.36363636363636365,0.6673945896453897,None + Linear-SVM,unconscious,unconscious,False,Image,False,4,2,2,5
1250,sub-06,lh-superiorfrontal,0.6333333333333333,0.26666666666666666,0.631578947368421,0.6892246343343533,None + Linear-SVM,unconscious,unconscious,False,Image,False,6,6,4,3
1251,sub-06,lh-superiorfrontal,0.2777777777777778,-0.18055555555555555,0.375,0.7277174071462132,None + Linear-SVM,unconscious,unconscious,False,Image,False,4,3,5,5
1252,sub-06,lh-superiorfrontal,0.5396825396825397,0.22084711628963774,0.5,0.6886450266958163,None + Linear-SVM,unconscious,unconscious,False,Image,False,7,3,4,2
1253,sub-06,lh-superiorfrontal,0.7222222222222222,0.2777777777777778,0.5,0.6641530406274145,None + Linear-SVM,unconscious,unconscious,False,Image,False,7,2,2,2
1254,sub-06,lh-superiorfrontal,0.6111111111111112,0.29012942659282975,0.5714285714285715,0.6816129962518209,None + Linear-SVM,unconscious,unconscious,False,Image,False,7,4,4,2
1255,sub-06,lh-superiorfrontal,0.4920634920634921,-0.015873015873015872,0.42857142857142855,0.6922797131158172,None + Linear-SVM,unconscious,unconscious,False,Image,False,5,3,4,4
1256,sub-06,lh-superiorfrontal,0.40740740740740744,-0.29277002188455997,0.2,0.6705608150091719,None + Linear-SVM,unconscious,unconscious,False,Image,False,3,1,2,6
1257,sub-06,lh-superiorfrontal,0.6000000000000001,-0.04303314829119352,0.3636363636363636,0.6727463842762168,None + Linear-SVM,unconscious,unconscious,False,Image,False,5,2,3,4
1258,sub-06,lh-superiorfrontal,0.5888888888888889,0.1685499656158105,0.5555555555555556,0.6910196292580405,None + Linear-SVM,unconscious,unconscious,False,Image,False,6,5,5,3
1259,sub-06,lh-superiorfrontal,0.5555555555555557,0.25819888974716115,0.5454545454545454,0.6755719847480164,None + Linear-SVM,unconscious,unconscious,False,Image,False,6,3,2,3
1260,sub-06,lh-superiorfrontal,0.33333333333333337,-0.3779644730092272,0.26666666666666666,0.707500594988437,None + Linear-SVM,unconscious,unconscious,False,Image,False,3,2,5,6
1261,sub-06,lh-superiorfrontal,0.5555555555555556,0.010101010101010102,0.5,0.6924021331038512,None + Linear-SVM,unconscious,unconscious,False,Image,False,5,5,6,4
1262,sub-06,lh-superiorfrontal,0.7301587301587302,0.49206349206349204,0.7142857142857143,0.666111221213107,None + Linear-SVM,unconscious,unconscious,False,Image,False,7,5,2,2
1263,sub-06,lh-superiorfrontal,0.43333333333333335,-0.044946657497549475,0.4444444444444445,0.7128688252923627,None + Linear-SVM,unconscious,unconscious,False,Image,False,5,4,6,4
1264,sub-06,lh-superiorfrontal,0.5925925925925926,0.25819888974716115,0.4,0.6597758617645222,None + Linear-SVM,unconscious,unconscious,False,Image,False,8,1,2,1
1265,sub-06,lh-superiorfrontal,0.8888888888888888,0.6388888888888888,0.75,0.6488961732788764,None + Linear-SVM,unconscious,unconscious,False,Image,False,8,3,1,1
1266,sub-06,lh-superiorfrontal,0.6111111111111112,0.13762047064079508,0.6086956521739131,0.6858001635816228,None + Linear-SVM,unconscious,unconscious,False,Image,False,5,7,5,4
1267,sub-06,lh-superiorfrontal,0.595959595959596,0.21212121212121213,0.6,0.7013573567323526,None + Linear-SVM,unconscious,unconscious,False,Image,False,6,6,5,3
1268,sub-06,lh-superiorfrontal,0.5925925925925926,-0.09759000729485331,0.25,0.660052854395402,None + Linear-SVM,unconscious,unconscious,False,Image,False,5,1,2,4
1269,sub-06,lh-superiorfrontal,0.9111111111111112,0.5185449728701348,0.6666666666666665,0.6430665274789413,None + Linear-SVM,unconscious,unconscious,False,Image,False,8,3,2,1
1270,sub-06,lh-superiorfrontal,0.31481481481481477,-0.3888888888888889,0.16666666666666666,0.6978294543354545,None + Linear-SVM,unconscious,unconscious,False,Image,False,4,1,5,5
1271,sub-06,lh-superiorfrontal,0.6000000000000001,0.25819888974716115,0.5454545454545454,0.6793222549482196,None + Linear-SVM,unconscious,unconscious,False,Image,False,6,3,2,3
1272,sub-06,lh-superiorfrontal,0.4141414141414142,-0.1919191919191919,0.39999999999999997,0.7173132920166172,None + Linear-SVM,unconscious,unconscious,False,Image,False,4,4,7,5
1273,sub-06,lh-superiorfrontal,0.6111111111111112,-0.05143444998736397,0.36363636363636365,0.6647590377742421,None + Linear-SVM,unconscious,unconscious,False,Image,False,4,2,2,5
1274,sub-06,lh-superiorfrontal,0.46913580246913583,-0.1111111111111111,0.4444444444444444,0.6982612597813349,None + Linear-SVM,unconscious,unconscious,False,Image,False,4,4,5,5
1275,sub-06,lh-superiorfrontal,0.5679012345679012,0.34188172937891387,0.6250000000000001,0.6957167861888655,None + Linear-SVM,unconscious,unconscious,False,Image,False,7,5,4,2
1276,sub-06,lh-superiorfrontal,0.6333333333333333,0.1685499656158105,0.5555555555555556,0.6905716503435005,None + Linear-SVM,unconscious,unconscious,False,Image,False,6,5,5,3
1277,sub-06,lh-superiorfrontal,0.6296296296296295,0.25819888974716115,0.4,0.6530583382522057,None + Linear-SVM,unconscious,unconscious,False,Image,False,8,1,2,1
1278,sub-06,lh-superiorfrontal,0.5,-0.044946657497549475,0.4444444444444445,0.7089950158708092,None + Linear-SVM,unconscious,unconscious,False,Image,False,5,4,6,4
1279,sub-06,lh-superiorfrontal,0.691358024691358,0.22360679774997896,0.5882352941176471,0.6782806026509877,None + Linear-SVM,unconscious,unconscious,False,Image,False,6,5,4,3
1280,sub-06,lh-superiorfrontal,0.5802469135802469,0.0,0.47058823529411764,0.6860454941391663,None + Linear-SVM,unconscious,unconscious,False,Image,False,5,4,5,4
1281,sub-06,lh-superiorfrontal,0.606060606060606,0.10050378152592121,0.5714285714285713,0.6930983142979356,None + Linear-SVM,unconscious,unconscious,False,Image,False,5,6,5,4
1282,sub-06,lh-superiorfrontal,0.48888888888888893,-0.14907119849998599,0.3333333333333333,0.6777999594083784,None + Linear-SVM,unconscious,unconscious,False,Image,False,4,2,3,5
1283,sub-06,lh-superiorfrontal,0.4920634920634921,-0.015873015873015872,0.42857142857142855,0.6897610426252458,None + Linear-SVM,unconscious,unconscious,False,Image,False,5,3,4,4
1284,sub-06,lh-superiorfrontal,0.38461538461538464,-0.16878989451394444,0.4347826086956522,0.7373377597009064,None + Linear-SVM,unconscious,unconscious,False,Image,False,4,5,8,5
1285,sub-06,lh-superiorfrontal,0.6527777777777778,0.1690308509457033,0.5333333333333333,0.6742136525403498,None + Linear-SVM,unconscious,unconscious,False,Image,False,6,4,4,3
1286,sub-06,lh-superiorfrontal,0.5079365079365079,-0.1259881576697424,0.39999999999999997,0.6893384482679794,None + Linear-SVM,unconscious,unconscious,False,Image,False,4,3,4,5
1287,sub-06,lh-superiorfrontal,0.16666666666666669,-0.5163977794943223,0.0,0.6636280570367193,None + Linear-SVM,unconscious,unconscious,False,Image,False,3,0,2,6
1288,sub-06,lh-superiorfrontal,0.3333333333333333,-0.2584432806109095,0.33333333333333326,0.718086524187423,None + Linear-SVM,unconscious,unconscious,False,Image,False,4,3,7,5
1289,sub-06,lh-superiorfrontal,0.5308641975308642,0.11396057645963795,0.5,0.6996265187840616,None + Linear-SVM,unconscious,unconscious,False,Image,False,6,4,5,3
1290,sub-06,lh-superiorfrontal,0.48888888888888893,-0.14907119849998599,0.3333333333333333,0.6766776915918525,None + Linear-SVM,unconscious,unconscious,False,Image,False,4,2,3,5
1291,sub-06,lh-superiorfrontal,0.4666666666666667,-0.044946657497549475,0.4444444444444445,0.703948162181598,None + Linear-SVM,unconscious,unconscious,False,Image,False,5,4,6,4
1292,sub-06,lh-superiorfrontal,0.40404040404040403,0.010101010101010102,0.5,0.7172274348560104,None + Linear-SVM,unconscious,unconscious,False,Image,False,5,5,6,4
1293,sub-06,lh-superiorfrontal,0.6666666666666667,0.1111111111111111,0.3333333333333333,0.65874300915855,None + Linear-SVM,unconscious,unconscious,False,Image,False,7,1,2,2
1294,sub-06,lh-superiorfrontal,0.5555555555555556,0.29012942659282975,0.5714285714285715,0.6992176487790962,None + Linear-SVM,unconscious,unconscious,False,Image,False,7,4,4,2
1295,sub-06,lh-superiorfrontal,0.711111111111111,0.14907119849998599,0.5,0.6625553826828678,None + Linear-SVM,unconscious,unconscious,False,Image,False,5,3,2,4
1296,sub-06,lh-superiorfrontal,0.8253968253968254,0.6180700462007377,0.7692307692307692,0.6595904350194556,None + Linear-SVM,unconscious,unconscious,False,Image,False,8,5,2,1
1297,sub-06,lh-superiorfrontal,0.6785714285714285,0.21428571428571427,0.5,0.6784904582600183,None + Linear-SVM,unconscious,unconscious,False,Image,False,5,2,2,2
1298,sub-06,lh-superiorfrontal,0.6571428571428571,0.408491223118783,0.7368421052631577,0.7019944147764686,None + Linear-SVM,unconscious,unconscious,False,Image,False,5,7,3,2
1299,sub-06,lh-superiorfrontal,0.2142857142857143,-0.32732683535398854,0.28571428571428575,0.7519744380307322,None + Linear-SVM,unconscious,unconscious,False,Image,False,3,2,6,4
1300,sub-06,lh-superiorfrontal,0.5102040816326531,0.28867513459481287,0.6153846153846153,0.6957515717767425,None + Linear-SVM,unconscious,unconscious,False,Image,False,5,4,3,2
1301,sub-06,lh-superiorfrontal,0.6785714285714285,0.21428571428571427,0.5,0.6694234821435662,None + Linear-SVM,unconscious,unconscious,False,Image,False,5,2,2,2
1302,sub-06,lh-superiorfrontal,0.5714285714285714,0.21821789023599236,0.5714285714285715,0.6911213665966116,None + Linear-SVM,unconscious,unconscious,False,Image,False,5,4,4,2
1303,sub-06,lh-superiorfrontal,0.5918367346938775,0.14907119849998599,0.5,0.6998136630501792,None + Linear-SVM,unconscious,unconscious,False,Image,False,5,3,4,2
1304,sub-06,lh-superiorfrontal,0.23809523809523808,-0.5238095238095238,0.2,0.6927736007303151,None + Linear-SVM,unconscious,unconscious,False,Image,False,1,1,2,6
1305,sub-06,lh-superiorfrontal,0.6285714285714286,0.11952286093343936,0.4444444444444445,0.6868663996871182,None + Linear-SVM,unconscious,unconscious,False,Image,False,5,2,3,2
1306,sub-06,lh-superiorfrontal,0.5714285714285714,0.3098898934004561,0.6666666666666665,0.703443379515849,None + Linear-SVM,unconscious,unconscious,False,Image,False,5,6,4,2
1307,sub-06,lh-superiorfrontal,0.5142857142857142,0.11952286093343936,0.4444444444444445,0.6959175208895104,None + Linear-SVM,unconscious,unconscious,False,Image,False,5,2,3,2
1308,sub-06,lh-superiorfrontal,0.32653061224489793,-0.14907119849998599,0.3333333333333333,0.7279552013343212,None + Linear-SVM,unconscious,unconscious,False,Image,False,4,2,5,3
1309,sub-06,lh-superiorfrontal,0.5584415584415584,0.11396057645963795,0.6,0.7046405038164572,None + Linear-SVM,unconscious,unconscious,False,Image,False,4,6,5,3
1310,sub-06,lh-superiorfrontal,0.6326530612244898,0.42857142857142855,0.7142857142857143,0.6786319317388693,None + Linear-SVM,unconscious,unconscious,False,Image,False,5,5,2,2
1311,sub-06,lh-superiorfrontal,0.41428571428571426,-0.02857142857142857,0.47058823529411764,0.725887714150364,None + Linear-SVM,unconscious,unconscious,False,Image,False,4,4,6,3
1312,sub-06,lh-superiorfrontal,0.47619047619047616,0.047619047619047616,0.3333333333333333,0.679318536306926,None + Linear-SVM,unconscious,unconscious,False,Image,False,5,1,2,2
1313,sub-06,lh-superiorfrontal,0.75,0.4485426135725303,0.6666666666666665,0.6556787024064582,None + Linear-SVM,unconscious,unconscious,False,Image,False,5,3,1,2
1314,sub-06,lh-superiorfrontal,0.6666666666666666,0.2875273163926476,0.6666666666666666,0.6928252696957871,None + Linear-SVM,unconscious,unconscious,False,Image,False,5,7,5,2
1315,sub-06,lh-superiorfrontal,0.5714285714285714,0.2548235957188128,0.631578947368421,0.7155886761250578,None + Linear-SVM,unconscious,unconscious,False,Image,False,5,6,5,2
1316,sub-06,lh-superiorfrontal,0.5714285714285714,-0.0890870806374748,0.28571428571428575,0.6797472208004873,None + Linear-SVM,unconscious,unconscious,False,Image,False,4,1,2,3
1317,sub-06,lh-superiorfrontal,0.8285714285714285,0.47809144373375745,0.6666666666666665,0.6511124685050917,None + Linear-SVM,unconscious,unconscious,False,Image,False,6,3,2,1
1318,sub-06,lh-superiorfrontal,0.3095238095238096,-0.38095238095238093,0.30769230769230765,0.7134952166922631,None + Linear-SVM,unconscious,unconscious,False,Image,False,2,2,4,5
1319,sub-06,lh-superiorfrontal,0.6000000000000001,0.3142857142857143,0.6,0.7038044958732325,None + Linear-SVM,unconscious,unconscious,False,Image,False,5,3,2,2
1320,sub-06,lh-superiorfrontal,0.3766233766233766,0.025482359571881278,0.5263157894736842,0.7397443934583561,None + Linear-SVM,unconscious,unconscious,False,Image,False,4,5,6,3
1321,sub-06,lh-superiorfrontal,0.6071428571428571,0.21428571428571427,0.5,0.6701553264087786,None + Linear-SVM,unconscious,unconscious,False,Image,False,5,2,2,2
1322,sub-06,lh-superiorfrontal,0.5873015873015873,0.015873015873015872,0.5,0.708926872025768,None + Linear-SVM,unconscious,unconscious,False,Image,False,4,4,5,3
1323,sub-06,lh-superiorfrontal,0.6031746031746033,0.2698412698412698,0.6250000000000001,0.7012829230966372,None + Linear-SVM,unconscious,unconscious,False,Image,False,5,5,4,2
1324,sub-06,lh-superiorfrontal,0.5714285714285714,0.21428571428571427,0.588235294117647,0.7085737116877554,None + Linear-SVM,unconscious,unconscious,False,Image,False,5,5,5,2
1325,sub-06,lh-superiorfrontal,0.5714285714285714,0.2182178902359924,0.4,0.668004088168731,None + Linear-SVM,unconscious,unconscious,False,Image,False,6,1,2,1
1326,sub-06,lh-superiorfrontal,0.48571428571428565,0.3098898934004561,0.6666666666666665,0.7194274711851718,None + Linear-SVM,unconscious,unconscious,False,Image,False,5,6,4,2
1327,sub-06,lh-superiorfrontal,0.6190476190476191,0.2698412698412698,0.6250000000000001,0.6935094121137497,None + Linear-SVM,unconscious,unconscious,False,Image,False,5,5,4,2
1328,sub-06,lh-superiorfrontal,0.6507936507936507,0.2698412698412698,0.6250000000000001,0.6918713103858329,None + Linear-SVM,unconscious,unconscious,False,Image,False,5,5,4,2
1329,sub-06,lh-superiorfrontal,0.5844155844155845,0.16883116883116883,0.5555555555555556,0.7106051627396782,None + Linear-SVM,unconscious,unconscious,False,Image,False,5,5,6,2
1330,sub-06,lh-superiorfrontal,0.5142857142857143,-0.02857142857142857,0.4000000000000001,0.6942120072015961,None + Linear-SVM,unconscious,unconscious,False,Image,False,4,2,3,3
1331,sub-06,lh-superiorfrontal,0.4897959183673469,0.0,0.4615384615384615,0.7057524368138984,None + Linear-SVM,unconscious,unconscious,False,Image,False,4,3,4,3
1332,sub-06,lh-superiorfrontal,0.3516483516483517,-0.25677629550654774,0.380952380952381,0.7658896888889319,None + Linear-SVM,unconscious,unconscious,False,Image,False,3,4,9,4
1333,sub-06,lh-superiorfrontal,0.7142857142857142,0.3392857142857143,0.6666666666666666,0.6787821349878497,None + Linear-SVM,unconscious,unconscious,False,Image,False,5,5,3,2
1334,sub-06,lh-superiorfrontal,0.5714285714285714,0.14907119849998599,0.5,0.6983648248020253,None + Linear-SVM,unconscious,unconscious,False,Image,False,5,3,4,2
1335,sub-06,lh-superiorfrontal,0.2857142857142857,-0.3779644730092272,0.0,0.6761140312361547,None + Linear-SVM,unconscious,unconscious,False,Image,False,4,0,2,3
1336,sub-06,lh-superiorfrontal,0.38571428571428573,-0.02857142857142857,0.47058823529411764,0.730928090534305,None + Linear-SVM,unconscious,unconscious,False,Image,False,4,4,6,3
1337,sub-06,lh-superiorfrontal,0.5079365079365079,0.23809523809523808,0.6666666666666666,0.7143889157655137,None + Linear-SVM,unconscious,unconscious,False,Image,False,4,6,3,3
1338,sub-06,lh-superiorfrontal,0.5714285714285714,0.11952286093343936,0.4444444444444445,0.689767055312459,None + Linear-SVM,unconscious,unconscious,False,Image,False,5,2,3,2
1339,sub-06,lh-superiorfrontal,0.44285714285714284,-0.02857142857142857,0.47058823529411764,0.7193710192556579,None + Linear-SVM,unconscious,unconscious,False,Image,False,4,4,6,3
1340,sub-06,lh-superiorfrontal,0.3766233766233766,0.025482359571881278,0.5263157894736842,0.7380353603876615,None + Linear-SVM,unconscious,unconscious,False,Image,False,4,5,6,3
1341,sub-06,lh-superiorfrontal,0.7142857142857142,0.047619047619047616,0.3333333333333333,0.6663623839157993,None + Linear-SVM,unconscious,unconscious,False,Image,False,5,1,2,2
1342,sub-06,lh-superiorfrontal,0.5,0.07142857142857142,0.5333333333333333,0.7111937184755216,None + Linear-SVM,unconscious,unconscious,False,Image,False,4,4,4,3
1343,sub-06,lh-superiorfrontal,0.6857142857142857,0.3142857142857143,0.6,0.6673280972069455,None + Linear-SVM,unconscious,unconscious,False,Image,False,5,3,2,2
1344,sub-06,lh-superiorfrontal,0.7959183673469388,0.42857142857142855,0.7142857142857143,0.6637758289226753,None + Linear-SVM,unconscious,unconscious,False,Image,False,5,5,2,2
1345,sub-06,lh-superiorfrontal,0.5625,0.0,0.5,0.6947537189991726,None + Linear-SVM,unconscious,unconscious,False,Image,False,2,2,2,2
1346,sub-06,lh-superiorfrontal,0.44999999999999996,0.0,0.588235294117647,0.7212660058628544,None + Linear-SVM,unconscious,unconscious,False,Image,False,2,5,5,2
1347,sub-06,lh-superiorfrontal,0.15625,-0.25,0.3333333333333333,0.781460362864558,None + Linear-SVM,unconscious,unconscious,False,Image,False,2,2,6,2
1348,sub-06,lh-superiorfrontal,0.5357142857142857,0.17857142857142858,0.5454545454545454,0.7135192605550366,None + Linear-SVM,unconscious,unconscious,False,Image,False,3,3,4,1
1349,sub-06,lh-superiorfrontal,0.6875,0.2581988897471611,0.5714285714285715,0.6816279806425876,None + Linear-SVM,unconscious,unconscious,False,Image,False,3,2,2,1
1350,sub-06,lh-superiorfrontal,0.65625,0.5,0.6666666666666666,0.7001169878025517,None + Linear-SVM,unconscious,unconscious,False,Image,False,4,4,4,0
1351,sub-06,lh-superiorfrontal,0.49999999999999994,-0.06900655593423542,0.5,0.715770160510412,None + Linear-SVM,unconscious,unconscious,False,Image,False,2,3,4,2
1352,sub-06,lh-superiorfrontal,0.41666666666666663,-0.16666666666666666,0.3333333333333333,0.6954779042600487,None + Linear-SVM,unconscious,unconscious,False,Image,False,2,1,2,2
1353,sub-06,lh-superiorfrontal,0.5,-0.1,0.4444444444444445,0.6980692749976786,None + Linear-SVM,unconscious,unconscious,False,Image,False,2,2,3,2
1354,sub-06,lh-superiorfrontal,0.575,0.1414213562373095,0.5333333333333333,0.7243657340690407,None + Linear-SVM,unconscious,unconscious,False,Image,False,3,4,6,1
1355,sub-06,lh-superiorfrontal,0.45,-0.1,0.4444444444444445,0.7070405394773265,None + Linear-SVM,unconscious,unconscious,False,Image,False,2,2,3,2
1356,sub-06,lh-superiorfrontal,0.3214285714285714,-0.21428571428571427,0.36363636363636365,0.7456417422829862,None + Linear-SVM,unconscious,unconscious,False,Image,False,2,2,5,2
1357,sub-06,lh-superiorfrontal,0.5,-0.040291148201269014,0.5555555555555556,0.723353918656729,None + Linear-SVM,unconscious,unconscious,False,Image,False,2,5,6,2
1358,sub-06,lh-superiorfrontal,0.7857142857142857,0.4485426135725303,0.7692307692307692,0.6859080921372919,None + Linear-SVM,unconscious,unconscious,False,Image,False,3,5,2,1
1359,sub-06,lh-superiorfrontal,0.525,0.0,0.588235294117647,0.7390089605163258,None + Linear-SVM,unconscious,unconscious,False,Image,False,2,5,5,2
1360,sub-06,lh-superiorfrontal,0.5,-0.16666666666666666,0.3333333333333333,0.6952751541501246,None + Linear-SVM,unconscious,unconscious,False,Image,False,2,1,2,2
1361,sub-06,lh-superiorfrontal,0.875,0.5773502691896258,0.6666666666666666,0.6632434820083764,None + Linear-SVM,unconscious,unconscious,False,Image,False,4,2,2,0
1362,sub-06,lh-superiorfrontal,0.6041666666666667,0.14907119849998599,0.5555555555555556,0.709488744952159,None + Linear-SVM,unconscious,unconscious,False,Image,False,3,5,7,1
1363,sub-06,lh-superiorfrontal,0.47727272727272724,-0.040291148201269014,0.5555555555555556,0.7414506738843542,None + Linear-SVM,unconscious,unconscious,False,Image,False,2,5,6,2
1364,sub-06,lh-superiorfrontal,0.5,-0.16666666666666666,0.3333333333333333,0.6852520982146331,None + Linear-SVM,unconscious,unconscious,False,Image,False,2,1,2,2
1365,sub-06,lh-superiorfrontal,0.9,0.6324555320336759,0.7499999999999999,0.6541426197998226,None + Linear-SVM,unconscious,unconscious,False,Image,False,4,3,2,0
1366,sub-06,lh-superiorfrontal,0.29166666666666663,-0.3563483225498992,0.2222222222222222,0.7354167989987354,None + Linear-SVM,unconscious,unconscious,False,Image,False,2,1,5,2
1367,sub-06,lh-superiorfrontal,0.6,0.15811388300841897,0.5,0.7160351646502444,None + Linear-SVM,unconscious,unconscious,False,Image,False,3,2,3,1
1368,sub-06,lh-superiorfrontal,0.34090909090909094,-0.12309149097933272,0.4705882352941177,0.7633512386668531,None + Linear-SVM,unconscious,unconscious,False,Image,False,2,4,7,2
1369,sub-06,lh-superiorfrontal,0.5625,0.0,0.5,0.6813703805894193,None + Linear-SVM,unconscious,unconscious,False,Image,False,2,2,2,2
1370,sub-06,lh-superiorfrontal,0.5,-0.15811388300841897,0.42857142857142855,0.7287146181083634,None + Linear-SVM,unconscious,unconscious,False,Image,False,2,3,6,2
1371,sub-06,lh-superiorfrontal,0.5277777777777778,0.18446619684315546,0.5714285714285714,0.7268268735831628,None + Linear-SVM,unconscious,unconscious,False,Image,False,3,4,5,1
1372,sub-06,lh-superiorfrontal,0.575,0.22821773229381923,0.625,0.7244599798228206,None + Linear-SVM,unconscious,unconscious,False,Image,False,3,5,5,1
1373,sub-06,lh-superiorfrontal,0.6666666666666666,0.47140452079103173,0.5,0.6692692998265672,None + Linear-SVM,unconscious,unconscious,False,Image,False,4,1,2,0
1374,sub-06,lh-superiorfrontal,0.55,0.1414213562373095,0.5333333333333333,0.7383824165315154,None + Linear-SVM,unconscious,unconscious,False,Image,False,3,4,6,1
1375,sub-06,lh-superiorfrontal,0.7222222222222222,0.2828894749305018,0.6666666666666667,0.7010775008363512,None + Linear-SVM,unconscious,unconscious,False,Image,False,3,5,4,1
1376,sub-06,lh-superiorfrontal,0.6388888888888888,0.2828894749305018,0.6666666666666667,0.710521418282158,None + Linear-SVM,unconscious,unconscious,False,Image,False,3,5,4,1
1377,sub-06,lh-superiorfrontal,0.5227272727272727,-0.040291148201269014,0.5555555555555556,0.7263123014601547,None + Linear-SVM,unconscious,unconscious,False,Image,False,2,5,6,2
1378,sub-06,lh-superiorfrontal,0.5,-0.1,0.4444444444444445,0.7140216292930303,None + Linear-SVM,unconscious,unconscious,False,Image,False,2,2,3,2
1379,sub-06,lh-superiorfrontal,0.42857142857142855,-0.21428571428571427,0.36363636363636365,0.7277312166423017,None + Linear-SVM,unconscious,unconscious,False,Image,False,2,2,5,2
1380,sub-06,lh-superiorfrontal,0.28846153846153844,-0.1706971854997297,0.42105263157894735,0.7886749523723645,None + Linear-SVM,unconscious,unconscious,False,Image,False,2,4,9,2
1381,sub-06,lh-superiorfrontal,0.6875,0.23904572186687872,0.6153846153846154,0.6957872645069378,None + Linear-SVM,unconscious,unconscious,False,Image,False,3,4,4,1
1382,sub-06,lh-superiorfrontal,0.5357142857142857,-0.06900655593423542,0.5,0.7073038159337218,None + Linear-SVM,unconscious,unconscious,False,Image,False,2,3,4,2
1383,sub-06,lh-superiorfrontal,0.125,-0.5,0.0,0.6977166860124059,None + Linear-SVM,unconscious,unconscious,False,Image,False,2,0,2,2
1384,sub-06,lh-superiorfrontal,0.325,-0.4403855060505443,0.15384615384615383,0.7536923569190932,None + Linear-SVM,unconscious,unconscious,False,Image,False,2,1,9,2
1385,sub-06,lh-superiorfrontal,0.3888888888888889,-0.15811388300841897,0.42857142857142855,0.7399996972475642,None + Linear-SVM,unconscious,unconscious,False,Image,False,2,3,6,2
1386,sub-06,lh-superiorfrontal,0.4,-0.31622776601683794,0.25,0.7060410552723142,None + Linear-SVM,unconscious,unconscious,False,Image,False,2,1,4,2
1387,sub-06,lh-superiorfrontal,0.42500000000000004,-0.09128709291752768,0.5,0.7389370710551184,None + Linear-SVM,unconscious,unconscious,False,Image,False,2,4,6,2
1388,sub-06,lh-superiorfrontal,0.38636363636363635,-0.12309149097933272,0.4705882352941177,0.7572331494095664,None + Linear-SVM,unconscious,unconscious,False,Image,False,2,4,7,2
1389,sub-06,lh-superiorfrontal,0.6666666666666666,0.09128709291752768,0.4,0.6765736752338418,None + Linear-SVM,unconscious,unconscious,False,Image,False,3,1,2,1
1390,sub-06,lh-superiorfrontal,0.5625,0.23904572186687872,0.6153846153846154,0.7332730292976583,None + Linear-SVM,unconscious,unconscious,False,Image,False,3,4,4,1
1391,sub-06,lh-superiorfrontal,0.7,0.1,0.6,0.6836331980314545,None + Linear-SVM,unconscious,unconscious,False,Image,False,2,3,2,2
1392,sub-06,lh-superiorfrontal,0.8928571428571428,0.6900655593423543,0.8333333333333333,0.6727800963420211,None + Linear-SVM,unconscious,unconscious,False,Image,False,4,5,2,0
1393,sub-06,lh-superiorfrontal,0.4722222222222222,-0.08333333333333333,0.25,0.6753609919461532,None + Linear-SVM,unconscious,unconscious,False,Image,False,6,1,3,3
1394,sub-06,lh-superiorfrontal,0.6444444444444445,0.26666666666666666,0.631578947368421,0.6871105021365359,None + Linear-SVM,unconscious,unconscious,False,Image,False,6,6,4,3
1395,sub-06,lh-superiorfrontal,0.2361111111111111,-0.3098898934004561,0.26666666666666666,0.7297090322704778,None + Linear-SVM,unconscious,unconscious,False,Image,False,4,2,6,5
1396,sub-06,lh-superiorfrontal,0.5238095238095238,0.09759000729485331,0.4615384615384615,0.6865626295814347,None + Linear-SVM,unconscious,unconscious,False,Image,False,6,3,4,3
1397,sub-06,lh-superiorfrontal,0.6666666666666667,0.15811388300841897,0.4444444444444445,0.666716644796373,None + Linear-SVM,unconscious,unconscious,False,Image,False,6,2,2,3
1398,sub-06,lh-superiorfrontal,0.625,0.1690308509457033,0.5333333333333333,0.6784914882294656,None + Linear-SVM,unconscious,unconscious,False,Image,False,6,4,4,3
1399,sub-06,lh-superiorfrontal,0.4126984126984127,-0.23809523809523808,0.375,0.6954870267003607,None + Linear-SVM,unconscious,unconscious,False,Image,False,3,3,4,6
1400,sub-06,lh-superiorfrontal,0.37037037037037035,-0.29277002188455997,0.2,0.6736942051507756,None + Linear-SVM,unconscious,unconscious,False,Image,False,3,1,2,6
1401,sub-06,lh-superiorfrontal,0.5333333333333333,-0.04303314829119352,0.3636363636363636,0.676869296406935,None + Linear-SVM,unconscious,unconscious,False,Image,False,5,2,3,4
1402,sub-06,lh-superiorfrontal,0.5333333333333333,0.05555555555555555,0.5263157894736842,0.6951432316153048,None + Linear-SVM,unconscious,unconscious,False,Image,False,5,5,5,4
1403,sub-06,lh-superiorfrontal,0.5333333333333333,0.06666666666666667,0.4000000000000001,0.6797378671968615,None + Linear-SVM,unconscious,unconscious,False,Image,False,6,2,3,3
1404,sub-06,lh-superiorfrontal,0.31746031746031744,-0.2698412698412698,0.2857142857142857,0.7141562995406739,None + Linear-SVM,unconscious,unconscious,False,Image,False,4,2,5,5
1405,sub-06,lh-superiorfrontal,0.4343434343434343,-0.08206099398622181,0.4210526315789474,0.707537191397833,None + Linear-SVM,unconscious,unconscious,False,Image,False,5,4,7,4
1406,sub-06,lh-superiorfrontal,0.6984126984126984,0.3578300267477955,0.6153846153846153,0.6714885679563832,None + Linear-SVM,unconscious,unconscious,False,Image,False,7,4,3,2
1407,sub-06,lh-superiorfrontal,0.43333333333333335,-0.044946657497549475,0.4444444444444445,0.7137916169817242,None + Linear-SVM,unconscious,unconscious,False,Image,False,5,4,6,4
1408,sub-06,lh-superiorfrontal,0.4814814814814815,0.0,0.28571428571428575,0.6694306040321493,None + Linear-SVM,unconscious,unconscious,False,Image,False,6,1,2,3
1409,sub-06,lh-superiorfrontal,0.8055555555555556,0.2777777777777778,0.5,0.6579803081618232,None + Linear-SVM,unconscious,unconscious,False,Image,False,7,2,2,2
1410,sub-06,lh-superiorfrontal,0.6296296296296297,-0.027777777777777776,0.4761904761904762,0.6887197949206851,None + Linear-SVM,unconscious,unconscious,False,Image,False,5,5,7,4
1411,sub-06,lh-superiorfrontal,0.5151515151515151,0.12309149097933272,0.5263157894736842,0.7089330002570531,None + Linear-SVM,unconscious,unconscious,False,Image,False,6,5,6,3
1412,sub-06,lh-superiorfrontal,0.40740740740740744,-0.09759000729485331,0.25,0.6754806517179953,None + Linear-SVM,unconscious,unconscious,False,Image,False,5,1,2,4
1413,sub-06,lh-superiorfrontal,0.8222222222222222,0.37777777777777777,0.6,0.649917224890474,None + Linear-SVM,unconscious,unconscious,False,Image,False,7,3,2,2
1414,sub-06,lh-superiorfrontal,0.2592592592592593,-0.49099025303098287,0.15384615384615383,0.7066721569797297,None + Linear-SVM,unconscious,unconscious,False,Image,False,3,1,5,6
1415,sub-06,lh-superiorfrontal,0.5111111111111111,-0.04303314829119352,0.3636363636363636,0.6929589406281077,None + Linear-SVM,unconscious,unconscious,False,Image,False,5,2,3,4
1416,sub-06,lh-superiorfrontal,0.3737373737373737,-0.30151134457776363,0.380952380952381,0.7219630126599752,None + Linear-SVM,unconscious,unconscious,False,Image,False,3,4,7,6
1417,sub-06,lh-superiorfrontal,0.5555555555555556,0.03042903097250923,0.28571428571428575,0.6666509655999092,None + Linear-SVM,unconscious,unconscious,False,Image,False,7,1,3,2
1418,sub-06,lh-superiorfrontal,0.39506172839506176,-0.22360679774997896,0.35294117647058826,0.7045726217369505,None + Linear-SVM,unconscious,unconscious,False,Image,False,4,3,6,5
1419,sub-06,lh-superiorfrontal,0.5308641975308641,0.22360679774997896,0.5882352941176471,0.6977198578848918,None + Linear-SVM,unconscious,unconscious,False,Image,False,6,5,4,3
1420,sub-06,lh-superiorfrontal,0.5555555555555556,0.05555555555555555,0.5263157894736842,0.6990288199087363,None + Linear-SVM,unconscious,unconscious,False,Image,False,5,5,5,4
1421,sub-06,lh-superiorfrontal,0.6296296296296295,0.25819888974716115,0.4,0.660319835132064,None + Linear-SVM,unconscious,unconscious,False,Image,False,8,1,2,1
1422,sub-06,lh-superiorfrontal,0.4444444444444444,-0.05555555555555555,0.5,0.7113691375551037,None + Linear-SVM,unconscious,unconscious,False,Image,False,4,5,5,5
1423,sub-06,lh-superiorfrontal,0.654320987654321,0.22360679774997896,0.5882352941176471,0.6825086898245755,None + Linear-SVM,unconscious,unconscious,False,Image,False,6,5,4,3
1424,sub-06,lh-superiorfrontal,0.5432098765432098,0.1111111111111111,0.5555555555555556,0.6896027906616754,None + Linear-SVM,unconscious,unconscious,False,Image,False,5,5,4,4
1425,sub-06,lh-superiorfrontal,0.5454545454545454,0.010101010101010102,0.5,0.6964359108619751,None + Linear-SVM,unconscious,unconscious,False,Image,False,5,5,6,4
1426,sub-06,lh-superiorfrontal,0.4222222222222222,-0.25819888974716115,0.3076923076923077,0.694572124438684,None + Linear-SVM,unconscious,unconscious,False,Image,False,3,2,3,6
1427,sub-06,lh-superiorfrontal,0.5079365079365079,-0.015873015873015872,0.42857142857142855,0.6935421222732743,None + Linear-SVM,unconscious,unconscious,False,Image,False,5,3,4,4
1428,sub-06,lh-superiorfrontal,0.2905982905982906,-0.3544587784792833,0.34782608695652173,0.7497356649069359,None + Linear-SVM,unconscious,unconscious,False,Image,False,3,4,9,6
1429,sub-06,lh-superiorfrontal,0.6805555555555556,0.1690308509457033,0.5333333333333333,0.6737765177744431,None + Linear-SVM,unconscious,unconscious,False,Image,False,6,4,4,3
1430,sub-06,lh-superiorfrontal,0.5238095238095238,-0.015873015873015872,0.42857142857142855,0.6898669351201833,None + Linear-SVM,unconscious,unconscious,False,Image,False,5,3,4,4
1431,sub-06,lh-superiorfrontal,0.1111111111111111,-0.5163977794943223,0.0,0.6844559730400995,None + Linear-SVM,unconscious,unconscious,False,Image,False,3,0,2,6
1432,sub-06,lh-superiorfrontal,0.4111111111111112,-0.15555555555555556,0.4210526315789474,0.7148288418961396,None + Linear-SVM,unconscious,unconscious,False,Image,False,4,4,6,5
1433,sub-06,lh-superiorfrontal,0.40740740740740744,-0.22360679774997896,0.35294117647058826,0.7093413359550923,None + Linear-SVM,unconscious,unconscious,False,Image,False,4,3,6,5
1434,sub-06,lh-superiorfrontal,0.4666666666666668,-0.14907119849998599,0.3333333333333333,0.6817283504561585,None + Linear-SVM,unconscious,unconscious,False,Image,False,4,2,3,5
1435,sub-06,lh-superiorfrontal,0.4111111111111111,-0.2584432806109095,0.33333333333333326,0.7131765429491924,None + Linear-SVM,unconscious,unconscious,False,Image,False,4,3,7,5
1436,sub-06,lh-superiorfrontal,0.3434343434343434,-0.1919191919191919,0.39999999999999997,0.7251694354351476,None + Linear-SVM,unconscious,unconscious,False,Image,False,4,4,7,5
1437,sub-06,lh-superiorfrontal,0.6296296296296297,0.0,0.28571428571428575,0.6616428526377413,None + Linear-SVM,unconscious,unconscious,False,Image,False,6,1,2,3
1438,sub-06,lh-superiorfrontal,0.5277777777777777,0.1690308509457033,0.5333333333333333,0.7013833002952682,None + Linear-SVM,unconscious,unconscious,False,Image,False,6,4,4,3
1439,sub-06,lh-superiorfrontal,0.6666666666666667,0.25819888974716115,0.5454545454545454,0.6698872609287287,None + Linear-SVM,unconscious,unconscious,False,Image,False,6,3,2,3
1440,sub-06,lh-superiorfrontal,0.7777777777777778,0.3578300267477955,0.6153846153846153,0.6623015643439628,None + Linear-SVM,unconscious,unconscious,False,Image,False,7,4,3,2
1441,sub-06,lh-superiorfrontal,0.5,-0.033149677206589796,0.22222222222222224,0.661456237984903,None + Linear-SVM,unconscious,unconscious,False,Image,False,10,1,3,4
1442,sub-06,lh-superiorfrontal,0.6428571428571428,0.24029618753167464,0.5714285714285713,0.6706576935073346,None + Linear-SVM,unconscious,unconscious,False,Image,False,9,6,4,5
1443,sub-06,lh-superiorfrontal,0.33035714285714285,-0.37796447300922725,0.2105263157894737,0.7116656033964106,None + Linear-SVM,unconscious,unconscious,False,Image,False,5,2,6,9
1444,sub-06,lh-superiorfrontal,0.5612244897959184,0.06933752452815364,0.39999999999999997,0.6699144812149915,None + Linear-SVM,unconscious,unconscious,False,Image,False,9,3,4,5
1445,sub-06,lh-superiorfrontal,0.6428571428571429,0.1889822365046136,0.4,0.6516940305973601,None + Linear-SVM,unconscious,unconscious,False,Image,False,10,2,2,4
1446,sub-06,lh-superiorfrontal,0.6607142857142857,0.21428571428571427,0.5,0.6632168178193204,None + Linear-SVM,unconscious,unconscious,False,Image,False,10,4,4,4
1447,sub-06,lh-superiorfrontal,0.5510204081632653,-0.06741998624632421,0.3529411764705882,0.671227943330741,None + Linear-SVM,unconscious,unconscious,False,Image,False,7,3,4,7
1448,sub-06,lh-superiorfrontal,0.5238095238095238,-0.1272937693043289,0.18181818181818182,0.6564495705298246,None + Linear-SVM,unconscious,unconscious,False,Image,False,7,1,2,7
1449,sub-06,lh-superiorfrontal,0.6000000000000001,0.15118578920369088,0.42857142857142855,0.6548622622597579,None + Linear-SVM,unconscious,unconscious,False,Image,False,8,3,2,6
1450,sub-06,lh-superiorfrontal,0.5928571428571429,-0.02857142857142857,0.4000000000000001,0.6741712984279467,None + Linear-SVM,unconscious,unconscious,False,Image,False,8,4,6,6
1451,sub-06,lh-superiorfrontal,0.5142857142857142,0.15118578920369088,0.42857142857142855,0.6616523022702216,None + Linear-SVM,unconscious,unconscious,False,Image,False,8,3,2,6
1452,sub-06,lh-superiorfrontal,0.4081632653061224,-0.26967994498529685,0.23529411764705882,0.6892162861905476,None + Linear-SVM,unconscious,unconscious,False,Image,False,6,2,5,8
1453,sub-06,lh-superiorfrontal,0.5584415584415585,-0.045162230233094555,0.43478260869565216,0.6806172110030708,None + Linear-SVM,unconscious,unconscious,False,Image,False,7,5,6,7
1454,sub-06,lh-superiorfrontal,0.7040816326530612,0.2041241452319315,0.5,0.6556507057244984,None + Linear-SVM,unconscious,unconscious,False,Image,False,9,4,3,5
1455,sub-06,lh-superiorfrontal,0.5214285714285714,-0.09894548898363074,0.380952380952381,0.6834322028906689,None + Linear-SVM,unconscious,unconscious,False,Image,False,7,4,6,7
1456,sub-06,lh-superiorfrontal,0.5238095238095238,-0.07377111135633176,0.2,0.6535540822504039,None + Linear-SVM,unconscious,unconscious,False,Image,False,8,1,2,6
1457,sub-06,lh-superiorfrontal,0.7678571428571428,0.26519741765271837,0.4444444444444445,0.6410671043042919,None + Linear-SVM,unconscious,unconscious,False,Image,False,11,2,2,3
1458,sub-06,lh-superiorfrontal,0.6785714285714286,0.14414999403128945,0.5217391304347826,0.6653294841908604,None + Linear-SVM,unconscious,unconscious,False,Image,False,9,6,6,5
1459,sub-06,lh-superiorfrontal,0.5974025974025974,0.20645590963700367,0.5833333333333334,0.6757027697353105,None + Linear-SVM,unconscious,unconscious,False,Image,False,8,7,4,6
1460,sub-06,lh-superiorfrontal,0.47619047619047616,-0.1272937693043289,0.18181818181818182,0.6558580738285793,None + Linear-SVM,unconscious,unconscious,False,Image,False,7,1,2,7
1461,sub-06,lh-superiorfrontal,0.8285714285714285,0.36539907432351754,0.5454545454545454,0.6388496478015803,None + Linear-SVM,unconscious,unconscious,False,Image,False,11,3,2,3
1462,sub-06,lh-superiorfrontal,0.41666666666666663,-0.2182178902359924,0.25,0.6732685689135816,None + Linear-SVM,unconscious,unconscious,False,Image,False,6,2,4,8
1463,sub-06,lh-superiorfrontal,0.5857142857142856,0.21660005636099086,0.4615384615384615,0.6611822213706625,None + Linear-SVM,unconscious,unconscious,False,Image,False,9,3,2,5
1464,sub-06,lh-superiorfrontal,0.4090909090909091,-0.13636363636363635,0.36363636363636365,0.7027321124733185,None + Linear-SVM,unconscious,unconscious,False,Image,False,7,4,7,7
1465,sub-06,lh-superiorfrontal,0.6607142857142857,0.05976143046671968,0.3333333333333333,0.6493678757177315,None + Linear-SVM,unconscious,unconscious,False,Image,False,8,2,2,6
1466,sub-06,lh-superiorfrontal,0.5396825396825398,0.015626907697949846,0.4210526315789474,0.6761284346866269,None + Linear-SVM,unconscious,unconscious,False,Image,False,8,4,5,6
1467,sub-06,lh-superiorfrontal,0.5476190476190477,0.12406456138646277,0.5,0.6766194913746549,None + Linear-SVM,unconscious,unconscious,False,Image,False,8,5,4,6
1468,sub-06,lh-superiorfrontal,0.5928571428571429,0.07067534927402196,0.47619047619047616,0.6760436969351286,None + Linear-SVM,unconscious,unconscious,False,Image,False,8,5,5,6
1469,sub-06,lh-superiorfrontal,0.6666666666666666,0.10699012312772822,0.28571428571428575,0.647550169283696,None + Linear-SVM,unconscious,unconscious,False,Image,False,11,1,2,3
1470,sub-06,lh-superiorfrontal,0.4928571428571428,0.07067534927402196,0.47619047619047616,0.6867186220050696,None + Linear-SVM,unconscious,unconscious,False,Image,False,8,5,5,6
1471,sub-06,lh-superiorfrontal,0.6746031746031746,0.1953363462243731,0.5263157894736842,0.6611301183590595,None + Linear-SVM,unconscious,unconscious,False,Image,False,9,5,4,5
1472,sub-06,lh-superiorfrontal,0.6111111111111112,0.12406456138646277,0.5,0.6671261907418023,None + Linear-SVM,unconscious,unconscious,False,Image,False,8,5,4,6
1473,sub-06,lh-superiorfrontal,0.6103896103896104,0.025974025974025976,0.45454545454545453,0.6742625992461605,None + Linear-SVM,unconscious,unconscious,False,Image,False,8,5,6,6
1474,sub-06,lh-superiorfrontal,0.5285714285714286,-0.025482359571881278,0.3076923076923077,0.6653183726670876,None + Linear-SVM,unconscious,unconscious,False,Image,False,8,2,3,6
1475,sub-06,lh-superiorfrontal,0.5816326530612245,0.0,0.375,0.6703237222683047,None + Linear-SVM,unconscious,unconscious,False,Image,False,8,3,4,6
1476,sub-06,lh-superiorfrontal,0.4065934065934066,-0.11602387022306429,0.4,0.713893280810212,None + Linear-SVM,unconscious,unconscious,False,Image,False,7,5,8,7
1477,sub-06,lh-superiorfrontal,0.7053571428571429,0.13977131156292244,0.47058823529411764,0.6566257443107549,None + Linear-SVM,unconscious,unconscious,False,Image,False,9,4,4,5
1478,sub-06,lh-superiorfrontal,0.5612244897959184,-0.06741998624632421,0.3529411764705882,0.6670671459828346,None + Linear-SVM,unconscious,unconscious,False,Image,False,7,3,4,7
1479,sub-06,lh-superiorfrontal,0.35714285714285715,-0.3779644730092272,0.0,0.6521635033272777,None + Linear-SVM,unconscious,unconscious,False,Image,False,6,0,2,8
1480,sub-06,lh-superiorfrontal,0.4571428571428572,-0.09894548898363074,0.380952380952381,0.686890455294141,None + Linear-SVM,unconscious,unconscious,False,Image,False,7,4,6,7
1481,sub-06,lh-superiorfrontal,0.46031746031746035,-0.054278245606577465,0.39999999999999997,0.6862854914222238,None + Linear-SVM,unconscious,unconscious,False,Image,False,7,4,5,7
1482,sub-06,lh-superiorfrontal,0.5428571428571429,-0.08819171036881969,0.2857142857142857,0.656283431127065,None + Linear-SVM,unconscious,unconscious,False,Image,False,7,2,3,7
1483,sub-06,lh-superiorfrontal,0.4928571428571429,-0.09894548898363074,0.380952380952381,0.687140054992688,None + Linear-SVM,unconscious,unconscious,False,Image,False,7,4,6,7
1484,sub-06,lh-superiorfrontal,0.461038961038961,-0.045162230233094555,0.43478260869565216,0.6979626626541392,None + Linear-SVM,unconscious,unconscious,False,Image,False,7,5,6,7
1485,sub-06,lh-superiorfrontal,0.6428571428571429,0.03984095364447979,0.25,0.6469436640901254,None + Linear-SVM,unconscious,unconscious,False,Image,False,10,1,2,4
1486,sub-06,lh-superiorfrontal,0.5892857142857143,0.06900655593423542,0.4444444444444445,0.6752352323327083,None + Linear-SVM,unconscious,unconscious,False,Image,False,8,4,4,6
1487,sub-06,lh-superiorfrontal,0.6428571428571428,0.10826639239215334,0.3636363636363636,0.6540094316278084,None + Linear-SVM,unconscious,unconscious,False,Image,False,10,2,3,4
1488,sub-06,lh-superiorfrontal,0.7551020408163265,0.2773500981126146,0.5333333333333333,0.6513162977068018,None + Linear-SVM,unconscious,unconscious,False,Image,False,10,4,3,4
1489,sub-06,lh-superiorfrontal,0.5,-0.1414213562373095,0.22222222222222224,0.6768568963070595,None + Linear-SVM,unconscious,unconscious,False,Image,False,6,1,3,4
1490,sub-06,lh-superiorfrontal,0.55,0.10050378152592121,0.5263157894736842,0.688804502602871,None + Linear-SVM,unconscious,unconscious,False,Image,False,6,5,5,4
1491,sub-06,lh-superiorfrontal,0.19999999999999998,-0.35,0.25,0.7550802438698576,None + Linear-SVM,unconscious,unconscious,False,Image,False,4,2,6,6
1492,sub-06,lh-superiorfrontal,0.44285714285714284,-0.07042952122737638,0.39999999999999997,0.7012328708284402,None + Linear-SVM,unconscious,unconscious,False,Image,False,5,3,4,5
1493,sub-06,lh-superiorfrontal,0.5249999999999999,0.09128709291752768,0.4,0.6753206532042165,None + Linear-SVM,unconscious,unconscious,False,Image,False,6,2,2,4
1494,sub-06,lh-superiorfrontal,0.5249999999999999,0.1,0.5,0.6868062156317183,None + Linear-SVM,unconscious,unconscious,False,Image,False,6,4,4,4
1495,sub-06,lh-superiorfrontal,0.38571428571428573,-0.3098898934004561,0.26666666666666666,0.6970178262185054,None + Linear-SVM,unconscious,unconscious,False,Image,False,4,2,5,6
1496,sub-06,lh-superiorfrontal,0.4333333333333333,-0.2253744679276044,0.2,0.6847191605445064,None + Linear-SVM,unconscious,unconscious,False,Image,False,4,1,2,6
1497,sub-06,lh-superiorfrontal,0.52,0.0,0.3636363636363636,0.6805144235161799,None + Linear-SVM,unconscious,unconscious,False,Image,False,6,2,3,4
1498,sub-06,lh-superiorfrontal,0.49,0.10050378152592121,0.5263157894736842,0.6976223460016862,None + Linear-SVM,unconscious,unconscious,False,Image,False,6,5,5,4
1499,sub-06,lh-superiorfrontal,0.48000000000000004,0.0,0.3636363636363636,0.6918373369114711,None + Linear-SVM,unconscious,unconscious,False,Image,False,6,2,3,4
1500,sub-06,lh-superiorfrontal,0.3428571428571428,-0.3098898934004561,0.26666666666666666,0.718695704139756,None + Linear-SVM,unconscious,unconscious,False,Image,False,4,2,5,6
1501,sub-06,lh-superiorfrontal,0.4636363636363636,-0.13762047064079508,0.39999999999999997,0.7065064484911783,None + Linear-SVM,unconscious,unconscious,False,Image,False,5,4,7,5
1502,sub-06,lh-superiorfrontal,0.6428571428571428,0.2714285714285714,0.5714285714285714,0.6737567472536681,None + Linear-SVM,unconscious,unconscious,False,Image,False,7,4,3,3
1503,sub-06,lh-superiorfrontal,0.45999999999999996,-0.10050378152592121,0.4210526315789474,0.714730000685711,None + Linear-SVM,unconscious,unconscious,False,Image,False,5,4,6,5
1504,sub-06,lh-superiorfrontal,0.49999999999999994,-0.05773502691896257,0.25,0.675484217045102,None + Linear-SVM,unconscious,unconscious,False,Image,False,6,1,2,4
1505,sub-06,lh-superiorfrontal,0.675,0.18856180831641267,0.4444444444444445,0.6667904633839443,None + Linear-SVM,unconscious,unconscious,False,Image,False,7,2,2,3
1506,sub-06,lh-superiorfrontal,0.5916666666666667,0.1,0.5454545454545454,0.6839474160183522,None + Linear-SVM,unconscious,unconscious,False,Image,False,6,6,6,4
1507,sub-06,lh-superiorfrontal,0.4727272727272727,-0.045454545454545456,0.47619047619047616,0.7135859937059746,None + Linear-SVM,unconscious,unconscious,False,Image,False,5,5,6,5
1508,sub-06,lh-superiorfrontal,0.43333333333333335,-0.14085904245475275,0.2222222222222222,0.6833515929752887,None + Linear-SVM,unconscious,unconscious,False,Image,False,5,1,2,5
1509,sub-06,lh-superiorfrontal,0.82,0.4,0.6,0.652666711251808,None + Linear-SVM,unconscious,unconscious,False,Image,False,8,3,2,2
1510,sub-06,lh-superiorfrontal,0.31666666666666665,-0.42289003161103106,0.15384615384615383,0.7082172107401903,None + Linear-SVM,unconscious,unconscious,False,Image,False,4,1,5,6
1511,sub-06,lh-superiorfrontal,0.44,-0.09449111825230681,0.3333333333333333,0.7048755808386438,None + Linear-SVM,unconscious,unconscious,False,Image,False,5,2,3,5
1512,sub-06,lh-superiorfrontal,0.32727272727272727,-0.3302891295379082,0.3,0.7294820638165381,None + Linear-SVM,unconscious,unconscious,False,Image,False,4,3,8,6
1513,sub-06,lh-superiorfrontal,0.5,-0.1414213562373095,0.22222222222222224,0.6759426404825044,None + Linear-SVM,unconscious,unconscious,False,Image,False,6,1,3,4
1514,sub-06,lh-superiorfrontal,0.4222222222222222,-0.1685499656158105,0.35294117647058826,0.707632749039757,None + Linear-SVM,unconscious,unconscious,False,Image,False,5,3,6,5
1515,sub-06,lh-superiorfrontal,0.4666666666666666,0.05555555555555555,0.5263157894736842,0.7007997525223787,None + Linear-SVM,unconscious,unconscious,False,Image,False,5,5,4,5
1516,sub-06,lh-superiorfrontal,0.44999999999999996,-0.10050378152592121,0.4210526315789474,0.7072751798697905,None + Linear-SVM,unconscious,unconscious,False,Image,False,5,4,6,5
1517,sub-06,lh-superiorfrontal,0.49999999999999994,-0.05773502691896257,0.25,0.6742001954834472,None + Linear-SVM,unconscious,unconscious,False,Image,False,6,1,2,4
1518,sub-06,lh-superiorfrontal,0.42000000000000004,0.0,0.4444444444444445,0.7107553597733967,None + Linear-SVM,unconscious,unconscious,False,Image,False,6,4,6,4
1519,sub-06,lh-superiorfrontal,0.5555555555555556,0.044946657497549475,0.47058823529411764,0.6826996346486874,None + Linear-SVM,unconscious,unconscious,False,Image,False,6,4,5,4
1520,sub-06,lh-superiorfrontal,0.45555555555555555,-0.15555555555555556,0.4210526315789474,0.6972794298898518,None + Linear-SVM,unconscious,unconscious,False,Image,False,4,4,5,6
1521,sub-06,lh-superiorfrontal,0.47272727272727266,-0.045454545454545456,0.47619047619047616,0.7052192879820506,None + Linear-SVM,unconscious,unconscious,False,Image,False,5,5,6,5
1522,sub-06,lh-superiorfrontal,0.42000000000000004,-0.18898223650461363,0.3076923076923077,0.6981398655173733,None + Linear-SVM,unconscious,unconscious,False,Image,False,4,2,3,6
1523,sub-06,lh-superiorfrontal,0.4,-0.07042952122737638,0.39999999999999997,0.7025576328752369,None + Linear-SVM,unconscious,unconscious,False,Image,False,5,3,4,5
1524,sub-06,lh-superiorfrontal,0.3,-0.3750457847507963,0.27272727272727276,0.7553145917010241,None + Linear-SVM,unconscious,unconscious,False,Image,False,4,3,10,6
1525,sub-06,lh-superiorfrontal,0.5875,0.1,0.5,0.6778398390887773,None + Linear-SVM,unconscious,unconscious,False,Image,False,6,4,4,4
1526,sub-06,lh-superiorfrontal,0.45714285714285713,-0.1690308509457033,0.375,0.6994421073259296,None + Linear-SVM,unconscious,unconscious,False,Image,False,4,3,4,6
1527,sub-06,lh-superiorfrontal,0.2,-0.5291502622129182,0.0,0.6863099357067061,None + Linear-SVM,unconscious,unconscious,False,Image,False,3,0,2,7
1528,sub-06,lh-superiorfrontal,0.35,-0.30151134457776363,0.3157894736842105,0.7224596239240167,None + Linear-SVM,unconscious,unconscious,False,Image,False,4,3,7,6
1529,sub-06,lh-superiorfrontal,0.4,-0.1685499656158105,0.35294117647058826,0.7127741596507781,None + Linear-SVM,unconscious,unconscious,False,Image,False,5,3,6,5
1530,sub-06,lh-superiorfrontal,0.46,-0.09449111825230681,0.3333333333333333,0.6874220700483983,None + Linear-SVM,unconscious,unconscious,False,Image,False,5,2,3,5
1531,sub-06,lh-superiorfrontal,0.44,-0.10050378152592121,0.4210526315789474,0.7100161443531032,None + Linear-SVM,unconscious,unconscious,False,Image,False,5,4,6,5
1532,sub-06,lh-superiorfrontal,0.3545454545454545,-0.03739787960033829,0.4210526315789474,0.7318247188424946,None + Linear-SVM,unconscious,unconscious,False,Image,False,6,4,7,4
1533,sub-06,lh-superiorfrontal,0.5,-0.05773502691896257,0.25,0.6761208611858609,None + Linear-SVM,unconscious,unconscious,False,Image,False,6,1,2,4
1534,sub-06,lh-superiorfrontal,0.43749999999999994,-0.125,0.375,0.7121559728147853,None + Linear-SVM,unconscious,unconscious,False,Image,False,5,3,5,5
1535,sub-06,lh-superiorfrontal,0.56,0.0,0.3636363636363636,0.671425459818744,None + Linear-SVM,unconscious,unconscious,False,Image,False,6,2,3,4
1536,sub-06,lh-superiorfrontal,0.7714285714285714,0.3825184261187248,0.6153846153846153,0.6590582306467795,None + Linear-SVM,unconscious,unconscious,False,Image,False,8,4,3,2
1537,sub-06,lh-superiorfrontal,0.59375,0.0,0.4,0.6663272262482065,None + Linear-SVM,unconscious,unconscious,False,Image,False,4,2,2,4
1538,sub-06,lh-superiorfrontal,0.65,0.325,0.7,0.6834504590811679,None + Linear-SVM,unconscious,unconscious,False,Image,False,5,7,3,3
1539,sub-06,lh-superiorfrontal,0.453125,-0.1259881576697424,0.39999999999999997,0.7274951145805872,None + Linear-SVM,unconscious,unconscious,False,Image,False,4,3,5,4
1540,sub-06,lh-superiorfrontal,0.6428571428571428,0.18898223650461363,0.5,0.6802375622024835,None + Linear-SVM,unconscious,unconscious,False,Image,False,6,3,4,2
1541,sub-06,lh-superiorfrontal,0.75,0.25,0.5,0.6524769719660642,None + Linear-SVM,unconscious,unconscious,False,Image,False,6,2,2,2
1542,sub-06,lh-superiorfrontal,0.6875,0.2581988897471611,0.5714285714285715,0.6752307124085326,None + Linear-SVM,unconscious,unconscious,False,Image,False,6,4,4,2
1543,sub-06,lh-superiorfrontal,0.6071428571428571,0.05455447255899809,0.4615384615384615,0.6812927104658034,None + Linear-SVM,unconscious,unconscious,False,Image,False,5,3,4,3
1544,sub-06,lh-superiorfrontal,0.5,-0.14907119849998599,0.25,0.6621223552353485,None + Linear-SVM,unconscious,unconscious,False,Image,False,4,1,2,4
1545,sub-06,lh-superiorfrontal,0.625,0.15811388300841897,0.4444444444444445,0.6663058246244609,None + Linear-SVM,unconscious,unconscious,False,Image,False,6,2,3,2
1546,sub-06,lh-superiorfrontal,0.675,0.35,0.6666666666666665,0.6849460525725211,None + Linear-SVM,unconscious,unconscious,False,Image,False,6,6,4,2
1547,sub-06,lh-superiorfrontal,0.675,0.35,0.6,0.6668199671100191,None + Linear-SVM,unconscious,unconscious,False,Image,False,6,3,2,2
1548,sub-06,lh-superiorfrontal,0.46428571428571425,-0.21821789023599236,0.30769230769230765,0.7082866427543417,None + Linear-SVM,unconscious,unconscious,False,Image,False,4,2,5,4
1549,sub-06,lh-superiorfrontal,0.6136363636363636,0.1685499656158105,0.6,0.6914478635842511,None + Linear-SVM,unconscious,unconscious,False,Image,False,5,6,5,3
1550,sub-06,lh-superiorfrontal,0.7321428571428571,0.32732683535398854,0.6153846153846153,0.6614946752895313,None + Linear-SVM,unconscious,unconscious,False,Image,False,6,4,3,2
1551,sub-06,lh-superiorfrontal,0.5875,0.125,0.5555555555555556,0.6985095380264829,None + Linear-SVM,unconscious,unconscious,False,Image,False,5,5,5,3
1552,sub-06,lh-superiorfrontal,0.6666666666666667,0.08333333333333333,0.3333333333333333,0.6488378628336341,None + Linear-SVM,unconscious,unconscious,False,Image,False,6,1,2,2
1553,sub-06,lh-superiorfrontal,0.8125,0.408248290463863,0.5714285714285715,0.640183451186489,None + Linear-SVM,unconscious,unconscious,False,Image,False,7,2,2,1
1554,sub-06,lh-superiorfrontal,0.7395833333333334,0.408248290463863,0.7272727272727272,0.6789920632957378,None + Linear-SVM,unconscious,unconscious,False,Image,False,6,8,4,2
1555,sub-06,lh-superiorfrontal,0.5909090909090908,0.1685499656158105,0.6,0.702027003640058,None + Linear-SVM,unconscious,unconscious,False,Image,False,5,6,5,3
1556,sub-06,lh-superiorfrontal,0.5416666666666666,-0.03857583749052298,0.28571428571428575,0.6554905515608074,None + Linear-SVM,unconscious,unconscious,False,Image,False,5,1,2,3
1557,sub-06,lh-superiorfrontal,0.8,0.35,0.6,0.6329464797503979,None + Linear-SVM,unconscious,unconscious,False,Image,False,6,3,2,2
1558,sub-06,lh-superiorfrontal,0.5,-0.16666666666666666,0.3333333333333333,0.6896364220273582,None + Linear-SVM,unconscious,unconscious,False,Image,False,4,2,4,4
1559,sub-06,lh-superiorfrontal,0.6,0.35,0.6,0.6721633333602186,None + Linear-SVM,unconscious,unconscious,False,Image,False,6,3,2,2
1560,sub-06,lh-superiorfrontal,0.5227272727272727,-0.011631052629980886,0.4444444444444444,0.7246420061688768,None + Linear-SVM,unconscious,unconscious,False,Image,False,5,4,7,3
1561,sub-06,lh-superiorfrontal,0.625,0.11952286093343936,0.4444444444444445,0.6516307966560143,None + Linear-SVM,unconscious,unconscious,False,Image,False,5,2,2,3
1562,sub-06,lh-superiorfrontal,0.6111111111111112,0.18055555555555555,0.5882352941176471,0.6923619667758897,None + Linear-SVM,unconscious,unconscious,False,Image,False,5,5,4,3
1563,sub-06,lh-superiorfrontal,0.6527777777777778,0.3098898934004561,0.6250000000000001,0.6910533677257067,None + Linear-SVM,unconscious,unconscious,False,Image,False,6,5,4,2
1564,sub-06,lh-superiorfrontal,0.6125,0.125,0.5555555555555556,0.689230703073626,None + Linear-SVM,unconscious,unconscious,False,Image,False,5,5,5,3
1565,sub-06,lh-superiorfrontal,0.7083333333333333,0.24056261216234406,0.4,0.6444591386160929,None + Linear-SVM,unconscious,unconscious,False,Image,False,7,1,2,1
1566,sub-06,lh-superiorfrontal,0.5875,0.22360679774997896,0.631578947368421,0.7016428501849162,None + Linear-SVM,unconscious,unconscious,False,Image,False,5,6,4,3
1567,sub-06,lh-superiorfrontal,0.7222222222222222,0.3098898934004561,0.6250000000000001,0.6721182112069739,None + Linear-SVM,unconscious,unconscious,False,Image,False,6,5,4,2
1568,sub-06,lh-superiorfrontal,0.6944444444444444,0.2916666666666667,0.6666666666666666,0.680104516506621,None + Linear-SVM,unconscious,unconscious,False,Image,False,5,6,3,3
1569,sub-06,lh-superiorfrontal,0.6136363636363636,0.1685499656158105,0.6,0.6927675960965225,None + Linear-SVM,unconscious,unconscious,False,Image,False,5,6,5,3
1570,sub-06,lh-superiorfrontal,0.6,0.025,0.4000000000000001,0.6711532650340466,None + Linear-SVM,unconscious,unconscious,False,Image,False,5,2,3,3
1571,sub-06,lh-superiorfrontal,0.5892857142857142,0.18898223650461363,0.5,0.6847461055301044,None + Linear-SVM,unconscious,unconscious,False,Image,False,6,3,4,2
1572,sub-06,lh-superiorfrontal,0.4903846153846154,0.08492077756084468,0.5454545454545455,0.73964483504806,None + Linear-SVM,unconscious,unconscious,False,Image,False,5,6,7,3
1573,sub-06,lh-superiorfrontal,0.734375,0.3779644730092272,0.6666666666666666,0.6643533552930456,None + Linear-SVM,unconscious,unconscious,False,Image,False,6,5,3,2
1574,sub-06,lh-superiorfrontal,0.6607142857142857,0.19642857142857142,0.5714285714285714,0.6765138039841065,None + Linear-SVM,unconscious,unconscious,False,Image,False,5,4,3,3
1575,sub-06,lh-superiorfrontal,0.4375,-0.4082482904638631,0.0,0.6567717380502772,None + Linear-SVM,unconscious,unconscious,False,Image,False,4,0,2,4
1576,sub-06,lh-superiorfrontal,0.5375,0.025482359571881278,0.47058823529411764,0.7141624895706696,None + Linear-SVM,unconscious,unconscious,False,Image,False,5,4,6,3
1577,sub-06,lh-superiorfrontal,0.5694444444444444,0.18055555555555555,0.5882352941176471,0.7017825818297646,None + Linear-SVM,unconscious,unconscious,False,Image,False,5,5,4,3
1578,sub-06,lh-superiorfrontal,0.575,0.025,0.4000000000000001,0.6666986846608807,None + Linear-SVM,unconscious,unconscious,False,Image,False,5,2,3,3
1579,sub-06,lh-superiorfrontal,0.5875,0.125,0.5555555555555556,0.695220434534248,None + Linear-SVM,unconscious,unconscious,False,Image,False,5,5,5,3
1580,sub-06,lh-superiorfrontal,0.5795454545454546,0.07954545454545454,0.5263157894736842,0.7153683241070791,None + Linear-SVM,unconscious,unconscious,False,Image,False,5,5,6,3
1581,sub-06,lh-superiorfrontal,0.7083333333333333,0.08333333333333333,0.3333333333333333,0.645901773099644,None + Linear-SVM,unconscious,unconscious,False,Image,False,6,1,2,2
1582,sub-06,lh-superiorfrontal,0.578125,0.1259881576697424,0.5333333333333333,0.6962095294520925,None + Linear-SVM,unconscious,unconscious,False,Image,False,5,4,4,3
1583,sub-06,lh-superiorfrontal,0.725,0.35,0.6,0.6500027161221026,None + Linear-SVM,unconscious,unconscious,False,Image,False,6,3,2,2
1584,sub-06,lh-superiorfrontal,0.8035714285714286,0.600099198148979,0.7692307692307692,0.6504246810646369,None + Linear-SVM,unconscious,unconscious,False,Image,False,7,5,2,1
1585,sub-06,lh-superiorfrontal,0.6428571428571429,0.06900655593423542,0.4444444444444445,0.6679736485148716,None + Linear-SVM,unconscious,unconscious,False,Image,False,4,2,2,3
1586,sub-06,lh-superiorfrontal,0.7000000000000001,0.21428571428571427,0.588235294117647,0.6909081640802378,None + Linear-SVM,unconscious,unconscious,False,Image,False,5,5,5,2
1587,sub-06,lh-superiorfrontal,0.25,-0.32732683535398854,0.28571428571428575,0.733993341587743,None + Linear-SVM,unconscious,unconscious,False,Image,False,3,2,6,4
1588,sub-06,lh-superiorfrontal,0.6122448979591837,0.0,0.5333333333333333,0.6883380051489635,None + Linear-SVM,unconscious,unconscious,False,Image,False,3,4,3,4
1589,sub-06,lh-superiorfrontal,0.8571428571428572,0.6236095644623235,0.6666666666666666,0.6575750199771223,None + Linear-SVM,unconscious,unconscious,False,Image,False,7,2,2,0
1590,sub-06,lh-superiorfrontal,0.6964285714285714,0.19642857142857142,0.625,0.6833119240158084,None + Linear-SVM,unconscious,unconscious,False,Image,False,4,5,3,3
1591,sub-06,lh-superiorfrontal,0.5510204081632653,0.0,0.4615384615384615,0.6906219614019217,None + Linear-SVM,unconscious,unconscious,False,Image,False,4,3,4,3
1592,sub-06,lh-superiorfrontal,0.47619047619047616,-0.2182178902359924,0.25,0.6660979291486975,None + Linear-SVM,unconscious,unconscious,False,Image,False,3,1,2,4
1593,sub-06,lh-superiorfrontal,0.6857142857142857,0.11952286093343936,0.4444444444444445,0.6679730289055151,None + Linear-SVM,unconscious,unconscious,False,Image,False,5,2,3,2
1594,sub-06,lh-superiorfrontal,0.6857142857142857,0.1690308509457033,0.631578947368421,0.6958990924776173,None + Linear-SVM,unconscious,unconscious,False,Image,False,4,6,4,3
1595,sub-06,lh-superiorfrontal,0.6571428571428571,0.3142857142857143,0.6,0.6752912503128313,None + Linear-SVM,unconscious,unconscious,False,Image,False,5,3,2,2
1596,sub-06,lh-superiorfrontal,0.3877551020408163,-0.28867513459481287,0.30769230769230765,0.7086441111933068,None + Linear-SVM,unconscious,unconscious,False,Image,False,3,2,5,4
1597,sub-06,lh-superiorfrontal,0.6623376623376623,0.11396057645963795,0.6,0.6947688069169058,None + Linear-SVM,unconscious,unconscious,False,Image,False,4,6,5,3
1598,sub-06,lh-superiorfrontal,0.7959183673469388,0.5773502691896257,0.7692307692307692,0.6667601164625531,None + Linear-SVM,unconscious,unconscious,False,Image,False,6,5,2,1
1599,sub-06,lh-superiorfrontal,0.5714285714285714,0.07042952122737638,0.5555555555555556,0.7090364048019242,None + Linear-SVM,unconscious,unconscious,False,Image,False,4,5,5,3
1600,sub-06,lh-superiorfrontal,0.6190476190476191,0.2182178902359924,0.4,0.6632336304101585,None + Linear-SVM,unconscious,unconscious,False,Image,False,6,1,2,1
1601,sub-06,lh-superiorfrontal,0.9642857142857143,0.8100925873009825,0.8571428571428571,0.6464338945172247,None + Linear-SVM,unconscious,unconscious,False,Image,False,7,3,1,0
1602,sub-06,lh-superiorfrontal,0.6666666666666667,0.20935894733965593,0.6,0.6930052149236404,None + Linear-SVM,unconscious,unconscious,False,Image,False,5,6,6,2
1603,sub-06,lh-superiorfrontal,0.6233766233766234,0.2548235957188128,0.631578947368421,0.7063550853372731,None + Linear-SVM,unconscious,unconscious,False,Image,False,5,6,5,2
1604,sub-06,lh-superiorfrontal,0.6190476190476191,0.047619047619047616,0.3333333333333333,0.6607088433841601,None + Linear-SVM,unconscious,unconscious,False,Image,False,5,1,2,2
1605,sub-06,lh-superiorfrontal,0.9428571428571428,0.6571428571428571,0.8000000000000002,0.6415636014009588,None + Linear-SVM,unconscious,unconscious,False,Image,False,6,4,1,1
1606,sub-06,lh-superiorfrontal,0.40476190476190477,-0.23809523809523808,0.3333333333333333,0.6964569834355169,None + Linear-SVM,unconscious,unconscious,False,Image,False,3,2,4,4
1607,sub-06,lh-superiorfrontal,0.5428571428571429,-0.02857142857142857,0.4000000000000001,0.6898512277191059,None + Linear-SVM,unconscious,unconscious,False,Image,False,4,2,3,3
1608,sub-06,lh-superiorfrontal,0.4285714285714286,-0.06493506493506493,0.4444444444444444,0.72738629924079,None + Linear-SVM,unconscious,unconscious,False,Image,False,4,4,7,3
1609,sub-06,lh-superiorfrontal,0.5357142857142857,-0.21428571428571427,0.36363636363636365,0.664057645741567,None + Linear-SVM,unconscious,unconscious,False,Image,False,2,2,2,5
1610,sub-06,lh-superiorfrontal,0.6031746031746033,0.015873015873015872,0.5,0.6998614709461216,None + Linear-SVM,unconscious,unconscious,False,Image,False,4,4,5,3
1611,sub-06,lh-superiorfrontal,0.7142857142857143,0.42289003161103106,0.6666666666666667,0.6974225823273448,None + Linear-SVM,unconscious,unconscious,False,Image,False,6,5,4,1
1612,sub-06,lh-superiorfrontal,0.6857142857142857,0.1690308509457033,0.631578947368421,0.692117208417785,None + Linear-SVM,unconscious,unconscious,False,Image,False,4,6,4,3
1613,sub-06,lh-superiorfrontal,0.6666666666666666,0.5091750772173156,0.5,0.6564524954958103,None + Linear-SVM,unconscious,unconscious,False,Image,False,7,1,2,0
1614,sub-06,lh-superiorfrontal,0.5428571428571428,0.07042952122737638,0.5555555555555556,0.712778408760873,None + Linear-SVM,unconscious,unconscious,False,Image,False,4,5,5,3
1615,sub-06,lh-superiorfrontal,0.6825396825396826,0.1259881576697424,0.5882352941176471,0.6860735330374953,None + Linear-SVM,unconscious,unconscious,False,Image,False,4,5,4,3
1616,sub-06,lh-superiorfrontal,0.6666666666666667,0.16265001215808886,0.5333333333333333,0.6853870407262295,None + Linear-SVM,unconscious,unconscious,False,Image,False,5,4,5,2
1617,sub-06,lh-superiorfrontal,0.6363636363636364,0.2548235957188128,0.631578947368421,0.6977110850860496,None + Linear-SVM,unconscious,unconscious,False,Image,False,5,6,5,2
1618,sub-06,lh-superiorfrontal,0.4285714285714286,-0.3142857142857143,0.3333333333333333,0.690372670463104,None + Linear-SVM,unconscious,unconscious,False,Image,False,2,2,3,5
1619,sub-06,lh-superiorfrontal,0.5510204081632653,0.14907119849998599,0.5,0.6904890678925985,None + Linear-SVM,unconscious,unconscious,False,Image,False,5,3,4,2
1620,sub-06,lh-superiorfrontal,0.4285714285714286,-0.17910620335162064,0.4545454545454546,0.7443809778531347,None + Linear-SVM,unconscious,unconscious,False,Image,False,3,5,8,4
1621,sub-06,lh-superiorfrontal,0.8214285714285714,0.6071428571428571,0.7999999999999999,0.674176313336553,None + Linear-SVM,unconscious,unconscious,False,Image,False,6,6,2,1
1622,sub-06,lh-superiorfrontal,0.5918367346938775,0.0,0.4615384615384615,0.6857242714180481,None + Linear-SVM,unconscious,unconscious,False,Image,False,4,3,4,3
1623,sub-06,lh-superiorfrontal,0.2142857142857143,-0.47809144373375745,0.0,0.6687769178299834,None + Linear-SVM,unconscious,unconscious,False,Image,False,3,0,2,4
1624,sub-06,lh-superiorfrontal,0.5,-0.02857142857142857,0.47058823529411764,0.7174443965834068,None + Linear-SVM,unconscious,unconscious,False,Image,False,4,4,6,3
1625,sub-06,lh-superiorfrontal,0.4444444444444445,-0.09759000729485331,0.4,0.7116594384016126,None + Linear-SVM,unconscious,unconscious,False,Image,False,4,3,6,3
1626,sub-06,lh-superiorfrontal,0.6000000000000001,-0.02857142857142857,0.4000000000000001,0.6731272521136583,None + Linear-SVM,unconscious,unconscious,False,Image,False,4,2,3,3
1627,sub-06,lh-superiorfrontal,0.5142857142857143,-0.02857142857142857,0.47058823529411764,0.7062964133976632,None + Linear-SVM,unconscious,unconscious,False,Image,False,4,4,6,3
1628,sub-06,lh-superiorfrontal,0.36363636363636365,-0.20385887657505022,0.4210526315789474,0.7328464081202405,None + Linear-SVM,unconscious,unconscious,False,Image,False,3,4,7,4
1629,sub-06,lh-superiorfrontal,0.7619047619047619,0.2182178902359924,0.4,0.6549747451682268,None + Linear-SVM,unconscious,unconscious,False,Image,False,6,1,2,1
1630,sub-06,lh-superiorfrontal,0.5714285714285714,0.07142857142857142,0.5333333333333333,0.7038661867510456,None + Linear-SVM,unconscious,unconscious,False,Image,False,4,4,4,3
1631,sub-06,lh-superiorfrontal,0.7428571428571429,0.1690308509457033,0.5454545454545454,0.6620509940975786,None + Linear-SVM,unconscious,unconscious,False,Image,False,4,3,2,3
1632,sub-06,lh-superiorfrontal,0.8979591836734694,0.5773502691896257,0.7692307692307692,0.66083847874932,None + Linear-SVM,unconscious,unconscious,False,Image,False,6,5,2,1
1633,sub-06,lh-superiorfrontal,0.35,-0.35,0.25,0.7069730857463818,None + Linear-SVM,unconscious,unconscious,False,Image,False,2,1,3,3
1634,sub-06,lh-superiorfrontal,0.5,0.0,0.5,0.7139981460387588,None + Linear-SVM,unconscious,unconscious,False,Image,False,3,4,6,2
1635,sub-06,lh-superiorfrontal,0.125,-0.35,0.3076923076923077,0.7819636080838516,None + Linear-SVM,unconscious,unconscious,False,Image,False,2,2,6,3
1636,sub-06,lh-superiorfrontal,0.4571428571428571,0.02857142857142857,0.5,0.7182512498068873,None + Linear-SVM,unconscious,unconscious,False,Image,False,3,3,4,2
1637,sub-06,lh-superiorfrontal,0.44999999999999996,-0.15811388300841897,0.28571428571428575,0.6934325599314932,None + Linear-SVM,unconscious,unconscious,False,Image,False,3,1,3,2
1638,sub-06,lh-superiorfrontal,0.49999999999999994,0.09759000729485333,0.5714285714285715,0.7017099491933797,None + Linear-SVM,unconscious,unconscious,False,Image,False,3,4,4,2
1639,sub-06,lh-superiorfrontal,0.3428571428571428,-0.11952286093343936,0.36363636363636365,0.7247022947578338,None + Linear-SVM,unconscious,unconscious,False,Image,False,3,2,5,2
1640,sub-06,lh-superiorfrontal,0.2666666666666666,-0.6,0.0,0.7196019493938663,None + Linear-SVM,unconscious,unconscious,False,Image,False,2,0,3,3
1641,sub-06,lh-superiorfrontal,0.39999999999999997,-0.2182178902359924,0.25,0.705592373324438,None + Linear-SVM,unconscious,unconscious,False,Image,False,3,1,4,2
1642,sub-06,lh-superiorfrontal,0.42,0.0,0.5,0.7222757005123306,None + Linear-SVM,unconscious,unconscious,False,Image,False,3,4,6,2
1643,sub-06,lh-superiorfrontal,0.44000000000000006,0.0,0.4444444444444445,0.7082467540447046,None + Linear-SVM,unconscious,unconscious,False,Image,False,3,2,3,2
1644,sub-06,lh-superiorfrontal,0.2857142857142857,-0.3142857142857143,0.3333333333333333,0.7531360477843112,None + Linear-SVM,unconscious,unconscious,False,Image,False,2,2,5,3
1645,sub-06,lh-superiorfrontal,0.4181818181818182,-0.034815531191139566,0.4705882352941177,0.7286936847205074,None + Linear-SVM,unconscious,unconscious,False,Image,False,3,4,7,2
1646,sub-06,lh-superiorfrontal,0.5428571428571428,0.02857142857142857,0.5,0.6964304469812657,None + Linear-SVM,unconscious,unconscious,False,Image,False,3,3,4,2
1647,sub-06,lh-superiorfrontal,0.34,-0.18898223650461363,0.47058823529411764,0.7515541655312058,None + Linear-SVM,unconscious,unconscious,False,Image,False,2,4,6,3
1648,sub-06,lh-superiorfrontal,0.3333333333333333,-0.06666666666666667,0.3333333333333333,0.6992748432278519,None + Linear-SVM,unconscious,unconscious,False,Image,False,3,1,2,2
1649,sub-06,lh-superiorfrontal,0.6,-0.15811388300841897,0.28571428571428575,0.6778494486261454,None + Linear-SVM,unconscious,unconscious,False,Image,False,3,1,3,2
1650,sub-06,lh-superiorfrontal,0.5333333333333332,0.015430334996209192,0.5263157894736842,0.7088027256639574,None + Linear-SVM,unconscious,unconscious,False,Image,False,3,5,7,2
1651,sub-06,lh-superiorfrontal,0.43636363636363634,0.050964719143762556,0.5555555555555556,0.7398648771380731,None + Linear-SVM,unconscious,unconscious,False,Image,False,3,5,6,2
1652,sub-06,lh-superiorfrontal,0.3333333333333333,-0.2581988897471611,0.28571428571428575,0.7013494340706592,None + Linear-SVM,unconscious,unconscious,False,Image,False,2,1,2,3
1653,sub-06,lh-superiorfrontal,0.8,0.408248290463863,0.6666666666666665,0.662792759793307,None + Linear-SVM,unconscious,unconscious,False,Image,False,4,3,2,1
1654,sub-06,lh-superiorfrontal,0.16666666666666666,-0.4485426135725303,0.2,0.7563937780943815,None + Linear-SVM,unconscious,unconscious,False,Image,False,2,1,5,3
1655,sub-06,lh-superiorfrontal,0.4000000000000001,-0.2182178902359924,0.25,0.7274939756415605,None + Linear-SVM,unconscious,unconscious,False,Image,False,3,1,4,2
1656,sub-06,lh-superiorfrontal,0.3454545454545454,-0.034815531191139566,0.4705882352941177,0.7524467920455764,None + Linear-SVM,unconscious,unconscious,False,Image,False,3,4,7,2
1657,sub-06,lh-superiorfrontal,0.5,-0.15811388300841897,0.28571428571428575,0.693358098243769,None + Linear-SVM,unconscious,unconscious,False,Image,False,3,1,3,2
1658,sub-06,lh-superiorfrontal,0.31111111111111106,-0.25819888974716115,0.4,0.7338631754949695,None + Linear-SVM,unconscious,unconscious,False,Image,False,2,3,6,3
1659,sub-06,lh-superiorfrontal,0.4444444444444444,0.14907119849998599,0.6250000000000001,0.7223728223580624,None + Linear-SVM,unconscious,unconscious,False,Image,False,3,5,4,2
1660,sub-06,lh-superiorfrontal,0.45999999999999996,0.0,0.5,0.7267152655328246,None + Linear-SVM,unconscious,unconscious,False,Image,False,3,4,6,2
1661,sub-06,lh-superiorfrontal,0.4666666666666666,-0.06666666666666667,0.3333333333333333,0.6858389685337682,None + Linear-SVM,unconscious,unconscious,False,Image,False,3,1,2,2
1662,sub-06,lh-superiorfrontal,0.36,0.0,0.5,0.7428306990826353,None + Linear-SVM,unconscious,unconscious,False,Image,False,3,4,6,2
1663,sub-06,lh-superiorfrontal,0.4222222222222222,-0.06666666666666667,0.42857142857142855,0.7097532695488452,None + Linear-SVM,unconscious,unconscious,False,Image,False,3,3,6,2
1664,sub-06,lh-superiorfrontal,0.37777777777777777,-0.25819888974716115,0.4,0.7202683756081928,None + Linear-SVM,unconscious,unconscious,False,Image,False,2,3,6,3
1665,sub-06,lh-superiorfrontal,0.4181818181818181,-0.034815531191139566,0.4705882352941177,0.732879451201024,None + Linear-SVM,unconscious,unconscious,False,Image,False,3,4,7,2
1666,sub-06,lh-superiorfrontal,0.32,-0.2,0.4000000000000001,0.7241647707855909,None + Linear-SVM,unconscious,unconscious,False,Image,False,2,2,3,3
1667,sub-06,lh-superiorfrontal,0.4285714285714286,0.02857142857142857,0.5,0.7262439669178656,None + Linear-SVM,unconscious,unconscious,False,Image,False,3,3,4,2
1668,sub-06,lh-superiorfrontal,0.26153846153846155,-0.26856632724128343,0.4,0.7846757973849733,None + Linear-SVM,unconscious,unconscious,False,Image,False,2,4,9,3
1669,sub-06,lh-superiorfrontal,0.5249999999999999,-0.025,0.4615384615384615,0.6994685926827761,None + Linear-SVM,unconscious,unconscious,False,Image,False,3,3,5,2
1670,sub-06,lh-superiorfrontal,0.3999999999999999,-0.11952286093343936,0.36363636363636365,0.7227651033198725,None + Linear-SVM,unconscious,unconscious,False,Image,False,3,2,5,2
1671,sub-06,lh-superiorfrontal,0.09999999999999998,-0.5477225575051661,0.0,0.7241845573456487,None + Linear-SVM,unconscious,unconscious,False,Image,False,2,0,2,3
1672,sub-06,lh-superiorfrontal,0.3,-0.28867513459481287,0.37499999999999994,0.7550250896770335,None + Linear-SVM,unconscious,unconscious,False,Image,False,2,3,7,3
1673,sub-06,lh-superiorfrontal,0.26666666666666666,-0.37777777777777777,0.2857142857142857,0.7427262043653318,None + Linear-SVM,unconscious,unconscious,False,Image,False,2,2,7,3
1674,sub-06,lh-superiorfrontal,0.31999999999999995,-0.408248290463863,0.22222222222222224,0.723667381405987,None + Linear-SVM,unconscious,unconscious,False,Image,False,2,1,4,3
1675,sub-06,lh-superiorfrontal,0.42,-0.1,0.4,0.7393588492008669,None + Linear-SVM,unconscious,unconscious,False,Image,False,3,3,7,2
1676,sub-06,lh-superiorfrontal,0.2,-0.3133397807202561,0.3529411764705882,0.7782813179699801,None + Linear-SVM,unconscious,unconscious,False,Image,False,2,3,8,3
1677,sub-06,lh-superiorfrontal,0.4666666666666666,-0.06666666666666667,0.3333333333333333,0.6840010441330098,None + Linear-SVM,unconscious,unconscious,False,Image,False,3,1,2,2
1678,sub-06,lh-superiorfrontal,0.44999999999999996,-0.025,0.4615384615384615,0.7349297236657761,None + Linear-SVM,unconscious,unconscious,False,Image,False,3,3,5,2
1679,sub-06,lh-superiorfrontal,0.6,0.0,0.4444444444444445,0.6881305174964358,None + Linear-SVM,unconscious,unconscious,False,Image,False,3,2,3,2
1680,sub-06,lh-superiorfrontal,0.6571428571428571,0.1690308509457033,0.6153846153846153,0.6810160122867291,None + Linear-SVM,unconscious,unconscious,False,Image,False,3,4,3,2
1681,sub-06,lh-superiorfrontal,0.32142857142857145,-0.17857142857142858,0.25,0.700137046155437,None + Linear-SVM,unconscious,unconscious,False,Image,False,4,1,3,3
1682,sub-06,lh-superiorfrontal,0.4857142857142857,-0.02857142857142857,0.47058823529411764,0.7067550570080305,None + Linear-SVM,unconscious,unconscious,False,Image,False,4,4,6,3
1683,sub-06,lh-superiorfrontal,0.0892857142857143,-0.600099198148979,0.14285714285714288,0.7676917896489037,None + Linear-SVM,unconscious,unconscious,False,Image,False,2,1,7,5
1684,sub-06,lh-superiorfrontal,0.36734693877551017,0.0,0.4615384615384615,0.7139471425245346,None + Linear-SVM,unconscious,unconscious,False,Image,False,4,3,4,3
1685,sub-06,lh-superiorfrontal,0.5357142857142857,0.21428571428571427,0.5,0.6854243715302215,None + Linear-SVM,unconscious,unconscious,False,Image,False,5,2,2,2
1686,sub-06,lh-superiorfrontal,0.5178571428571429,0.21821789023599236,0.5714285714285715,0.6968440954227649,None + Linear-SVM,unconscious,unconscious,False,Image,False,5,4,4,2
1687,sub-06,lh-superiorfrontal,0.326530612244898,-0.28867513459481287,0.30769230769230765,0.7151886649496596,None + Linear-SVM,unconscious,unconscious,False,Image,False,3,2,5,4
1688,sub-06,lh-superiorfrontal,0.19047619047619047,-0.42857142857142855,0.0,0.7042637185078354,None + Linear-SVM,unconscious,unconscious,False,Image,False,4,0,3,3
1689,sub-06,lh-superiorfrontal,0.3428571428571429,-0.02857142857142857,0.4000000000000001,0.7028120043763127,None + Linear-SVM,unconscious,unconscious,False,Image,False,4,2,3,3
1690,sub-06,lh-superiorfrontal,0.42857142857142855,-0.02857142857142857,0.47058823529411764,0.7140014117011184,None + Linear-SVM,unconscious,unconscious,False,Image,False,4,4,6,3
1691,sub-06,lh-superiorfrontal,0.4571428571428572,-0.02857142857142857,0.4000000000000001,0.7014887925770346,None + Linear-SVM,unconscious,unconscious,False,Image,False,4,2,3,3
1692,sub-06,lh-superiorfrontal,0.24489795918367346,-0.42857142857142855,0.2857142857142857,0.736199564075818,None + Linear-SVM,unconscious,unconscious,False,Image,False,2,2,5,5
1693,sub-06,lh-superiorfrontal,0.40259740259740256,0.025482359571881278,0.5263157894736842,0.7159578925926243,None + Linear-SVM,unconscious,unconscious,False,Image,False,4,5,6,3
1694,sub-06,lh-superiorfrontal,0.5510204081632653,0.14907119849998599,0.5,0.6944215483830082,None + Linear-SVM,unconscious,unconscious,False,Image,False,5,3,4,2
1695,sub-06,lh-superiorfrontal,0.3142857142857143,-0.2714285714285714,0.3529411764705882,0.7363462796272464,None + Linear-SVM,unconscious,unconscious,False,Image,False,3,3,7,4
1696,sub-06,lh-superiorfrontal,0.38095238095238093,-0.0890870806374748,0.28571428571428575,0.6909296067995901,None + Linear-SVM,unconscious,unconscious,False,Image,False,4,1,2,3
1697,sub-06,lh-superiorfrontal,0.7142857142857143,0.21428571428571427,0.5,0.6759086746326933,None + Linear-SVM,unconscious,unconscious,False,Image,False,5,2,2,2
1698,sub-06,lh-superiorfrontal,0.5,-0.011631052629980886,0.5,0.7029597656322105,None + Linear-SVM,unconscious,unconscious,False,Image,False,4,5,7,3
1699,sub-06,lh-superiorfrontal,0.3896103896103896,-0.06493506493506493,0.4444444444444444,0.7301546507062063,None + Linear-SVM,unconscious,unconscious,False,Image,False,4,4,7,3
1700,sub-06,lh-superiorfrontal,0.3333333333333333,-0.0890870806374748,0.28571428571428575,0.6965561329853559,None + Linear-SVM,unconscious,unconscious,False,Image,False,4,1,2,3
1701,sub-06,lh-superiorfrontal,0.7428571428571429,0.3142857142857143,0.6,0.6658496483419188,None + Linear-SVM,unconscious,unconscious,False,Image,False,5,3,2,2
1702,sub-06,lh-superiorfrontal,0.14285714285714285,-0.5476190476190477,0.16666666666666666,0.7305544643801378,None + Linear-SVM,unconscious,unconscious,False,Image,False,2,1,5,5
1703,sub-06,lh-superiorfrontal,0.48571428571428577,-0.02857142857142857,0.4000000000000001,0.7083210042143384,None + Linear-SVM,unconscious,unconscious,False,Image,False,4,2,3,3
1704,sub-06,lh-superiorfrontal,0.24675324675324678,-0.2987012987012987,0.33333333333333326,0.7568514534788762,None + Linear-SVM,unconscious,unconscious,False,Image,False,3,3,8,4
1705,sub-06,lh-superiorfrontal,0.4642857142857143,-0.03857583749052298,0.28571428571428575,0.6899284612961497,None + Linear-SVM,unconscious,unconscious,False,Image,False,5,1,3,2
1706,sub-06,lh-superiorfrontal,0.23809523809523808,-0.23809523809523808,0.375,0.7191791376505844,None + Linear-SVM,unconscious,unconscious,False,Image,False,3,3,6,4
1707,sub-06,lh-superiorfrontal,0.38095238095238093,0.015873015873015872,0.5,0.7195907690254189,None + Linear-SVM,unconscious,unconscious,False,Image,False,4,4,5,3
1708,sub-06,lh-superiorfrontal,0.4571428571428572,0.07042952122737638,0.5555555555555556,0.7188585615401165,None + Linear-SVM,unconscious,unconscious,False,Image,False,4,5,5,3
1709,sub-06,lh-superiorfrontal,0.47619047619047616,0.047619047619047616,0.3333333333333333,0.6807566194031098,None + Linear-SVM,unconscious,unconscious,False,Image,False,5,1,2,2
1710,sub-06,lh-superiorfrontal,0.34285714285714286,-0.02857142857142857,0.47058823529411764,0.7332786021145212,None + Linear-SVM,unconscious,unconscious,False,Image,False,4,4,6,3
1711,sub-06,lh-superiorfrontal,0.4761904761904762,0.015873015873015872,0.5,0.7025377999835873,None + Linear-SVM,unconscious,unconscious,False,Image,False,4,4,5,3
1712,sub-06,lh-superiorfrontal,0.3492063492063492,-0.09759000729485331,0.4,0.7145603393084901,None + Linear-SVM,unconscious,unconscious,False,Image,False,4,3,6,3
1713,sub-06,lh-superiorfrontal,0.38961038961038963,0.025482359571881278,0.5263157894736842,0.7221873602020684,None + Linear-SVM,unconscious,unconscious,False,Image,False,4,5,6,3
1714,sub-06,lh-superiorfrontal,0.3142857142857143,-0.3142857142857143,0.3333333333333333,0.7115016479652035,None + Linear-SVM,unconscious,unconscious,False,Image,False,2,2,3,5
1715,sub-06,lh-superiorfrontal,0.4081632653061224,0.0,0.4615384615384615,0.7120179497710298,None + Linear-SVM,unconscious,unconscious,False,Image,False,4,3,4,3
1716,sub-06,lh-superiorfrontal,0.16483516483516486,-0.47075654176200415,0.2857142857142857,0.7747812805084983,None + Linear-SVM,unconscious,unconscious,False,Image,False,2,3,10,5
1717,sub-06,lh-superiorfrontal,0.5714285714285714,0.07142857142857142,0.5333333333333333,0.6918052833758783,None + Linear-SVM,unconscious,unconscious,False,Image,False,4,4,4,3
1718,sub-06,lh-superiorfrontal,0.3469387755102041,0.0,0.36363636363636365,0.7139865468439199,None + Linear-SVM,unconscious,unconscious,False,Image,False,5,2,5,2
1719,sub-06,lh-superiorfrontal,0.07142857142857145,-0.5976143046671968,0.0,0.706238691592572,None + Linear-SVM,unconscious,unconscious,False,Image,False,2,0,2,5
1720,sub-06,lh-superiorfrontal,0.2142857142857143,-0.2714285714285714,0.3529411764705882,0.7391730229822135,None + Linear-SVM,unconscious,unconscious,False,Image,False,3,3,7,4
1721,sub-06,lh-superiorfrontal,0.2857142857142857,-0.23809523809523808,0.375,0.7280119492054484,None + Linear-SVM,unconscious,unconscious,False,Image,False,3,3,6,4
1722,sub-06,lh-superiorfrontal,0.31428571428571433,-0.23904572186687872,0.22222222222222224,0.70640336631942,None + Linear-SVM,unconscious,unconscious,False,Image,False,4,1,4,3
1723,sub-06,lh-superiorfrontal,0.37142857142857144,-0.2714285714285714,0.3529411764705882,0.7285020658055756,None + Linear-SVM,unconscious,unconscious,False,Image,False,3,3,7,4
1724,sub-06,lh-superiorfrontal,0.2987012987012987,-0.20385887657505022,0.4210526315789474,0.7396007633840902,None + Linear-SVM,unconscious,unconscious,False,Image,False,3,4,7,4
1725,sub-06,lh-superiorfrontal,0.5238095238095238,0.047619047619047616,0.3333333333333333,0.6832136212462018,None + Linear-SVM,unconscious,unconscious,False,Image,False,5,1,2,2
1726,sub-06,lh-superiorfrontal,0.48214285714285704,0.07142857142857142,0.5333333333333333,0.7229461118503175,None + Linear-SVM,unconscious,unconscious,False,Image,False,4,4,4,3
1727,sub-06,lh-superiorfrontal,0.5428571428571429,-0.02857142857142857,0.4000000000000001,0.6875236728401477,None + Linear-SVM,unconscious,unconscious,False,Image,False,4,2,3,3
1728,sub-06,lh-superiorfrontal,0.673469387755102,0.28867513459481287,0.6153846153846153,0.679398885223173,None + Linear-SVM,unconscious,unconscious,False,Image,False,5,4,3,2
1729,sub-06,lh-superiorfrontal,0.47500000000000003,0.055048188256318034,0.28571428571428575,0.6812451755067795,None + Linear-SVM,unconscious,unconscious,False,Image,False,8,1,3,2
1730,sub-06,lh-superiorfrontal,0.39,-0.30151134457776363,0.3157894736842105,0.6972367112333966,None + Linear-SVM,unconscious,unconscious,False,Image,False,4,3,7,6
1731,sub-06,lh-superiorfrontal,0.12499999999999999,-0.575,0.125,0.7306287362382775,None + Linear-SVM,unconscious,unconscious,False,Image,False,3,1,7,7
1732,sub-06,lh-superiorfrontal,0.4571428571428571,-0.07042952122737638,0.39999999999999997,0.6980446280660031,None + Linear-SVM,unconscious,unconscious,False,Image,False,5,3,4,5
1733,sub-06,lh-superiorfrontal,0.475,0.09128709291752768,0.4,0.6808266601624969,None + Linear-SVM,unconscious,unconscious,False,Image,False,6,2,2,4
1734,sub-06,lh-superiorfrontal,0.55,0.20385887657505022,0.5333333333333333,0.6899177311751361,None + Linear-SVM,unconscious,unconscious,False,Image,False,7,4,4,3
1735,sub-06,lh-superiorfrontal,0.4285714285714286,-0.07042952122737638,0.39999999999999997,0.6944637547415011,None + Linear-SVM,unconscious,unconscious,False,Image,False,5,3,4,5
1736,sub-06,lh-superiorfrontal,0.3333333333333333,-0.42600643361512924,0.16666666666666666,0.6886426867399605,None + Linear-SVM,unconscious,unconscious,False,Image,False,2,1,2,8
1737,sub-06,lh-superiorfrontal,0.42000000000000004,-0.2,0.20000000000000004,0.6857403594612543,None + Linear-SVM,unconscious,unconscious,False,Image,False,6,1,4,4
1738,sub-06,lh-superiorfrontal,0.5099999999999999,0.10050378152592121,0.5263157894736842,0.7005649407925334,None + Linear-SVM,unconscious,unconscious,False,Image,False,6,5,5,4
1739,sub-06,lh-superiorfrontal,0.36,-0.09449111825230681,0.3333333333333333,0.6920613346749829,None + Linear-SVM,unconscious,unconscious,False,Image,False,5,2,3,5
1740,sub-06,lh-superiorfrontal,0.3142857142857143,-0.5142857142857142,0.23529411764705882,0.7183120078611344,None + Linear-SVM,unconscious,unconscious,False,Image,False,2,2,5,8
1741,sub-06,lh-superiorfrontal,0.41818181818181815,-0.03739787960033829,0.4210526315789474,0.706340777107012,None + Linear-SVM,unconscious,unconscious,False,Image,False,6,4,7,4
1742,sub-06,lh-superiorfrontal,0.7,0.2714285714285714,0.5714285714285714,0.6778253241190253,None + Linear-SVM,unconscious,unconscious,False,Image,False,7,4,3,3
1743,sub-06,lh-superiorfrontal,0.41,0.0,0.4444444444444445,0.7230463137807189,None + Linear-SVM,unconscious,unconscious,False,Image,False,6,4,6,4
1744,sub-06,lh-superiorfrontal,0.5,-0.05773502691896257,0.25,0.6834040332276826,None + Linear-SVM,unconscious,unconscious,False,Image,False,6,1,2,4
1745,sub-06,lh-superiorfrontal,0.75,0.18856180831641267,0.4444444444444445,0.6687221754180303,None + Linear-SVM,unconscious,unconscious,False,Image,False,7,2,2,3
1746,sub-06,lh-superiorfrontal,0.5416666666666667,-0.08333333333333333,0.45454545454545453,0.6879592603543071,None + Linear-SVM,unconscious,unconscious,False,Image,False,5,5,7,5
1747,sub-06,lh-superiorfrontal,0.4727272727272727,-0.045454545454545456,0.47619047619047616,0.7090207379968929,None + Linear-SVM,unconscious,unconscious,False,Image,False,5,5,6,5
1748,sub-06,lh-superiorfrontal,0.16666666666666663,-0.5916079783099616,0.0,0.6855194340545931,None + Linear-SVM,unconscious,unconscious,False,Image,False,3,0,3,7
1749,sub-06,lh-superiorfrontal,0.74,0.28867513459481287,0.5454545454545454,0.66041964634141,None + Linear-SVM,unconscious,unconscious,False,Image,False,7,3,2,3
1750,sub-06,lh-superiorfrontal,0.21666666666666665,-0.5163977794943222,0.14285714285714288,0.710688791452165,None + Linear-SVM,unconscious,unconscious,False,Image,False,3,1,5,7
1751,sub-06,lh-superiorfrontal,0.56,0.18898223650461363,0.5,0.6965640408894206,None + Linear-SVM,unconscious,unconscious,False,Image,False,6,3,2,4
1752,sub-06,lh-superiorfrontal,0.2636363636363636,-0.42727272727272725,0.28571428571428564,0.7309990641115038,None + Linear-SVM,unconscious,unconscious,False,Image,False,3,3,8,7
1753,sub-06,lh-superiorfrontal,0.475,0.055048188256318034,0.28571428571428575,0.677169812294262,None + Linear-SVM,unconscious,unconscious,False,Image,False,8,1,3,2
1754,sub-06,lh-superiorfrontal,0.3666666666666667,-0.06900655593423542,0.375,0.7017135507465493,None + Linear-SVM,unconscious,unconscious,False,Image,False,6,3,6,4
1755,sub-06,lh-superiorfrontal,0.4888888888888888,0.15555555555555556,0.5555555555555556,0.700940182333371,None + Linear-SVM,unconscious,unconscious,False,Image,False,6,5,4,4
1756,sub-06,lh-superiorfrontal,0.45000000000000007,0.10482848367219183,0.47058823529411764,0.706172611994172,None + Linear-SVM,unconscious,unconscious,False,Image,False,7,4,6,3
1757,sub-06,lh-superiorfrontal,0.5666666666666667,0.13333333333333333,0.3333333333333333,0.6808651774497356,None + Linear-SVM,unconscious,unconscious,False,Image,False,8,1,2,2
1758,sub-06,lh-superiorfrontal,0.36,-0.10050378152592121,0.4210526315789474,0.7140198179435421,None + Linear-SVM,unconscious,unconscious,False,Image,False,5,4,6,5
1759,sub-06,lh-superiorfrontal,0.5333333333333333,0.044946657497549475,0.47058823529411764,0.6920243860341407,None + Linear-SVM,unconscious,unconscious,False,Image,False,6,4,5,4
1760,sub-06,lh-superiorfrontal,0.5222222222222223,0.044946657497549475,0.47058823529411764,0.6902317160410781,None + Linear-SVM,unconscious,unconscious,False,Image,False,6,4,5,4
1761,sub-06,lh-superiorfrontal,0.3909090909090909,-0.13762047064079508,0.39999999999999997,0.711220885910104,None + Linear-SVM,unconscious,unconscious,False,Image,False,5,4,7,5
1762,sub-06,lh-superiorfrontal,0.34,-0.2,0.20000000000000004,0.6973533771966441,None + Linear-SVM,unconscious,unconscious,False,Image,False,6,1,4,4
1763,sub-06,lh-superiorfrontal,0.4,-0.1690308509457033,0.375,0.705910873690787,None + Linear-SVM,unconscious,unconscious,False,Image,False,4,3,4,6
1764,sub-06,lh-superiorfrontal,0.17692307692307693,-0.46923076923076923,0.2608695652173913,0.7597041669295048,None + Linear-SVM,unconscious,unconscious,False,Image,False,3,3,10,7
1765,sub-06,lh-superiorfrontal,0.5625,0.1,0.5,0.6869238913261949,None + Linear-SVM,unconscious,unconscious,False,Image,False,6,4,4,4
1766,sub-06,lh-superiorfrontal,0.4428571428571428,-0.2714285714285714,0.3529411764705882,0.6953840569145772,None + Linear-SVM,unconscious,unconscious,False,Image,False,3,3,4,7
1767,sub-06,lh-superiorfrontal,0.09999999999999998,-0.5291502622129182,0.0,0.6883664207589951,None + Linear-SVM,unconscious,unconscious,False,Image,False,3,0,2,7
1768,sub-06,lh-superiorfrontal,0.2,-0.502518907629606,0.2105263157894737,0.7283590788665897,None + Linear-SVM,unconscious,unconscious,False,Image,False,3,2,8,7
1769,sub-06,lh-superiorfrontal,0.2444444444444444,-0.4777777777777778,0.2222222222222222,0.7126930655595578,None + Linear-SVM,unconscious,unconscious,False,Image,False,3,2,7,7
1770,sub-06,lh-superiorfrontal,0.38,-0.2,0.20000000000000004,0.6920741083238187,None + Linear-SVM,unconscious,unconscious,False,Image,False,6,1,4,4
1771,sub-06,lh-superiorfrontal,0.38,-0.10482848367219183,0.3529411764705882,0.7138919277784614,None + Linear-SVM,unconscious,unconscious,False,Image,False,6,3,7,4
1772,sub-06,lh-superiorfrontal,0.20909090909090908,-0.3302891295379082,0.3,0.7386317733715471,None + Linear-SVM,unconscious,unconscious,False,Image,False,4,3,8,6
1773,sub-06,lh-superiorfrontal,0.5333333333333333,-0.05773502691896257,0.25,0.6770446470297184,None + Linear-SVM,unconscious,unconscious,False,Image,False,6,1,2,4
1774,sub-06,lh-superiorfrontal,0.4,-0.22360679774997896,0.35294117647058826,0.7164139100090345,None + Linear-SVM,unconscious,unconscious,False,Image,False,4,3,5,6
1775,sub-06,lh-superiorfrontal,0.52,0.0,0.3636363636363636,0.6789235660267688,None + Linear-SVM,unconscious,unconscious,False,Image,False,6,2,3,4
1776,sub-06,lh-superiorfrontal,0.7142857142857142,0.2714285714285714,0.5714285714285714,0.6723494880573967,None + Linear-SVM,unconscious,unconscious,False,Image,False,7,4,3,3
1777,sub-06,lh-superiorfrontal,0.40625,-0.125,0.25,0.6956507066591225,None + Linear-SVM,unconscious,unconscious,False,Image,False,5,1,3,3
1778,sub-06,lh-superiorfrontal,0.4375,-0.1,0.4444444444444445,0.713357856322543,None + Linear-SVM,unconscious,unconscious,False,Image,False,4,4,6,4
1779,sub-06,lh-superiorfrontal,0.15625,-0.5163977794943222,0.14285714285714288,0.7663503861536884,None + Linear-SVM,unconscious,unconscious,False,Image,False,3,1,7,5
1780,sub-06,lh-superiorfrontal,0.35714285714285715,-0.19642857142857142,0.39999999999999997,0.7134396350733525,None + Linear-SVM,unconscious,unconscious,False,Image,False,3,3,4,5
1781,sub-06,lh-superiorfrontal,0.625,0.3535533905932738,0.6,0.6831743998167042,None + Linear-SVM,unconscious,unconscious,False,Image,False,5,3,1,3
1782,sub-06,lh-superiorfrontal,0.453125,0.1259881576697424,0.5333333333333333,0.7020289231839929,None + Linear-SVM,unconscious,unconscious,False,Image,False,5,4,4,3
1783,sub-06,lh-superiorfrontal,0.39285714285714285,0.05455447255899809,0.4615384615384615,0.7143930096384777,None + Linear-SVM,unconscious,unconscious,False,Image,False,5,3,4,3
1784,sub-06,lh-superiorfrontal,0.25,-0.38575837490522974,0.2,0.70607783503361,None + Linear-SVM,unconscious,unconscious,False,Image,False,2,1,2,6
1785,sub-06,lh-superiorfrontal,0.475,0.025,0.4000000000000001,0.6975101348388656,None + Linear-SVM,unconscious,unconscious,False,Image,False,5,2,3,3
1786,sub-06,lh-superiorfrontal,0.4875,0.22360679774997896,0.631578947368421,0.709650659835301,None + Linear-SVM,unconscious,unconscious,False,Image,False,5,6,4,3
1787,sub-06,lh-superiorfrontal,0.5,0.21957751641341997,0.5454545454545454,0.7059792943636031,None + Linear-SVM,unconscious,unconscious,False,Image,False,5,3,2,3
1788,sub-06,lh-superiorfrontal,0.30357142857142855,-0.3392857142857143,0.2857142857142857,0.7332212826528098,None + Linear-SVM,unconscious,unconscious,False,Image,False,3,2,5,5
1789,sub-06,lh-superiorfrontal,0.37499999999999994,-0.13636363636363635,0.4210526315789474,0.7145110581339854,None + Linear-SVM,unconscious,unconscious,False,Image,False,4,4,7,4
1790,sub-06,lh-superiorfrontal,0.5714285714285714,0.3392857142857143,0.6666666666666666,0.6915541250575192,None + Linear-SVM,unconscious,unconscious,False,Image,False,5,5,2,3
1791,sub-06,lh-superiorfrontal,0.3,-0.20385887657505022,0.3529411764705882,0.7511423153209249,None + Linear-SVM,unconscious,unconscious,False,Image,False,4,3,7,4
1792,sub-06,lh-superiorfrontal,0.41666666666666663,-0.03857583749052298,0.28571428571428575,0.6919007331324424,None + Linear-SVM,unconscious,unconscious,False,Image,False,5,1,2,3
1793,sub-06,lh-superiorfrontal,0.6875,0.0,0.28571428571428575,0.6740038950336982,None + Linear-SVM,unconscious,unconscious,False,Image,False,6,1,3,2
1794,sub-06,lh-superiorfrontal,0.5520833333333333,0.041666666666666664,0.5,0.6976369731061677,None + Linear-SVM,unconscious,unconscious,False,Image,False,5,5,7,3
1795,sub-06,lh-superiorfrontal,0.43181818181818177,0.07954545454545454,0.5263157894736842,0.7220379971652346,None + Linear-SVM,unconscious,unconscious,False,Image,False,5,5,6,3
1796,sub-06,lh-superiorfrontal,0.41666666666666663,-0.03857583749052298,0.28571428571428575,0.6967045484914629,None + Linear-SVM,unconscious,unconscious,False,Image,False,5,1,2,3
1797,sub-06,lh-superiorfrontal,0.75,0.35,0.6,0.6671634112043641,None + Linear-SVM,unconscious,unconscious,False,Image,False,6,3,2,2
1798,sub-06,lh-superiorfrontal,0.1875,-0.5773502691896257,0.15384615384615383,0.7414245251352529,None + Linear-SVM,unconscious,unconscious,False,Image,False,2,1,5,6
1799,sub-06,lh-superiorfrontal,0.425,0.025,0.4000000000000001,0.723325418062944,None + Linear-SVM,unconscious,unconscious,False,Image,False,5,2,3,3
1800,sub-06,lh-superiorfrontal,0.2727272727272727,-0.3522727272727273,0.3157894736842105,0.7540481799716879,None + Linear-SVM,unconscious,unconscious,False,Image,False,3,3,8,5
1801,sub-06,lh-superiorfrontal,0.46875,-0.125,0.25,0.6988671339207372,None + Linear-SVM,unconscious,unconscious,False,Image,False,5,1,3,3
1802,sub-06,lh-superiorfrontal,0.3055555555555555,-0.1690308509457033,0.375,0.726349320840801,None + Linear-SVM,unconscious,unconscious,False,Image,False,4,3,6,4
1803,sub-06,lh-superiorfrontal,0.4444444444444444,0.18055555555555555,0.5882352941176471,0.7188924190139213,None + Linear-SVM,unconscious,unconscious,False,Image,False,5,5,4,3
1804,sub-06,lh-superiorfrontal,0.47500000000000003,0.025482359571881278,0.47058823529411764,0.7119661766525387,None + Linear-SVM,unconscious,unconscious,False,Image,False,5,4,6,3
1805,sub-06,lh-superiorfrontal,0.41666666666666663,-0.03857583749052298,0.28571428571428575,0.6994401097517872,None + Linear-SVM,unconscious,unconscious,False,Image,False,5,1,2,3
1806,sub-06,lh-superiorfrontal,0.3125,-0.20385887657505022,0.3529411764705882,0.7295349334329778,None + Linear-SVM,unconscious,unconscious,False,Image,False,4,3,7,4
1807,sub-06,lh-superiorfrontal,0.5,0.07042952122737638,0.5,0.6980682494893947,None + Linear-SVM,unconscious,unconscious,False,Image,False,5,4,5,3
1808,sub-06,lh-superiorfrontal,0.4583333333333333,0.07042952122737638,0.5,0.7044826507579983,None + Linear-SVM,unconscious,unconscious,False,Image,False,5,4,5,3
1809,sub-06,lh-superiorfrontal,0.3977272727272727,-0.13636363636363635,0.4210526315789474,0.719541886069065,None + Linear-SVM,unconscious,unconscious,False,Image,False,4,4,7,4
1810,sub-06,lh-superiorfrontal,0.275,-0.18446619684315546,0.22222222222222224,0.719729008021855,None + Linear-SVM,unconscious,unconscious,False,Image,False,5,1,4,3
1811,sub-06,lh-superiorfrontal,0.35714285714285715,-0.21821789023599236,0.30769230769230765,0.7239969592707197,None + Linear-SVM,unconscious,unconscious,False,Image,False,4,2,5,4
1812,sub-06,lh-superiorfrontal,0.24038461538461536,-0.31137618438976383,0.3636363636363637,0.7806632354332553,None + Linear-SVM,unconscious,unconscious,False,Image,False,3,4,9,5
1813,sub-06,lh-superiorfrontal,0.5625,0.25,0.625,0.6891284333761172,None + Linear-SVM,unconscious,unconscious,False,Image,False,5,5,3,3
1814,sub-06,lh-superiorfrontal,0.42857142857142855,-0.21821789023599236,0.30769230769230765,0.706143348054752,None + Linear-SVM,unconscious,unconscious,False,Image,False,4,2,5,4
1815,sub-06,lh-superiorfrontal,0.0625,-0.6123724356957946,0.0,0.716683101467489,None + Linear-SVM,unconscious,unconscious,False,Image,False,2,0,2,6
1816,sub-06,lh-superiorfrontal,0.1875,-0.575,0.3,0.7478094676422065,None + Linear-SVM,unconscious,unconscious,False,Image,False,1,3,7,7
1817,sub-06,lh-superiorfrontal,0.3333333333333333,-0.1690308509457033,0.375,0.7317242758626188,None + Linear-SVM,unconscious,unconscious,False,Image,False,4,3,6,4
1818,sub-06,lh-superiorfrontal,0.35,-0.3,0.20000000000000004,0.7165274168723713,None + Linear-SVM,unconscious,unconscious,False,Image,False,4,1,4,4
1819,sub-06,lh-superiorfrontal,0.3625,-0.1,0.4444444444444445,0.7311729897061262,None + Linear-SVM,unconscious,unconscious,False,Image,False,4,4,6,4
1820,sub-06,lh-superiorfrontal,0.3181818181818182,-0.13636363636363635,0.4210526315789474,0.7448073372178257,None + Linear-SVM,unconscious,unconscious,False,Image,False,4,4,7,4
1821,sub-06,lh-superiorfrontal,0.5416666666666666,-0.03857583749052298,0.28571428571428575,0.6899207249084588,None + Linear-SVM,unconscious,unconscious,False,Image,False,5,1,2,3
1822,sub-06,lh-superiorfrontal,0.390625,0.0,0.42857142857142855,0.7427336605885128,None + Linear-SVM,unconscious,unconscious,False,Image,False,5,3,5,3
1823,sub-06,lh-superiorfrontal,0.49999999999999994,0.025,0.4000000000000001,0.6978893076509934,None + Linear-SVM,unconscious,unconscious,False,Image,False,5,2,3,3
1824,sub-06,lh-superiorfrontal,0.6964285714285714,0.18898223650461363,0.5,0.6702737763894427,None + Linear-SVM,unconscious,unconscious,False,Image,False,6,3,4,2
1825,sub-06,lh-superiorfrontal,0.4444444444444445,-0.18446619684315546,0.22222222222222224,0.6814436261139593,None + Linear-SVM,unconscious,unconscious,False,Image,False,5,1,3,4
1826,sub-06,lh-superiorfrontal,0.5666666666666667,0.15555555555555556,0.6,0.6939166103452831,None + Linear-SVM,unconscious,unconscious,False,Image,False,5,6,4,4
1827,sub-06,lh-superiorfrontal,0.2777777777777778,-0.4166666666666667,0.25,0.7605097501200992,None + Linear-SVM,unconscious,unconscious,False,Image,False,3,2,6,6
1828,sub-06,lh-superiorfrontal,0.4920634920634921,-0.015873015873015872,0.42857142857142855,0.6945059634940742,None + Linear-SVM,unconscious,unconscious,False,Image,False,5,3,4,4
1829,sub-06,lh-superiorfrontal,0.6944444444444444,0.2777777777777778,0.5,0.6699413945129897,None + Linear-SVM,unconscious,unconscious,False,Image,False,7,2,2,2
1830,sub-06,lh-superiorfrontal,0.6527777777777778,0.29012942659282975,0.5714285714285715,0.6836798031185052,None + Linear-SVM,unconscious,unconscious,False,Image,False,7,4,4,2
1831,sub-06,lh-superiorfrontal,0.5555555555555556,-0.015873015873015872,0.42857142857142855,0.6919837741310851,None + Linear-SVM,unconscious,unconscious,False,Image,False,5,3,4,4
1832,sub-06,lh-superiorfrontal,0.37037037037037035,-0.29277002188455997,0.2,0.6830051446261609,None + Linear-SVM,unconscious,unconscious,False,Image,False,3,1,2,6
1833,sub-06,lh-superiorfrontal,0.5333333333333333,-0.04303314829119352,0.3636363636363636,0.6895008138774527,None + Linear-SVM,unconscious,unconscious,False,Image,False,5,2,3,4
1834,sub-06,lh-superiorfrontal,0.5666666666666667,0.15555555555555556,0.6,0.695406864315348,None + Linear-SVM,unconscious,unconscious,False,Image,False,5,6,4,4
1835,sub-06,lh-superiorfrontal,0.4666666666666667,-0.04303314829119352,0.3636363636363636,0.689777759598629,None + Linear-SVM,unconscious,unconscious,False,Image,False,5,2,3,4
1836,sub-06,lh-superiorfrontal,0.4126984126984127,-0.2698412698412698,0.2857142857142857,0.7249920647767578,None + Linear-SVM,unconscious,unconscious,False,Image,False,4,2,5,5
1837,sub-06,lh-superiorfrontal,0.5151515151515151,0.010101010101010102,0.5,0.7017112871049659,None + Linear-SVM,unconscious,unconscious,False,Image,False,5,5,6,4
1838,sub-06,lh-superiorfrontal,0.6984126984126984,0.23809523809523808,0.5714285714285714,0.6723527746797038,None + Linear-SVM,unconscious,unconscious,False,Image,False,6,4,3,3
1839,sub-06,lh-superiorfrontal,0.45555555555555555,-0.044946657497549475,0.4444444444444445,0.7209420506403412,None + Linear-SVM,unconscious,unconscious,False,Image,False,5,4,6,4
1840,sub-06,lh-superiorfrontal,0.5925925925925926,0.0,0.28571428571428575,0.673879718724845,None + Linear-SVM,unconscious,unconscious,False,Image,False,6,1,2,3
1841,sub-06,lh-superiorfrontal,0.7777777777777778,0.2777777777777778,0.5,0.6588718425499235,None + Linear-SVM,unconscious,unconscious,False,Image,False,7,2,2,2
1842,sub-06,lh-superiorfrontal,0.6296296296296297,0.08492077756084468,0.5,0.684032912666631,None + Linear-SVM,unconscious,unconscious,False,Image,False,6,5,7,3
1843,sub-06,lh-superiorfrontal,0.5353535353535352,0.10050378152592121,0.5714285714285713,0.7147237361202872,None + Linear-SVM,unconscious,unconscious,False,Image,False,5,6,5,4
1844,sub-06,lh-superiorfrontal,0.4444444444444444,-0.09759000729485331,0.25,0.6803525426764708,None + Linear-SVM,unconscious,unconscious,False,Image,False,5,1,2,4
1845,sub-06,lh-superiorfrontal,0.7555555555555555,0.25819888974716115,0.5454545454545454,0.6466469436528729,None + Linear-SVM,unconscious,unconscious,False,Image,False,6,3,2,3
1846,sub-06,lh-superiorfrontal,0.3703703703703704,-0.21821789023599236,0.30769230769230765,0.7123473959824318,None + Linear-SVM,unconscious,unconscious,False,Image,False,4,2,4,5
1847,sub-06,lh-superiorfrontal,0.48888888888888893,-0.04303314829119352,0.3636363636363636,0.7002408513161039,None + Linear-SVM,unconscious,unconscious,False,Image,False,5,2,3,4
1848,sub-06,lh-superiorfrontal,0.41414141414141414,-0.08206099398622181,0.4210526315789474,0.7308533445652443,None + Linear-SVM,unconscious,unconscious,False,Image,False,5,4,7,4
1849,sub-06,lh-superiorfrontal,0.5277777777777778,-0.05143444998736397,0.36363636363636365,0.671729666627492,None + Linear-SVM,unconscious,unconscious,False,Image,False,4,2,2,5
1850,sub-06,lh-superiorfrontal,0.5061728395061729,0.0,0.47058823529411764,0.7025077484864295,None + Linear-SVM,unconscious,unconscious,False,Image,False,5,4,5,4
1851,sub-06,lh-superiorfrontal,0.5555555555555556,0.22360679774997896,0.5882352941176471,0.6953772856563954,None + Linear-SVM,unconscious,unconscious,False,Image,False,6,5,4,3
1852,sub-06,lh-superiorfrontal,0.5555555555555556,-0.044946657497549475,0.4444444444444445,0.6989086722339252,None + Linear-SVM,unconscious,unconscious,False,Image,False,5,4,6,4
1853,sub-06,lh-superiorfrontal,0.6296296296296295,0.25819888974716115,0.4,0.6708243356748075,None + Linear-SVM,unconscious,unconscious,False,Image,False,8,1,2,1
1854,sub-06,lh-superiorfrontal,0.5333333333333333,0.05555555555555555,0.5263157894736842,0.7197038988151228,None + Linear-SVM,unconscious,unconscious,False,Image,False,5,5,5,4
1855,sub-06,lh-superiorfrontal,0.6419753086419753,0.1111111111111111,0.5555555555555556,0.6824261618562256,None + Linear-SVM,unconscious,unconscious,False,Image,False,5,5,4,4
1856,sub-06,lh-superiorfrontal,0.5925925925925926,0.11396057645963795,0.5,0.6929664216985689,None + Linear-SVM,unconscious,unconscious,False,Image,False,6,4,5,3
1857,sub-06,lh-superiorfrontal,0.5454545454545454,0.10050378152592121,0.5714285714285713,0.7038624595045297,None + Linear-SVM,unconscious,unconscious,False,Image,False,5,6,5,4
1858,sub-06,lh-superiorfrontal,0.4444444444444445,-0.04303314829119352,0.3636363636363636,0.7028941994199664,None + Linear-SVM,unconscious,unconscious,False,Image,False,5,2,3,4
1859,sub-06,lh-superiorfrontal,0.4920634920634921,-0.015873015873015872,0.42857142857142855,0.7005681015589924,None + Linear-SVM,unconscious,unconscious,False,Image,False,5,3,4,4
1860,sub-06,lh-superiorfrontal,0.36752136752136755,-0.09245003270420485,0.4999999999999999,0.7568673640338953,None + Linear-SVM,unconscious,unconscious,False,Image,False,4,6,7,5
1861,sub-06,lh-superiorfrontal,0.6111111111111112,0.04351941398892446,0.42857142857142855,0.6778980450561303,None + Linear-SVM,unconscious,unconscious,False,Image,False,6,3,5,3
1862,sub-06,lh-superiorfrontal,0.5238095238095238,-0.015873015873015872,0.42857142857142855,0.6953398590934211,None + Linear-SVM,unconscious,unconscious,False,Image,False,5,3,4,4
1863,sub-06,lh-superiorfrontal,0.2777777777777778,-0.43033148291193524,0.0,0.6825754099185208,None + Linear-SVM,unconscious,unconscious,False,Image,False,4,0,2,5
1864,sub-06,lh-superiorfrontal,0.34444444444444444,-0.2584432806109095,0.33333333333333326,0.7341497475257279,None + Linear-SVM,unconscious,unconscious,False,Image,False,4,3,7,5
1865,sub-06,lh-superiorfrontal,0.49382716049382713,0.0,0.47058823529411764,0.7080396751084217,None + Linear-SVM,unconscious,unconscious,False,Image,False,5,4,5,4
1866,sub-06,lh-superiorfrontal,0.4444444444444444,-0.14907119849998599,0.3333333333333333,0.6913896440534507,None + Linear-SVM,unconscious,unconscious,False,Image,False,4,2,3,5
1867,sub-06,lh-superiorfrontal,0.4666666666666667,-0.044946657497549475,0.4444444444444445,0.717280119138481,None + Linear-SVM,unconscious,unconscious,False,Image,False,5,4,6,4
1868,sub-06,lh-superiorfrontal,0.38383838383838387,-0.1919191919191919,0.39999999999999997,0.7317221913398664,None + Linear-SVM,unconscious,unconscious,False,Image,False,4,4,7,5
1869,sub-06,lh-superiorfrontal,0.6666666666666666,0.0,0.28571428571428575,0.6698045791416835,None + Linear-SVM,unconscious,unconscious,False,Image,False,6,1,2,3
1870,sub-06,lh-superiorfrontal,0.5416666666666667,0.1690308509457033,0.5333333333333333,0.7120419843336608,None + Linear-SVM,unconscious,unconscious,False,Image,False,6,4,4,3
1871,sub-06,lh-superiorfrontal,0.6666666666666666,0.14907119849998599,0.5,0.668679489924603,None + Linear-SVM,unconscious,unconscious,False,Image,False,5,3,2,4
1872,sub-06,lh-superiorfrontal,0.8095238095238095,0.49206349206349204,0.7142857142857143,0.655708413437447,None + Linear-SVM,unconscious,unconscious,False,Image,False,7,5,2,2
1873,sub-06,lh-superiorfrontal,0.375,-0.125,0.25,0.6869580037706315,None + Linear-SVM,unconscious,unconscious,False,Image,False,5,1,3,3
1874,sub-06,lh-superiorfrontal,0.5,-0.1941450686788302,0.26666666666666666,0.7033379002066709,None + Linear-SVM,unconscious,unconscious,False,Image,False,5,2,8,3
1875,sub-06,lh-superiorfrontal,0.15625,-0.3779644730092272,0.26666666666666666,0.7474454902702431,None + Linear-SVM,unconscious,unconscious,False,Image,False,3,2,6,5
1876,sub-06,lh-superiorfrontal,0.42857142857142855,0.05455447255899809,0.4615384615384615,0.6982599510959896,None + Linear-SVM,unconscious,unconscious,False,Image,False,5,3,4,3
1877,sub-06,lh-superiorfrontal,0.5,0.11952286093343936,0.4444444444444445,0.6831456479286323,None + Linear-SVM,unconscious,unconscious,False,Image,False,5,2,2,3
1878,sub-06,lh-superiorfrontal,0.515625,0.1259881576697424,0.5333333333333333,0.6938687213648997,None + Linear-SVM,unconscious,unconscious,False,Image,False,5,4,4,3
1879,sub-06,lh-superiorfrontal,0.4464285714285714,-0.07142857142857142,0.42857142857142855,0.6995473120570892,None + Linear-SVM,unconscious,unconscious,False,Image,False,4,3,4,4
1880,sub-06,lh-superiorfrontal,0.25,-0.38575837490522974,0.2,0.6946866800825883,None + Linear-SVM,unconscious,unconscious,False,Image,False,2,1,2,6
1881,sub-06,lh-superiorfrontal,0.425,-0.09759000729485333,0.3636363636363636,0.6936242956982527,None + Linear-SVM,unconscious,unconscious,False,Image,False,4,2,3,4
1882,sub-06,lh-superiorfrontal,0.4125,-0.1,0.4444444444444445,0.7120027766795911,None + Linear-SVM,unconscious,unconscious,False,Image,False,4,4,6,4
1883,sub-06,lh-superiorfrontal,0.525,0.21957751641341997,0.5454545454545454,0.6833056451820435,None + Linear-SVM,unconscious,unconscious,False,Image,False,5,3,2,3
1884,sub-06,lh-superiorfrontal,0.2857142857142857,-0.3392857142857143,0.2857142857142857,0.7208823099264524,None + Linear-SVM,unconscious,unconscious,False,Image,False,3,2,5,5
1885,sub-06,lh-superiorfrontal,0.46590909090909094,-0.044946657497549475,0.5,0.7097215877826689,None + Linear-SVM,unconscious,unconscious,False,Image,False,4,5,6,4
1886,sub-06,lh-superiorfrontal,0.6785714285714286,0.18898223650461363,0.5,0.6741387802446183,None + Linear-SVM,unconscious,unconscious,False,Image,False,6,3,4,2
1887,sub-06,lh-superiorfrontal,0.375,-0.1,0.4444444444444445,0.7258994733202183,None + Linear-SVM,unconscious,unconscious,False,Image,False,4,4,6,4
1888,sub-06,lh-superiorfrontal,0.41666666666666663,-0.14907119849998599,0.25,0.6841065983496107,None + Linear-SVM,unconscious,unconscious,False,Image,False,4,1,2,4
1889,sub-06,lh-superiorfrontal,0.65625,0.11952286093343936,0.4444444444444445,0.6701688402391284,None + Linear-SVM,unconscious,unconscious,False,Image,False,5,2,2,3
1890,sub-06,lh-superiorfrontal,0.6041666666666667,0.12309149097933272,0.5714285714285715,0.6953160228304285,None + Linear-SVM,unconscious,unconscious,False,Image,False,5,6,6,3
1891,sub-06,lh-superiorfrontal,0.46590909090909094,0.07954545454545454,0.5263157894736842,0.716838829246337,None + Linear-SVM,unconscious,unconscious,False,Image,False,5,5,6,3
1892,sub-06,lh-superiorfrontal,0.37499999999999994,-0.14907119849998599,0.25,0.6880726046213251,None + Linear-SVM,unconscious,unconscious,False,Image,False,4,1,2,4
1893,sub-06,lh-superiorfrontal,0.7,0.35,0.6,0.6629560823733784,None + Linear-SVM,unconscious,unconscious,False,Image,False,6,3,2,2
1894,sub-06,lh-superiorfrontal,0.25,-0.4583333333333333,0.16666666666666666,0.7112868907517093,None + Linear-SVM,unconscious,unconscious,False,Image,False,3,1,5,5
1895,sub-06,lh-superiorfrontal,0.55,0.21957751641341997,0.5454545454545454,0.6993002191959803,None + Linear-SVM,unconscious,unconscious,False,Image,False,5,3,2,3
1896,sub-06,lh-superiorfrontal,0.32954545454545453,-0.13636363636363635,0.4210526315789474,0.7347274252977658,None + Linear-SVM,unconscious,unconscious,False,Image,False,4,4,7,4
1897,sub-06,lh-superiorfrontal,0.5,-0.125,0.25,0.6759580386227996,None + Linear-SVM,unconscious,unconscious,False,Image,False,5,1,3,3
1898,sub-06,lh-superiorfrontal,0.3333333333333333,-0.1690308509457033,0.375,0.7150150753236042,None + Linear-SVM,unconscious,unconscious,False,Image,False,4,3,6,4
1899,sub-06,lh-superiorfrontal,0.41666666666666663,0.07042952122737638,0.5,0.7100348818138634,None + Linear-SVM,unconscious,unconscious,False,Image,False,5,4,5,3
1900,sub-06,lh-superiorfrontal,0.5249999999999999,0.125,0.5555555555555556,0.7106883192720885,None + Linear-SVM,unconscious,unconscious,False,Image,False,5,5,5,3
1901,sub-06,lh-superiorfrontal,0.5833333333333333,0.24056261216234406,0.4,0.6716946666612599,None + Linear-SVM,unconscious,unconscious,False,Image,False,7,1,2,1
1902,sub-06,lh-superiorfrontal,0.3375,-0.1,0.4444444444444445,0.7290222563197148,None + Linear-SVM,unconscious,unconscious,False,Image,False,4,4,6,4
1903,sub-06,lh-superiorfrontal,0.5416666666666666,0.18055555555555555,0.5882352941176471,0.6945050243247701,None + Linear-SVM,unconscious,unconscious,False,Image,False,5,5,4,3
1904,sub-06,lh-superiorfrontal,0.5138888888888888,-0.05555555555555555,0.47058823529411764,0.6999117752793012,None + Linear-SVM,unconscious,unconscious,False,Image,False,4,4,5,4
1905,sub-06,lh-superiorfrontal,0.4659090909090909,-0.044946657497549475,0.5,0.7081077256952671,None + Linear-SVM,unconscious,unconscious,False,Image,False,4,5,6,4
1906,sub-06,lh-superiorfrontal,0.32500000000000007,-0.21957751641341997,0.3333333333333333,0.7000599776068541,None + Linear-SVM,unconscious,unconscious,False,Image,False,3,2,3,5
1907,sub-06,lh-superiorfrontal,0.4107142857142857,-0.19642857142857142,0.39999999999999997,0.71008220016633,None + Linear-SVM,unconscious,unconscious,False,Image,False,3,3,4,5
1908,sub-06,lh-superiorfrontal,0.3076923076923077,-0.19230769230769232,0.380952380952381,0.760276749571698,None + Linear-SVM,unconscious,unconscious,False,Image,False,4,4,9,4
1909,sub-06,lh-superiorfrontal,0.625,0.1259881576697424,0.5333333333333333,0.6854177199552925,None + Linear-SVM,unconscious,unconscious,False,Image,False,5,4,4,3
1910,sub-06,lh-superiorfrontal,0.4642857142857143,-0.19642857142857142,0.39999999999999997,0.6952850925668891,None + Linear-SVM,unconscious,unconscious,False,Image,False,3,3,4,5
1911,sub-06,lh-superiorfrontal,0.1875,-0.5,0.0,0.6830459364638977,None + Linear-SVM,unconscious,unconscious,False,Image,False,3,0,2,5
1912,sub-06,lh-superiorfrontal,0.2875,-0.22360679774997896,0.4210526315789474,0.7280935061859451,None + Linear-SVM,unconscious,unconscious,False,Image,False,3,4,6,5
1913,sub-06,lh-superiorfrontal,0.2638888888888889,-0.408491223118783,0.25,0.7218843046557643,None + Linear-SVM,unconscious,unconscious,False,Image,False,3,2,7,5
1914,sub-06,lh-superiorfrontal,0.275,-0.4147575310031266,0.1818181818181818,0.6997475322887484,None + Linear-SVM,unconscious,unconscious,False,Image,False,3,1,4,5
1915,sub-06,lh-superiorfrontal,0.4,-0.22360679774997896,0.4210526315789474,0.720638066876441,None + Linear-SVM,unconscious,unconscious,False,Image,False,3,4,6,5
1916,sub-06,lh-superiorfrontal,0.2954545454545454,-0.2584432806109095,0.39999999999999997,0.7360449600530821,None + Linear-SVM,unconscious,unconscious,False,Image,False,3,4,7,5
1917,sub-06,lh-superiorfrontal,0.5416666666666666,-0.03857583749052298,0.28571428571428575,0.6725121766875354,None + Linear-SVM,unconscious,unconscious,False,Image,False,5,1,2,3
1918,sub-06,lh-superiorfrontal,0.53125,0.1259881576697424,0.5333333333333333,0.7116150477840294,None + Linear-SVM,unconscious,unconscious,False,Image,False,5,4,4,3
1919,sub-06,lh-superiorfrontal,0.6000000000000001,0.025,0.4000000000000001,0.6765685400833128,None + Linear-SVM,unconscious,unconscious,False,Image,False,5,2,3,3
1920,sub-06,lh-superiorfrontal,0.6964285714285714,0.18898223650461363,0.5,0.6713795597778773,None + Linear-SVM,unconscious,unconscious,False,Image,False,6,3,4,2
1921,sub-06,lh-superiorfrontal,0.55,0.0,0.36363636363636365,0.6645298036947708,None + Linear-SVM,unconscious,unconscious,False,Image,False,5,2,2,5
1922,sub-06,lh-superiorfrontal,0.61,0.10050378152592121,0.5263157894736842,0.6817364636381555,None + Linear-SVM,unconscious,unconscious,False,Image,False,6,5,5,4
1923,sub-06,lh-superiorfrontal,0.325,-0.22360679774997896,0.35294117647058826,0.7154640826622694,None + Linear-SVM,unconscious,unconscious,False,Image,False,4,3,5,6
1924,sub-06,lh-superiorfrontal,0.49999999999999994,0.02857142857142857,0.42857142857142855,0.6863818773329958,None + Linear-SVM,unconscious,unconscious,False,Image,False,6,3,4,4
1925,sub-06,lh-superiorfrontal,0.7,0.3,0.5,0.6530720360249285,None + Linear-SVM,unconscious,unconscious,False,Image,False,8,2,2,2
1926,sub-06,lh-superiorfrontal,0.6625,0.31622776601683794,0.5714285714285715,0.6718204824987419,None + Linear-SVM,unconscious,unconscious,False,Image,False,8,4,4,2
1927,sub-06,lh-superiorfrontal,0.5285714285714286,0.02857142857142857,0.42857142857142855,0.6800467544925022,None + Linear-SVM,unconscious,unconscious,False,Image,False,6,3,4,4
1928,sub-06,lh-superiorfrontal,0.5,-0.14085904245475275,0.2222222222222222,0.6635484113689135,None + Linear-SVM,unconscious,unconscious,False,Image,False,5,1,2,5
1929,sub-06,lh-superiorfrontal,0.6,0.0,0.3636363636363636,0.6660726966027487,None + Linear-SVM,unconscious,unconscious,False,Image,False,6,2,3,4
1930,sub-06,lh-superiorfrontal,0.58,0.30151134457776363,0.631578947368421,0.6888267185213255,None + Linear-SVM,unconscious,unconscious,False,Image,False,7,6,4,3
1931,sub-06,lh-superiorfrontal,0.6,0.1,0.4000000000000001,0.6690039985520383,None + Linear-SVM,unconscious,unconscious,False,Image,False,7,2,3,3
1932,sub-06,lh-superiorfrontal,0.4285714285714286,-0.3098898934004561,0.26666666666666666,0.7051647642557956,None + Linear-SVM,unconscious,unconscious,False,Image,False,4,2,5,6
1933,sub-06,lh-superiorfrontal,0.5818181818181818,-0.045454545454545456,0.47619047619047616,0.6894282035642274,None + Linear-SVM,unconscious,unconscious,False,Image,False,5,5,6,5
1934,sub-06,lh-superiorfrontal,0.7,0.3825184261187248,0.6153846153846153,0.6610543138908798,None + Linear-SVM,unconscious,unconscious,False,Image,False,8,4,3,2
1935,sub-06,lh-superiorfrontal,0.51,0.0,0.4444444444444445,0.7061389288458656,None + Linear-SVM,unconscious,unconscious,False,Image,False,6,4,6,4
1936,sub-06,lh-superiorfrontal,0.5666666666666665,0.03042903097250923,0.28571428571428575,0.6570750891298259,None + Linear-SVM,unconscious,unconscious,False,Image,False,7,1,2,3
1937,sub-06,lh-superiorfrontal,0.775,0.18856180831641267,0.4444444444444445,0.6490893676353313,None + Linear-SVM,unconscious,unconscious,False,Image,False,7,2,2,3
1938,sub-06,lh-superiorfrontal,0.6416666666666666,0.1,0.5454545454545454,0.6785202910457023,None + Linear-SVM,unconscious,unconscious,False,Image,False,6,6,6,4
1939,sub-06,lh-superiorfrontal,0.5454545454545454,0.05504818825631803,0.5,0.7023762526227058,None + Linear-SVM,unconscious,unconscious,False,Image,False,6,5,6,4
1940,sub-06,lh-superiorfrontal,0.5,-0.05773502691896257,0.25,0.6628074665296284,None + Linear-SVM,unconscious,unconscious,False,Image,False,6,1,2,4
1941,sub-06,lh-superiorfrontal,0.8,0.4,0.6,0.6405763220956947,None + Linear-SVM,unconscious,unconscious,False,Image,False,8,3,2,2
1942,sub-06,lh-superiorfrontal,0.39999999999999997,-0.16265001215808886,0.30769230769230765,0.6906394937780307,None + Linear-SVM,unconscious,unconscious,False,Image,False,5,2,4,5
1943,sub-06,lh-superiorfrontal,0.52,0.18898223650461363,0.5,0.6781022808297329,None + Linear-SVM,unconscious,unconscious,False,Image,False,6,3,2,4
1944,sub-06,lh-superiorfrontal,0.3909090909090909,-0.13762047064079508,0.39999999999999997,0.7203141693322973,None + Linear-SVM,unconscious,unconscious,False,Image,False,5,4,7,5
1945,sub-06,lh-superiorfrontal,0.6,0.0,0.36363636363636365,0.661714974823596,None + Linear-SVM,unconscious,unconscious,False,Image,False,5,2,2,5
1946,sub-06,lh-superiorfrontal,0.5333333333333333,-0.05555555555555555,0.4444444444444444,0.69094723711792,None + Linear-SVM,unconscious,unconscious,False,Image,False,5,4,5,5
1947,sub-06,lh-superiorfrontal,0.6444444444444444,0.3680349649825889,0.6250000000000001,0.6803360313832026,None + Linear-SVM,unconscious,unconscious,False,Image,False,8,5,4,2
1948,sub-06,lh-superiorfrontal,0.5900000000000001,0.10050378152592121,0.5263157894736842,0.6884683324132705,None + Linear-SVM,unconscious,unconscious,False,Image,False,6,5,5,4
1949,sub-06,lh-superiorfrontal,0.7,0.27247463045653303,0.4,0.6488924783779749,None + Linear-SVM,unconscious,unconscious,False,Image,False,9,1,2,1
1950,sub-06,lh-superiorfrontal,0.51,0.10050378152592121,0.5263157894736842,0.6998737772779902,None + Linear-SVM,unconscious,unconscious,False,Image,False,6,5,5,4
1951,sub-06,lh-superiorfrontal,0.6777777777777778,0.15555555555555556,0.5555555555555556,0.6728073328748101,None + Linear-SVM,unconscious,unconscious,False,Image,False,6,5,4,4
1952,sub-06,lh-superiorfrontal,0.6,0.044946657497549475,0.47058823529411764,0.6750855244636721,None + Linear-SVM,unconscious,unconscious,False,Image,False,6,4,5,4
1953,sub-06,lh-superiorfrontal,0.6090909090909091,-0.045454545454545456,0.47619047619047616,0.6818866344159182,None + Linear-SVM,unconscious,unconscious,False,Image,False,5,5,6,5
1954,sub-06,lh-superiorfrontal,0.4800000000000001,-0.09449111825230681,0.3333333333333333,0.6787392309734032,None + Linear-SVM,unconscious,unconscious,False,Image,False,5,2,3,5
1955,sub-06,lh-superiorfrontal,0.5,-0.07042952122737638,0.39999999999999997,0.6815370082973932,None + Linear-SVM,unconscious,unconscious,False,Image,False,5,3,4,5
1956,sub-06,lh-superiorfrontal,0.37692307692307697,-0.1953363462243731,0.3636363636363637,0.7347536077051869,None + Linear-SVM,unconscious,unconscious,False,Image,False,5,4,9,5
1957,sub-06,lh-superiorfrontal,0.7,0.325,0.625,0.6640956421398061,None + Linear-SVM,unconscious,unconscious,False,Image,False,7,5,3,3
1958,sub-06,lh-superiorfrontal,0.6,0.02857142857142857,0.42857142857142855,0.6738875175142204,None + Linear-SVM,unconscious,unconscious,False,Image,False,6,3,4,4
1959,sub-06,lh-superiorfrontal,0.25,-0.4472135954999579,0.0,0.6657286525150284,None + Linear-SVM,unconscious,unconscious,False,Image,False,4,0,2,6
1960,sub-06,lh-superiorfrontal,0.44,-0.10050378152592121,0.4210526315789474,0.7088686144051262,None + Linear-SVM,unconscious,unconscious,False,Image,False,5,4,6,5
1961,sub-06,lh-superiorfrontal,0.4888888888888889,0.05555555555555555,0.5263157894736842,0.6966872910260454,None + Linear-SVM,unconscious,unconscious,False,Image,False,5,5,4,5
1962,sub-06,lh-superiorfrontal,0.52,-0.09449111825230681,0.3333333333333333,0.6696454498618691,None + Linear-SVM,unconscious,unconscious,False,Image,False,5,2,3,5
1963,sub-06,lh-superiorfrontal,0.53,-0.10050378152592121,0.4210526315789474,0.6911655344498358,None + Linear-SVM,unconscious,unconscious,False,Image,False,5,4,6,5
1964,sub-06,lh-superiorfrontal,0.42727272727272725,0.05504818825631803,0.5,0.7147893016902171,None + Linear-SVM,unconscious,unconscious,False,Image,False,6,5,6,4
1965,sub-06,lh-superiorfrontal,0.6666666666666666,0.13333333333333333,0.3333333333333333,0.6504777734095394,None + Linear-SVM,unconscious,unconscious,False,Image,False,8,1,2,2
1966,sub-06,lh-superiorfrontal,0.525,0.1,0.5,0.6945624313484539,None + Linear-SVM,unconscious,unconscious,False,Image,False,6,4,4,4
1967,sub-06,lh-superiorfrontal,0.7,0.18898223650461363,0.5,0.6565985936013535,None + Linear-SVM,unconscious,unconscious,False,Image,False,6,3,2,4
1968,sub-06,lh-superiorfrontal,0.8428571428571429,0.5142857142857142,0.7142857142857143,0.6489190810810698,None + Linear-SVM,unconscious,unconscious,False,Image,False,8,5,2,2
1969,sub-06,lh-superiorfrontal,0.53125,0.11952286093343936,0.4444444444444445,0.6662100462899386,None + Linear-SVM,unconscious,unconscious,False,Image,False,5,2,2,3
1970,sub-06,lh-superiorfrontal,0.5625,-0.1941450686788302,0.26666666666666666,0.6900262354040364,None + Linear-SVM,unconscious,unconscious,False,Image,False,5,2,8,3
1971,sub-06,lh-superiorfrontal,0.375,-0.1259881576697424,0.39999999999999997,0.7343038426168758,None + Linear-SVM,unconscious,unconscious,False,Image,False,4,3,5,4
1972,sub-06,lh-superiorfrontal,0.5714285714285714,0.05455447255899809,0.4615384615384615,0.6833187249092739,None + Linear-SVM,unconscious,unconscious,False,Image,False,5,3,4,3
1973,sub-06,lh-superiorfrontal,0.625,0.11952286093343936,0.4444444444444445,0.6573226795702097,None + Linear-SVM,unconscious,unconscious,False,Image,False,5,2,2,3
1974,sub-06,lh-superiorfrontal,0.609375,0.1259881576697424,0.5333333333333333,0.6802024010208374,None + Linear-SVM,unconscious,unconscious,False,Image,False,5,4,4,3
1975,sub-06,lh-superiorfrontal,0.5178571428571428,-0.09449111825230681,0.3333333333333333,0.6844050146906031,None + Linear-SVM,unconscious,unconscious,False,Image,False,5,2,5,3
1976,sub-06,lh-superiorfrontal,0.4583333333333333,-0.14907119849998599,0.25,0.6698363409811058,None + Linear-SVM,unconscious,unconscious,False,Image,False,4,1,2,4
1977,sub-06,lh-superiorfrontal,0.5750000000000001,0.025,0.4000000000000001,0.6712592370089369,None + Linear-SVM,unconscious,unconscious,False,Image,False,5,2,3,3
1978,sub-06,lh-superiorfrontal,0.5375,0.125,0.5555555555555556,0.694110035327918,None + Linear-SVM,unconscious,unconscious,False,Image,False,5,5,5,3
1979,sub-06,lh-superiorfrontal,0.5,0.025,0.4000000000000001,0.6807444456509011,None + Linear-SVM,unconscious,unconscious,False,Image,False,5,2,3,3
1980,sub-06,lh-superiorfrontal,0.4642857142857143,-0.07142857142857142,0.42857142857142855,0.708680449384452,None + Linear-SVM,unconscious,unconscious,False,Image,False,4,3,4,4
1981,sub-06,lh-superiorfrontal,0.5454545454545454,-0.044946657497549475,0.5,0.6977891541160629,None + Linear-SVM,unconscious,unconscious,False,Image,False,4,5,6,4
1982,sub-06,lh-superiorfrontal,0.6428571428571428,0.19642857142857142,0.5714285714285714,0.6683909059957052,None + Linear-SVM,unconscious,unconscious,False,Image,False,5,4,3,3
1983,sub-06,lh-superiorfrontal,0.5249999999999999,0.125,0.5555555555555556,0.7132946218021291,None + Linear-SVM,unconscious,unconscious,False,Image,False,5,5,5,3
1984,sub-06,lh-superiorfrontal,0.5,-0.03857583749052298,0.28571428571428575,0.6643396338224823,None + Linear-SVM,unconscious,unconscious,False,Image,False,5,1,2,3
1985,sub-06,lh-superiorfrontal,0.65625,0.11952286093343936,0.4444444444444445,0.6511654628451519,None + Linear-SVM,unconscious,unconscious,False,Image,False,5,2,2,3
1986,sub-06,lh-superiorfrontal,0.625,0.041666666666666664,0.5,0.6878969210841083,None + Linear-SVM,unconscious,unconscious,False,Image,False,5,5,7,3
1987,sub-06,lh-superiorfrontal,0.5227272727272727,-0.044946657497549475,0.5,0.7095968645793237,None + Linear-SVM,unconscious,unconscious,False,Image,False,4,5,6,4
1988,sub-06,lh-superiorfrontal,0.5,-0.14907119849998599,0.25,0.6627251424428896,None + Linear-SVM,unconscious,unconscious,False,Image,False,4,1,2,4
1989,sub-06,lh-superiorfrontal,0.7749999999999999,0.35,0.6,0.6433048169388964,None + Linear-SVM,unconscious,unconscious,False,Image,False,6,3,2,2
1990,sub-06,lh-superiorfrontal,0.375,-0.16666666666666666,0.3333333333333333,0.7039069210890805,None + Linear-SVM,unconscious,unconscious,False,Image,False,4,2,4,4
1991,sub-06,lh-superiorfrontal,0.45,-0.18446619684315546,0.22222222222222224,0.6947029616311764,None + Linear-SVM,unconscious,unconscious,False,Image,False,5,1,4,3
1992,sub-06,lh-superiorfrontal,0.36363636363636365,-0.13636363636363635,0.4210526315789474,0.7377852483572894,None + Linear-SVM,unconscious,unconscious,False,Image,False,4,4,7,4
1993,sub-06,lh-superiorfrontal,0.5625,-0.125,0.25,0.6705231586697354,None + Linear-SVM,unconscious,unconscious,False,Image,False,5,1,3,3
1994,sub-06,lh-superiorfrontal,0.5,0.05555555555555555,0.5555555555555556,0.7069918348590838,None + Linear-SVM,unconscious,unconscious,False,Image,False,4,5,4,4
1995,sub-06,lh-superiorfrontal,0.4722222222222222,0.05555555555555555,0.5555555555555556,0.6988251701234222,None + Linear-SVM,unconscious,unconscious,False,Image,False,4,5,4,4
1996,sub-06,lh-superiorfrontal,0.5375,0.025482359571881278,0.47058823529411764,0.7015564452044125,None + Linear-SVM,unconscious,unconscious,False,Image,False,5,4,6,3
1997,sub-06,lh-superiorfrontal,0.7083333333333333,0.24056261216234406,0.4,0.6512316626463904,None + Linear-SVM,unconscious,unconscious,False,Image,False,7,1,2,1
1998,sub-06,lh-superiorfrontal,0.4625,0.1,0.6,0.7123170763428184,None + Linear-SVM,unconscious,unconscious,False,Image,False,4,6,4,4
1999,sub-06,lh-superiorfrontal,0.5694444444444444,0.18055555555555555,0.5882352941176471,0.6815694065953728,None + Linear-SVM,unconscious,unconscious,False,Image,False,5,5,4,3
2000,sub-06,lh-superiorfrontal,0.5416666666666666,0.07042952122737638,0.5,0.6849281961082958,None + Linear-SVM,unconscious,unconscious,False,Image,False,5,4,5,3
2001,sub-06,lh-superiorfrontal,0.5909090909090909,0.07954545454545454,0.5263157894736842,0.698636155077239,None + Linear-SVM,unconscious,unconscious,False,Image,False,5,5,6,3
2002,sub-06,lh-superiorfrontal,0.475,0.025,0.4000000000000001,0.6877656115362043,None + Linear-SVM,unconscious,unconscious,False,Image,False,5,2,3,3
2003,sub-06,lh-superiorfrontal,0.5,-0.07142857142857142,0.42857142857142855,0.6907947140223458,None + Linear-SVM,unconscious,unconscious,False,Image,False,4,3,4,4
2004,sub-06,lh-superiorfrontal,0.3942307692307693,-0.19230769230769232,0.380952380952381,0.7548564677386695,None + Linear-SVM,unconscious,unconscious,False,Image,False,4,4,9,4
2005,sub-06,lh-superiorfrontal,0.640625,0.1259881576697424,0.5333333333333333,0.6685286902593187,None + Linear-SVM,unconscious,unconscious,False,Image,False,5,4,4,3
2006,sub-06,lh-superiorfrontal,0.5178571428571428,-0.07142857142857142,0.42857142857142855,0.688570543488514,None + Linear-SVM,unconscious,unconscious,False,Image,False,4,3,4,4
2007,sub-06,lh-superiorfrontal,0.3125,-0.5,0.0,0.6745519548998411,None + Linear-SVM,unconscious,unconscious,False,Image,False,3,0,2,5
2008,sub-06,lh-superiorfrontal,0.45,-0.1,0.4444444444444445,0.7151954484879235,None + Linear-SVM,unconscious,unconscious,False,Image,False,4,4,6,4
2009,sub-06,lh-superiorfrontal,0.5,0.29012942659282975,0.7000000000000001,0.7043217837137641,None + Linear-SVM,unconscious,unconscious,False,Image,False,4,7,2,4
2010,sub-06,lh-superiorfrontal,0.55,-0.18446619684315546,0.22222222222222224,0.677440747868858,None + Linear-SVM,unconscious,unconscious,False,Image,False,5,1,4,3
2011,sub-06,lh-superiorfrontal,0.5,-0.1,0.4444444444444445,0.70981088332586,None + Linear-SVM,unconscious,unconscious,False,Image,False,4,4,6,4
2012,sub-06,lh-superiorfrontal,0.4772727272727273,-0.044946657497549475,0.5,0.7260617046693953,None + Linear-SVM,unconscious,unconscious,False,Image,False,4,5,6,4
2013,sub-06,lh-superiorfrontal,0.625,-0.03857583749052298,0.28571428571428575,0.6545196789214413,None + Linear-SVM,unconscious,unconscious,False,Image,False,5,1,2,3
2014,sub-06,lh-superiorfrontal,0.5,0.1259881576697424,0.5333333333333333,0.7037387949507307,None + Linear-SVM,unconscious,unconscious,False,Image,False,5,4,4,3
2015,sub-06,lh-superiorfrontal,0.625,0.025,0.4000000000000001,0.6625191885605468,None + Linear-SVM,unconscious,unconscious,False,Image,False,5,2,3,3
2016,sub-06,lh-superiorfrontal,0.6964285714285714,0.18898223650461363,0.5,0.659045024718185,None + Linear-SVM,unconscious,unconscious,False,Image,False,6,3,4,2
2017,sub-06,lh-superiorfrontal,0.5909090909090908,-0.040291148201269014,0.3333333333333333,0.6611519744524527,None + Linear-SVM,unconscious,unconscious,False,Image,False,5,2,2,6
2018,sub-06,lh-superiorfrontal,0.6,0.13762047064079508,0.5263157894736842,0.6797456601532715,None + Linear-SVM,unconscious,unconscious,False,Image,False,7,5,5,4
2019,sub-06,lh-superiorfrontal,0.23863636363636365,-0.3820465887291705,0.23529411764705882,0.7179475825548828,None + Linear-SVM,unconscious,unconscious,False,Image,False,4,2,6,7
2020,sub-06,lh-superiorfrontal,0.6103896103896104,0.16116459280507606,0.4615384615384615,0.6706198142986382,None + Linear-SVM,unconscious,unconscious,False,Image,False,8,3,4,3
2021,sub-06,lh-superiorfrontal,0.7272727272727273,0.21320071635561041,0.4444444444444445,0.65384813162173,None + Linear-SVM,unconscious,unconscious,False,Image,False,8,2,2,3
2022,sub-06,lh-superiorfrontal,0.6363636363636362,0.3379631847096873,0.5714285714285715,0.6721875461158201,None + Linear-SVM,unconscious,unconscious,False,Image,False,9,4,4,2
2023,sub-06,lh-superiorfrontal,0.5064935064935066,-0.11396057645963795,0.375,0.679220453420947,None + Linear-SVM,unconscious,unconscious,False,Image,False,5,3,4,6
2024,sub-06,lh-superiorfrontal,0.4242424242424242,-0.17407765595569785,0.2,0.6625412693983748,None + Linear-SVM,unconscious,unconscious,False,Image,False,5,1,2,6
2025,sub-06,lh-superiorfrontal,0.6,-0.050964719143762556,0.3333333333333333,0.6628231184264901,None + Linear-SVM,unconscious,unconscious,False,Image,False,6,2,3,5
2026,sub-06,lh-superiorfrontal,0.5636363636363637,-0.05504818825631803,0.4210526315789474,0.683778490978292,None + Linear-SVM,unconscious,unconscious,False,Image,False,6,4,6,5
2027,sub-06,lh-superiorfrontal,0.5090909090909091,0.034815531191139566,0.3636363636363636,0.673211283850554,None + Linear-SVM,unconscious,unconscious,False,Image,False,7,2,3,4
2028,sub-06,lh-superiorfrontal,0.38961038961038963,-0.34188172937891387,0.25,0.6887724047443942,None + Linear-SVM,unconscious,unconscious,False,Image,False,4,2,5,7
2029,sub-06,lh-superiorfrontal,0.5785123966942148,0.0,0.47619047619047616,0.6818503263265142,None + Linear-SVM,unconscious,unconscious,False,Image,False,6,5,6,5
2030,sub-06,lh-superiorfrontal,0.7662337662337663,0.4029114820126901,0.6153846153846153,0.6532766086935984,None + Linear-SVM,unconscious,unconscious,False,Image,False,9,4,3,2
2031,sub-06,lh-superiorfrontal,0.4727272727272727,-0.14545454545454545,0.4000000000000001,0.7010020454440891,None + Linear-SVM,unconscious,unconscious,False,Image,False,5,4,6,6
2032,sub-06,lh-superiorfrontal,0.5151515151515151,-0.10050378152592121,0.2222222222222222,0.6613319633011548,None + Linear-SVM,unconscious,unconscious,False,Image,False,6,1,2,5
2033,sub-06,lh-superiorfrontal,0.8181818181818181,0.3181818181818182,0.5,0.646310609821003,None + Linear-SVM,unconscious,unconscious,False,Image,False,9,2,2,2
2034,sub-06,lh-superiorfrontal,0.6742424242424242,0.2196969696969697,0.6086956521739131,0.6744478309160001,None + Linear-SVM,unconscious,unconscious,False,Image,False,7,7,5,4
2035,sub-06,lh-superiorfrontal,0.5371900826446281,0.0,0.47619047619047616,0.6939252346153135,None + Linear-SVM,unconscious,unconscious,False,Image,False,6,5,6,5
2036,sub-06,lh-superiorfrontal,0.5757575757575757,-0.025949964805384102,0.25,0.6566906024723336,None + Linear-SVM,unconscious,unconscious,False,Image,False,7,1,2,4
2037,sub-06,lh-superiorfrontal,0.8181818181818181,0.3133397807202561,0.5454545454545454,0.6401064738874253,None + Linear-SVM,unconscious,unconscious,False,Image,False,8,3,2,3
2038,sub-06,lh-superiorfrontal,0.3333333333333333,-0.4497006112188861,0.14285714285714288,0.6921449528004745,None + Linear-SVM,unconscious,unconscious,False,Image,False,4,1,5,7
2039,sub-06,lh-superiorfrontal,0.49090909090909096,-0.050964719143762556,0.3333333333333333,0.679545874223249,None + Linear-SVM,unconscious,unconscious,False,Image,False,6,2,3,5
2040,sub-06,lh-superiorfrontal,0.36363636363636365,-0.18257418583505536,0.380952380952381,0.716773657461819,None + Linear-SVM,unconscious,unconscious,False,Image,False,5,4,7,6
2041,sub-06,lh-superiorfrontal,0.5909090909090908,-0.040291148201269014,0.3333333333333333,0.6530119733499772,None + Linear-SVM,unconscious,unconscious,False,Image,False,5,2,2,6
2042,sub-06,lh-superiorfrontal,0.4949494949494949,-0.21212121212121213,0.3333333333333333,0.6883998881501732,None + Linear-SVM,unconscious,unconscious,False,Image,False,5,3,6,6
2043,sub-06,lh-superiorfrontal,0.4949494949494949,-0.010101010101010102,0.4444444444444444,0.6925680695296059,None + Linear-SVM,unconscious,unconscious,False,Image,False,6,4,5,5
2044,sub-06,lh-superiorfrontal,0.5545454545454545,0.045454545454545456,0.5,0.689165736862259,None + Linear-SVM,unconscious,unconscious,False,Image,False,6,5,5,5
2045,sub-06,lh-superiorfrontal,0.7272727272727272,0.5310850045437943,0.5,0.6454787308254429,None + Linear-SVM,unconscious,unconscious,False,Image,False,11,1,2,0
2046,sub-06,lh-superiorfrontal,0.49090909090909096,0.03739787960033829,0.4444444444444445,0.698426269112718,None + Linear-SVM,unconscious,unconscious,False,Image,False,7,4,6,4
2047,sub-06,lh-superiorfrontal,0.6868686868686869,0.1919191919191919,0.5555555555555556,0.6699602164207498,None + Linear-SVM,unconscious,unconscious,False,Image,False,7,5,4,4
2048,sub-06,lh-superiorfrontal,0.6262626262626263,0.1919191919191919,0.5555555555555556,0.6761549590799741,None + Linear-SVM,unconscious,unconscious,False,Image,False,7,5,4,4
2049,sub-06,lh-superiorfrontal,0.5123966942148761,-0.09245003270420485,0.39999999999999997,0.6897069240353825,None + Linear-SVM,unconscious,unconscious,False,Image,False,6,4,7,5
2050,sub-06,lh-superiorfrontal,0.5272727272727273,-0.13483997249264842,0.3076923076923077,0.6668642875918502,None + Linear-SVM,unconscious,unconscious,False,Image,False,5,2,3,6
2051,sub-06,lh-superiorfrontal,0.5584415584415584,-0.025482359571881278,0.39999999999999997,0.6832391810634912,None + Linear-SVM,unconscious,unconscious,False,Image,False,6,3,4,5
2052,sub-06,lh-superiorfrontal,0.34265734265734266,-0.2508726030021272,0.4,0.729919558357819,None + Linear-SVM,unconscious,unconscious,False,Image,False,4,5,8,7
2053,sub-06,lh-superiorfrontal,0.7159090909090909,0.3522727272727273,0.625,0.6602877296328805,None + Linear-SVM,unconscious,unconscious,False,Image,False,8,5,3,3
2054,sub-06,lh-superiorfrontal,0.5064935064935064,-0.11396057645963795,0.375,0.6778280671190084,None + Linear-SVM,unconscious,unconscious,False,Image,False,5,3,4,6
2055,sub-06,lh-superiorfrontal,0.2272727272727273,-0.4605661864718383,0.0,0.6586744357001854,None + Linear-SVM,unconscious,unconscious,False,Image,False,4,0,2,7
2056,sub-06,lh-superiorfrontal,0.4181818181818182,-0.14545454545454545,0.4000000000000001,0.7024227446371974,None + Linear-SVM,unconscious,unconscious,False,Image,False,5,4,6,6
2057,sub-06,lh-superiorfrontal,0.4545454545454546,0.010101010101010102,0.5,0.6923386000623826,None + Linear-SVM,unconscious,unconscious,False,Image,False,5,5,4,6
2058,sub-06,lh-superiorfrontal,0.4727272727272728,-0.13483997249264842,0.3076923076923077,0.6688438417132836,None + Linear-SVM,unconscious,unconscious,False,Image,False,5,2,3,6
2059,sub-06,lh-superiorfrontal,0.4636363636363636,-0.14545454545454545,0.4000000000000001,0.6938488438459716,None + Linear-SVM,unconscious,unconscious,False,Image,False,5,4,6,6
2060,sub-06,lh-superiorfrontal,0.4545454545454546,-0.09245003270420485,0.39999999999999997,0.7056405787519188,None + Linear-SVM,unconscious,unconscious,False,Image,False,6,4,7,5
2061,sub-06,lh-superiorfrontal,0.606060606060606,-0.025949964805384102,0.25,0.6539201273952073,None + Linear-SVM,unconscious,unconscious,False,Image,False,7,1,2,4
2062,sub-06,lh-superiorfrontal,0.5681818181818182,0.13636363636363635,0.5,0.6869737004300297,None + Linear-SVM,unconscious,unconscious,False,Image,False,7,4,4,4
2063,sub-06,lh-superiorfrontal,0.6909090909090909,0.23354968324845687,0.4444444444444445,0.651811236209749,None + Linear-SVM,unconscious,unconscious,False,Image,False,9,2,3,2
2064,sub-06,lh-superiorfrontal,0.8701298701298701,0.5324675324675324,0.7142857142857143,0.6469215631685497,None + Linear-SVM,unconscious,unconscious,False,Image,False,9,5,2,2
2065,sub-06,lh-superiorfrontal,0.4444444444444445,-0.08333333333333333,0.25,0.6816273772491818,None + Linear-SVM,unconscious,unconscious,False,Image,False,6,1,3,3
2066,sub-06,lh-superiorfrontal,0.5444444444444445,-0.044946657497549475,0.4444444444444445,0.6877955152436165,None + Linear-SVM,unconscious,unconscious,False,Image,False,5,4,6,4
2067,sub-06,lh-superiorfrontal,0.19444444444444448,-0.5493502655735357,0.13333333333333333,0.7396905698253781,None + Linear-SVM,unconscious,unconscious,False,Image,False,3,1,7,6
2068,sub-06,lh-superiorfrontal,0.4126984126984127,-0.2698412698412698,0.2857142857142857,0.6981687586354837,None + Linear-SVM,unconscious,unconscious,False,Image,False,4,2,5,5
2069,sub-06,lh-superiorfrontal,0.6388888888888888,0.15811388300841897,0.4444444444444445,0.6703127033297337,None + Linear-SVM,unconscious,unconscious,False,Image,False,6,2,2,3
2070,sub-06,lh-superiorfrontal,0.611111111111111,0.29012942659282975,0.5714285714285715,0.6834177816311431,None + Linear-SVM,unconscious,unconscious,False,Image,False,7,4,4,2
2071,sub-06,lh-superiorfrontal,0.380952380952381,-0.3779644730092272,0.26666666666666666,0.6992504592473148,None + Linear-SVM,unconscious,unconscious,False,Image,False,3,2,5,6
2072,sub-06,lh-superiorfrontal,0.33333333333333337,-0.408248290463863,0.18181818181818182,0.6862006414865904,None + Linear-SVM,unconscious,unconscious,False,Image,False,2,1,2,7
2073,sub-06,lh-superiorfrontal,0.35555555555555557,-0.4472135954999579,0.16666666666666666,0.6870716696877199,None + Linear-SVM,unconscious,unconscious,False,Image,False,3,1,4,6
2074,sub-06,lh-superiorfrontal,0.4888888888888889,0.06900655593423542,0.47058823529411764,0.7004182847503875,None + Linear-SVM,unconscious,unconscious,False,Image,False,6,4,6,3
2075,sub-06,lh-superiorfrontal,0.48888888888888893,-0.14907119849998599,0.3333333333333333,0.6838019235495222,None + Linear-SVM,unconscious,unconscious,False,Image,False,4,2,3,5
2076,sub-06,lh-superiorfrontal,0.33333333333333337,-0.3779644730092272,0.26666666666666666,0.7263394809493565,None + Linear-SVM,unconscious,unconscious,False,Image,False,3,2,5,6
2077,sub-06,lh-superiorfrontal,0.4444444444444445,-0.1919191919191919,0.39999999999999997,0.702844960670115,None + Linear-SVM,unconscious,unconscious,False,Image,False,4,4,7,5
2078,sub-06,lh-superiorfrontal,0.6190476190476191,0.23809523809523808,0.5714285714285714,0.6793893803190176,None + Linear-SVM,unconscious,unconscious,False,Image,False,6,4,3,3
2079,sub-06,lh-superiorfrontal,0.35555555555555557,-0.36666666666666664,0.3157894736842105,0.7308845699244717,None + Linear-SVM,unconscious,unconscious,False,Image,False,3,3,7,6
2080,sub-06,lh-superiorfrontal,0.4444444444444445,-0.19245008972987526,0.2222222222222222,0.677243789504398,None + Linear-SVM,unconscious,unconscious,False,Image,False,4,1,2,5
2081,sub-06,lh-superiorfrontal,0.7222222222222222,0.2777777777777778,0.5,0.6612935375909674,None + Linear-SVM,unconscious,unconscious,False,Image,False,7,2,2,2
2082,sub-06,lh-superiorfrontal,0.4907407407407408,-0.24771684715343112,0.43478260869565216,0.6932343803690414,None + Linear-SVM,unconscious,unconscious,False,Image,False,3,5,7,6
2083,sub-06,lh-superiorfrontal,0.4444444444444445,-0.1919191919191919,0.39999999999999997,0.7166765354357187,None + Linear-SVM,unconscious,unconscious,False,Image,False,4,4,7,5
2084,sub-06,lh-superiorfrontal,0.40740740740740744,-0.09759000729485331,0.25,0.6772103337642378,None + Linear-SVM,unconscious,unconscious,False,Image,False,5,1,2,4
2085,sub-06,lh-superiorfrontal,0.7333333333333334,0.37777777777777777,0.6,0.6581893732662962,None + Linear-SVM,unconscious,unconscious,False,Image,False,7,3,2,2
2086,sub-06,lh-superiorfrontal,0.2777777777777778,-0.49099025303098287,0.15384615384615383,0.7210328170322485,None + Linear-SVM,unconscious,unconscious,False,Image,False,3,1,5,6
2087,sub-06,lh-superiorfrontal,0.4444444444444445,-0.24444444444444444,0.20000000000000004,0.697507547039625,None + Linear-SVM,unconscious,unconscious,False,Image,False,5,1,4,4
2088,sub-06,lh-superiorfrontal,0.29292929292929293,-0.3939393939393939,0.3,0.7314165148886044,None + Linear-SVM,unconscious,unconscious,False,Image,False,3,3,8,6
2089,sub-06,lh-superiorfrontal,0.47222222222222227,-0.08333333333333333,0.25,0.67906210302846,None + Linear-SVM,unconscious,unconscious,False,Image,False,6,1,3,3
2090,sub-06,lh-superiorfrontal,0.3827160493827161,-0.3333333333333333,0.3333333333333333,0.7054531041560989,None + Linear-SVM,unconscious,unconscious,False,Image,False,3,3,6,6
2091,sub-06,lh-superiorfrontal,0.4444444444444445,-0.11396057645963795,0.375,0.7023906859856733,None + Linear-SVM,unconscious,unconscious,False,Image,False,5,3,6,4
2092,sub-06,lh-superiorfrontal,0.4222222222222222,-0.26666666666666666,0.4000000000000001,0.709032637094174,None + Linear-SVM,unconscious,unconscious,False,Image,False,3,4,6,6
2093,sub-06,lh-superiorfrontal,0.6296296296296295,0.25819888974716115,0.4,0.6732873143323724,None + Linear-SVM,unconscious,unconscious,False,Image,False,8,1,2,1
2094,sub-06,lh-superiorfrontal,0.30000000000000004,-0.36666666666666664,0.3157894736842105,0.7250593506457358,None + Linear-SVM,unconscious,unconscious,False,Image,False,3,3,7,6
2095,sub-06,lh-superiorfrontal,0.5432098765432098,0.0,0.47058823529411764,0.6861181135258053,None + Linear-SVM,unconscious,unconscious,False,Image,False,5,4,5,4
2096,sub-06,lh-superiorfrontal,0.4814814814814815,-0.1111111111111111,0.4444444444444444,0.6937611267977705,None + Linear-SVM,unconscious,unconscious,False,Image,False,4,4,5,5
2097,sub-06,lh-superiorfrontal,0.4949494949494949,-0.08206099398622181,0.4210526315789474,0.6988701321995991,None + Linear-SVM,unconscious,unconscious,False,Image,False,5,4,7,4
2098,sub-06,lh-superiorfrontal,0.4,-0.25819888974716115,0.3076923076923077,0.6972816503854473,None + Linear-SVM,unconscious,unconscious,False,Image,False,3,2,3,6
2099,sub-06,lh-superiorfrontal,0.42857142857142855,-0.2698412698412698,0.2857142857142857,0.7026715774806604,None + Linear-SVM,unconscious,unconscious,False,Image,False,4,2,5,5
2100,sub-06,lh-superiorfrontal,0.22222222222222224,-0.6225317562548818,0.1,0.7628885171791463,None + Linear-SVM,unconscious,unconscious,False,Image,False,3,1,12,6
2101,sub-06,lh-superiorfrontal,0.5555555555555556,-0.1690308509457033,0.4444444444444445,0.6794314477809269,None + Linear-SVM,unconscious,unconscious,False,Image,False,3,4,4,6
2102,sub-06,lh-superiorfrontal,0.4126984126984127,-0.2698412698412698,0.2857142857142857,0.6941549102998155,None + Linear-SVM,unconscious,unconscious,False,Image,False,4,2,5,5
2103,sub-06,lh-superiorfrontal,0.16666666666666669,-0.5163977794943223,0.0,0.6937473581901953,None + Linear-SVM,unconscious,unconscious,False,Image,False,3,0,2,6
2104,sub-06,lh-superiorfrontal,0.25555555555555554,-0.47193990372426947,0.22222222222222224,0.7251461477615474,None + Linear-SVM,unconscious,unconscious,False,Image,False,3,2,8,6
2105,sub-06,lh-superiorfrontal,0.20987654320987653,-0.5698028822981898,0.125,0.7188622170504467,None + Linear-SVM,unconscious,unconscious,False,Image,False,3,1,8,6
2106,sub-06,lh-superiorfrontal,0.3111111111111111,-0.4472135954999579,0.16666666666666666,0.6981178820201758,None + Linear-SVM,unconscious,unconscious,False,Image,False,3,1,4,6
2107,sub-06,lh-superiorfrontal,0.41111111111111115,-0.2584432806109095,0.33333333333333326,0.71369459608598,None + Linear-SVM,unconscious,unconscious,False,Image,False,4,3,7,5
2108,sub-06,lh-superiorfrontal,0.32323232323232326,-0.3939393939393939,0.3,0.7369622122911343,None + Linear-SVM,unconscious,unconscious,False,Image,False,3,3,8,6
2109,sub-06,lh-superiorfrontal,0.6296296296296295,0.1111111111111111,0.3333333333333333,0.6698060726770172,None + Linear-SVM,unconscious,unconscious,False,Image,False,7,1,2,2
2110,sub-06,lh-superiorfrontal,0.5,0.04351941398892446,0.42857142857142855,0.7059973047924087,None + Linear-SVM,unconscious,unconscious,False,Image,False,6,3,5,3
2111,sub-06,lh-superiorfrontal,0.5777777777777777,0.3373495424699933,0.5,0.6788011803136695,None + Linear-SVM,unconscious,unconscious,False,Image,False,8,2,3,1
2112,sub-06,lh-superiorfrontal,0.7936507936507936,0.49206349206349204,0.7142857142857143,0.664335622815493,None + Linear-SVM,unconscious,unconscious,False,Image,False,7,5,2,2
2113,sub-06,lh-superiorfrontal,0.375,-0.23904572186687872,0.22222222222222224,0.6937234737220791,None + Linear-SVM,unconscious,unconscious,False,Image,False,4,1,3,4
2114,sub-06,lh-superiorfrontal,0.5625,-0.1941450686788302,0.26666666666666666,0.6966153922861917,None + Linear-SVM,unconscious,unconscious,False,Image,False,5,2,8,3
2115,sub-06,lh-superiorfrontal,0.203125,-0.2581988897471611,0.28571428571428575,0.7554745237091478,None + Linear-SVM,unconscious,unconscious,False,Image,False,4,2,6,4
2116,sub-06,lh-superiorfrontal,0.375,-0.07142857142857142,0.42857142857142855,0.7069451786991974,None + Linear-SVM,unconscious,unconscious,False,Image,False,4,3,4,4
2117,sub-06,lh-superiorfrontal,0.5,-0.408248290463863,0.0,0.6803587343141152,None + Linear-SVM,unconscious,unconscious,False,Image,False,5,0,4,3
2118,sub-06,lh-superiorfrontal,0.46875,0.0,0.5,0.6930676149217654,None + Linear-SVM,unconscious,unconscious,False,Image,False,4,4,4,4
2119,sub-06,lh-superiorfrontal,0.5,0.21821789023599236,0.6250000000000001,0.7049701974451665,None + Linear-SVM,unconscious,unconscious,False,Image,False,4,5,2,4
2120,sub-06,lh-superiorfrontal,0.3333333333333333,-0.14907119849998599,0.25,0.6940351229184868,None + Linear-SVM,unconscious,unconscious,False,Image,False,4,1,2,4
2121,sub-06,lh-superiorfrontal,0.45,0.09759000729485333,0.5,0.6935770912780546,None + Linear-SVM,unconscious,unconscious,False,Image,False,4,3,2,4
2122,sub-06,lh-superiorfrontal,0.5125000000000001,-0.07905694150420949,0.37499999999999994,0.7021565921572344,None + Linear-SVM,unconscious,unconscious,False,Image,False,5,3,7,3
2123,sub-06,lh-superiorfrontal,0.4,0.09759000729485333,0.5,0.6938639052693792,None + Linear-SVM,unconscious,unconscious,False,Image,False,4,3,2,4
2124,sub-06,lh-superiorfrontal,0.39285714285714285,-0.07142857142857142,0.42857142857142855,0.7199405052930576,None + Linear-SVM,unconscious,unconscious,False,Image,False,4,3,4,4
2125,sub-06,lh-superiorfrontal,0.4318181818181818,-0.13636363636363635,0.4210526315789474,0.7164388968294442,None + Linear-SVM,unconscious,unconscious,False,Image,False,4,4,7,4
2126,sub-06,lh-superiorfrontal,0.49999999999999994,-0.09449111825230681,0.3333333333333333,0.6884853237707476,None + Linear-SVM,unconscious,unconscious,False,Image,False,5,2,5,3
2127,sub-06,lh-superiorfrontal,0.3375,-0.1,0.4444444444444445,0.7356692656350899,None + Linear-SVM,unconscious,unconscious,False,Image,False,4,4,6,4
2128,sub-06,lh-superiorfrontal,0.3333333333333333,-0.14907119849998599,0.25,0.6937808473685251,None + Linear-SVM,unconscious,unconscious,False,Image,False,4,1,2,4
2129,sub-06,lh-superiorfrontal,0.59375,-0.125,0.25,0.67512402217347,None + Linear-SVM,unconscious,unconscious,False,Image,False,5,1,3,3
2130,sub-06,lh-superiorfrontal,0.53125,-0.04279604925109129,0.4210526315789474,0.7036698518291987,None + Linear-SVM,unconscious,unconscious,False,Image,False,5,4,8,3
2131,sub-06,lh-superiorfrontal,0.38636363636363635,-0.044946657497549475,0.5,0.7342367854234981,None + Linear-SVM,unconscious,unconscious,False,Image,False,4,5,6,4
2132,sub-06,lh-superiorfrontal,0.375,-0.14907119849998599,0.25,0.6880950854792467,None + Linear-SVM,unconscious,unconscious,False,Image,False,4,1,2,4
2133,sub-06,lh-superiorfrontal,0.7,0.025,0.4000000000000001,0.6667428973450649,None + Linear-SVM,unconscious,unconscious,False,Image,False,5,2,3,3
2134,sub-06,lh-superiorfrontal,0.18749999999999997,-0.4583333333333333,0.16666666666666666,0.7338454205373296,None + Linear-SVM,unconscious,unconscious,False,Image,False,3,1,5,5
2135,sub-06,lh-superiorfrontal,0.42500000000000004,-0.18446619684315546,0.22222222222222224,0.710608581315888,None + Linear-SVM,unconscious,unconscious,False,Image,False,5,1,4,3
2136,sub-06,lh-superiorfrontal,0.21590909090909088,-0.3522727272727273,0.3157894736842105,0.7499796643731208,None + Linear-SVM,unconscious,unconscious,False,Image,False,3,3,8,5
2137,sub-06,lh-superiorfrontal,0.53125,-0.125,0.25,0.6810397824201182,None + Linear-SVM,unconscious,unconscious,False,Image,False,5,1,3,3
2138,sub-06,lh-superiorfrontal,0.38888888888888884,-0.1690308509457033,0.375,0.7217875989101447,None + Linear-SVM,unconscious,unconscious,False,Image,False,4,3,6,4
2139,sub-06,lh-superiorfrontal,0.3611111111111111,0.05555555555555555,0.5555555555555556,0.7144783427470103,None + Linear-SVM,unconscious,unconscious,False,Image,False,4,5,4,4
2140,sub-06,lh-superiorfrontal,0.45,0.0,0.5263157894736842,0.7170204041114095,None + Linear-SVM,unconscious,unconscious,False,Image,False,4,5,5,4
2141,sub-06,lh-superiorfrontal,0.41666666666666663,-0.03857583749052298,0.28571428571428575,0.6833863071586056,None + Linear-SVM,unconscious,unconscious,False,Image,False,5,1,2,3
2142,sub-06,lh-superiorfrontal,0.35,0.1,0.6,0.7227486156888873,None + Linear-SVM,unconscious,unconscious,False,Image,False,4,6,4,4
2143,sub-06,lh-superiorfrontal,0.47222222222222227,0.1690308509457033,0.631578947368421,0.7004573337411562,None + Linear-SVM,unconscious,unconscious,False,Image,False,4,6,3,4
2144,sub-06,lh-superiorfrontal,0.40277777777777773,-0.1690308509457033,0.375,0.7149459360563976,None + Linear-SVM,unconscious,unconscious,False,Image,False,4,3,6,4
2145,sub-06,lh-superiorfrontal,0.40909090909090906,-0.044946657497549475,0.5,0.7210153051489084,None + Linear-SVM,unconscious,unconscious,False,Image,False,4,5,6,4
2146,sub-06,lh-superiorfrontal,0.275,-0.3,0.20000000000000004,0.7140847364533187,None + Linear-SVM,unconscious,unconscious,False,Image,False,4,1,4,4
2147,sub-06,lh-superiorfrontal,0.35714285714285715,-0.07142857142857142,0.42857142857142855,0.7191311657001322,None + Linear-SVM,unconscious,unconscious,False,Image,False,4,3,4,4
2148,sub-06,lh-superiorfrontal,0.27884615384615385,-0.11322770341445958,0.4545454545454546,0.7669601511717549,None + Linear-SVM,unconscious,unconscious,False,Image,False,4,5,8,4
2149,sub-06,lh-superiorfrontal,0.578125,0.0,0.42857142857142855,0.6849978783032922,None + Linear-SVM,unconscious,unconscious,False,Image,False,5,3,5,3
2150,sub-06,lh-superiorfrontal,0.5,-0.09449111825230681,0.3333333333333333,0.7022455430037594,None + Linear-SVM,unconscious,unconscious,False,Image,False,5,2,5,3
2151,sub-06,lh-superiorfrontal,0.1875,-0.5,0.0,0.6990217733688718,None + Linear-SVM,unconscious,unconscious,False,Image,False,3,0,2,5
2152,sub-06,lh-superiorfrontal,0.33749999999999997,-0.1,0.4444444444444445,0.7316400803740309,None + Linear-SVM,unconscious,unconscious,False,Image,False,4,4,6,4
2153,sub-06,lh-superiorfrontal,0.25,-0.2916666666666667,0.35294117647058826,0.7345944565289112,None + Linear-SVM,unconscious,unconscious,False,Image,False,3,3,6,5
2154,sub-06,lh-superiorfrontal,0.35,-0.09759000729485333,0.3636363636363636,0.7035652723921627,None + Linear-SVM,unconscious,unconscious,False,Image,False,4,2,3,4
2155,sub-06,lh-superiorfrontal,0.4375,0.0,0.5263157894736842,0.7206399860113692,None + Linear-SVM,unconscious,unconscious,False,Image,False,4,5,5,4
2156,sub-06,lh-superiorfrontal,0.2954545454545454,-0.044946657497549475,0.5,0.7378734602436592,None + Linear-SVM,unconscious,unconscious,False,Image,False,4,5,6,4
2157,sub-06,lh-superiorfrontal,0.41666666666666663,-0.14907119849998599,0.25,0.6875004036048064,None + Linear-SVM,unconscious,unconscious,False,Image,False,4,1,2,4
2158,sub-06,lh-superiorfrontal,0.421875,0.1259881576697424,0.5333333333333333,0.7210044002173709,None + Linear-SVM,unconscious,unconscious,False,Image,False,5,4,4,3
2159,sub-06,lh-superiorfrontal,0.525,-0.18446619684315546,0.22222222222222224,0.6872051740070118,None + Linear-SVM,unconscious,unconscious,False,Image,False,5,1,4,3
2160,sub-06,lh-superiorfrontal,0.625,0.05455447255899809,0.4615384615384615,0.6785271434115312,None + Linear-SVM,unconscious,unconscious,False,Image,False,5,3,4,3
2161,sub-06,lh-superiorfrontal,0.5833333333333334,0.0,0.4444444444444445,0.6770913922782965,None + Linear-SVM,unconscious,unconscious,False,Image,False,3,2,2,3
2162,sub-06,lh-superiorfrontal,0.55,-0.034815531191139566,0.4,0.7028996435620435,None + Linear-SVM,unconscious,unconscious,False,Image,False,4,3,7,2
2163,sub-06,lh-superiorfrontal,0.22916666666666666,-0.4166666666666667,0.28571428571428575,0.7490830366850959,None + Linear-SVM,unconscious,unconscious,False,Image,False,2,2,6,4
2164,sub-06,lh-superiorfrontal,0.5238095238095238,0.09759000729485333,0.5,0.7026735688546775,None + Linear-SVM,unconscious,unconscious,False,Image,False,4,3,4,2
2165,sub-06,lh-superiorfrontal,0.75,0.3563483225498992,0.5714285714285715,0.6689042294467298,None + Linear-SVM,unconscious,unconscious,False,Image,False,5,2,2,1
2166,sub-06,lh-superiorfrontal,0.625,0.34426518632954817,0.6153846153846154,0.6917113284398396,None + Linear-SVM,unconscious,unconscious,False,Image,False,5,4,4,1
2167,sub-06,lh-superiorfrontal,0.5,-0.07142857142857142,0.4615384615384615,0.702571389569935,None + Linear-SVM,unconscious,unconscious,False,Image,False,3,3,4,3
2168,sub-06,lh-superiorfrontal,0.3888888888888889,-0.15811388300841897,0.28571428571428575,0.6856720404417441,None + Linear-SVM,unconscious,unconscious,False,Image,False,3,1,2,3
2169,sub-06,lh-superiorfrontal,0.6000000000000001,0.06900655593423542,0.4444444444444445,0.6832070232842596,None + Linear-SVM,unconscious,unconscious,False,Image,False,4,2,3,2
2170,sub-06,lh-superiorfrontal,0.5833333333333334,0.16265001215808886,0.588235294117647,0.7075139316678313,None + Linear-SVM,unconscious,unconscious,False,Image,False,4,5,5,2
2171,sub-06,lh-superiorfrontal,0.5333333333333334,0.06900655593423542,0.4444444444444445,0.6938224400061341,None + Linear-SVM,unconscious,unconscious,False,Image,False,4,2,3,2
2172,sub-06,lh-superiorfrontal,0.38095238095238093,-0.21957751641341997,0.3333333333333333,0.723098308410282,None + Linear-SVM,unconscious,unconscious,False,Image,False,3,2,5,3
2173,sub-06,lh-superiorfrontal,0.48484848484848486,-0.04351941398892446,0.5263157894736842,0.7126909381006259,None + Linear-SVM,unconscious,unconscious,False,Image,False,3,5,6,3
2174,sub-06,lh-superiorfrontal,0.761904761904762,0.4147575310031266,0.6666666666666666,0.6746450106409341,None + Linear-SVM,unconscious,unconscious,False,Image,False,5,4,3,1
2175,sub-06,lh-superiorfrontal,0.43333333333333335,-0.09759000729485331,0.47058823529411764,0.7311495652381075,None + Linear-SVM,unconscious,unconscious,False,Image,False,3,4,6,3
2176,sub-06,lh-superiorfrontal,0.5,-0.15811388300841897,0.28571428571428575,0.6744305838392184,None + Linear-SVM,unconscious,unconscious,False,Image,False,3,1,2,3
2177,sub-06,lh-superiorfrontal,0.7916666666666667,0.3563483225498992,0.5714285714285715,0.6592051318852737,None + Linear-SVM,unconscious,unconscious,False,Image,False,5,2,2,1
2178,sub-06,lh-superiorfrontal,0.6111111111111112,-0.07905694150420949,0.5,0.6961316474438638,None + Linear-SVM,unconscious,unconscious,False,Image,False,3,5,7,3
2179,sub-06,lh-superiorfrontal,0.5757575757575758,0.11769797726729993,0.5555555555555556,0.7205901678578552,None + Linear-SVM,unconscious,unconscious,False,Image,False,4,5,6,2
2180,sub-06,lh-superiorfrontal,0.4444444444444444,-0.15811388300841897,0.28571428571428575,0.6762173080235039,None + Linear-SVM,unconscious,unconscious,False,Image,False,3,1,2,3
2181,sub-06,lh-superiorfrontal,0.8666666666666667,0.4485426135725303,0.6666666666666665,0.6494069767121675,None + Linear-SVM,unconscious,unconscious,False,Image,False,5,3,2,1
2182,sub-06,lh-superiorfrontal,0.2777777777777778,-0.50709255283711,0.1818181818181818,0.7224620125240079,None + Linear-SVM,unconscious,unconscious,False,Image,False,2,1,5,4
2183,sub-06,lh-superiorfrontal,0.5333333333333334,0.06900655593423542,0.4444444444444445,0.696150665172805,None + Linear-SVM,unconscious,unconscious,False,Image,False,4,2,3,2
2184,sub-06,lh-superiorfrontal,0.3333333333333333,-0.13241022442571243,0.4444444444444444,0.7418528717611406,None + Linear-SVM,unconscious,unconscious,False,Image,False,3,4,7,3
2185,sub-06,lh-superiorfrontal,0.5833333333333334,0.0,0.4444444444444445,0.6737598459934214,None + Linear-SVM,unconscious,unconscious,False,Image,False,3,2,2,3
2186,sub-06,lh-superiorfrontal,0.5370370370370371,-0.16666666666666666,0.4,0.7113793562001742,None + Linear-SVM,unconscious,unconscious,False,Image,False,3,3,6,3
2187,sub-06,lh-superiorfrontal,0.5,0.1111111111111111,0.5333333333333333,0.711668440175631,None + Linear-SVM,unconscious,unconscious,False,Image,False,4,4,5,2
2188,sub-06,lh-superiorfrontal,0.5666666666666667,0.0,0.5555555555555556,0.7131690959207122,None + Linear-SVM,unconscious,unconscious,False,Image,False,3,5,5,3
2189,sub-06,lh-superiorfrontal,0.6666666666666666,0.5,0.5,0.6659198575059707,None + Linear-SVM,unconscious,unconscious,False,Image,False,6,1,2,0
2190,sub-06,lh-superiorfrontal,0.5333333333333333,0.16265001215808886,0.588235294117647,0.719517991858049,None + Linear-SVM,unconscious,unconscious,False,Image,False,4,5,5,2
2191,sub-06,lh-superiorfrontal,0.6296296296296297,0.1111111111111111,0.5333333333333333,0.6932372720341147,None + Linear-SVM,unconscious,unconscious,False,Image,False,4,4,5,2
2192,sub-06,lh-superiorfrontal,0.5925925925925926,0.1111111111111111,0.5333333333333333,0.6976216787476722,None + Linear-SVM,unconscious,unconscious,False,Image,False,4,4,5,2
2193,sub-06,lh-superiorfrontal,0.5757575757575757,-0.04351941398892446,0.5263157894736842,0.7089968588031302,None + Linear-SVM,unconscious,unconscious,False,Image,False,3,5,6,3
2194,sub-06,lh-superiorfrontal,0.46666666666666673,-0.1,0.4000000000000001,0.6999804243138281,None + Linear-SVM,unconscious,unconscious,False,Image,False,3,2,3,3
2195,sub-06,lh-superiorfrontal,0.5,-0.07142857142857142,0.4615384615384615,0.713136399869871,None + Linear-SVM,unconscious,unconscious,False,Image,False,3,3,4,3
2196,sub-06,lh-superiorfrontal,0.32051282051282054,-0.36539907432351754,0.2222222222222222,0.7663824905649795,None + Linear-SVM,unconscious,unconscious,False,Image,False,3,2,11,3
2197,sub-06,lh-superiorfrontal,0.7083333333333334,0.16666666666666666,0.5714285714285715,0.6827742385948409,None + Linear-SVM,unconscious,unconscious,False,Image,False,4,4,4,2
2198,sub-06,lh-superiorfrontal,0.5238095238095238,-0.07142857142857142,0.4615384615384615,0.6981363429904047,None + Linear-SVM,unconscious,unconscious,False,Image,False,3,3,4,3
2199,sub-06,lh-superiorfrontal,0.16666666666666669,-0.5773502691896258,0.0,0.6856059181396928,None + Linear-SVM,unconscious,unconscious,False,Image,False,2,0,2,4
2200,sub-06,lh-superiorfrontal,0.35,-0.2,0.37499999999999994,0.7306332702649784,None + Linear-SVM,unconscious,unconscious,False,Image,False,3,3,7,3
2201,sub-06,lh-superiorfrontal,0.40740740740740744,-0.16666666666666666,0.4,0.7226703250889575,None + Linear-SVM,unconscious,unconscious,False,Image,False,3,3,6,3
2202,sub-06,lh-superiorfrontal,0.5333333333333333,-0.1,0.4000000000000001,0.6849578103184076,None + Linear-SVM,unconscious,unconscious,False,Image,False,3,2,3,3
2203,sub-06,lh-superiorfrontal,0.44999999999999996,-0.09759000729485331,0.47058823529411764,0.7233941519925365,None + Linear-SVM,unconscious,unconscious,False,Image,False,3,4,6,3
2204,sub-06,lh-superiorfrontal,0.30303030303030304,-0.13241022442571243,0.4444444444444444,0.7445454394137321,None + Linear-SVM,unconscious,unconscious,False,Image,False,3,4,7,3
2205,sub-06,lh-superiorfrontal,0.6666666666666667,0.0,0.3333333333333333,0.6658346169925967,None + Linear-SVM,unconscious,unconscious,False,Image,False,4,1,2,2
2206,sub-06,lh-superiorfrontal,0.5416666666666667,0.16666666666666666,0.5714285714285715,0.7138331772091414,None + Linear-SVM,unconscious,unconscious,False,Image,False,4,4,4,2
2207,sub-06,lh-superiorfrontal,0.6666666666666667,0.2608745973749754,0.5,0.6730421863176828,None + Linear-SVM,unconscious,unconscious,False,Image,False,5,2,3,1
2208,sub-06,lh-superiorfrontal,0.8095238095238095,0.4147575310031266,0.6666666666666666,0.6673679991517842,None + Linear-SVM,unconscious,unconscious,False,Image,False,5,4,3,1
2209,sub-06,lh-superiorfrontal,0.6666666666666667,0.16666666666666666,0.5714285714285715,0.6964423542532019,None + Linear-SVM,unconscious,unconscious,False,Image,False,2,2,2,1
2210,sub-06,lh-superiorfrontal,0.6666666666666667,0.14085904245475275,0.625,0.714874501028804,None + Linear-SVM,unconscious,unconscious,False,Image,False,2,5,5,1
2211,sub-06,lh-superiorfrontal,0.375,-0.08333333333333333,0.36363636363636365,0.7818459563137137,None + Linear-SVM,unconscious,unconscious,False,Image,False,2,2,6,1
2212,sub-06,lh-superiorfrontal,0.6666666666666667,0.2182178902359924,0.6666666666666666,0.7206796629218786,None + Linear-SVM,unconscious,unconscious,False,Image,False,2,4,3,1
2213,sub-06,lh-superiorfrontal,0.8333333333333334,0.5477225575051661,0.6666666666666666,0.6781536369272747,None + Linear-SVM,unconscious,unconscious,False,Image,False,3,2,2,0
2214,sub-06,lh-superiorfrontal,0.75,0.2608745973749754,0.7142857142857143,0.703984682010354,None + Linear-SVM,unconscious,unconscious,False,Image,False,2,5,3,1
2215,sub-06,lh-superiorfrontal,0.5714285714285714,0.0890870806374748,0.5454545454545454,0.7197730431798991,None + Linear-SVM,unconscious,unconscious,False,Image,False,2,3,4,1
2216,sub-06,lh-superiorfrontal,0.5555555555555556,0.0,0.4,0.6975958410200435,None + Linear-SVM,unconscious,unconscious,False,Image,False,2,1,2,1
2217,sub-06,lh-superiorfrontal,0.6666666666666667,0.06666666666666667,0.5,0.6963619357011019,None + Linear-SVM,unconscious,unconscious,False,Image,False,2,2,3,1
2218,sub-06,lh-superiorfrontal,0.6,0.14085904245475275,0.625,0.7251917529246134,None + Linear-SVM,unconscious,unconscious,False,Image,False,2,5,5,1
2219,sub-06,lh-superiorfrontal,0.6666666666666667,0.2581988897471611,0.6666666666666665,0.7098935294391642,None + Linear-SVM,unconscious,unconscious,False,Image,False,2,3,2,1
2220,sub-06,lh-superiorfrontal,0.38095238095238093,-0.047619047619047616,0.4,0.7570959686667864,None + Linear-SVM,unconscious,unconscious,False,Image,False,2,2,5,1
2221,sub-06,lh-superiorfrontal,0.5757575757575758,0.025949964805384102,0.5000000000000001,0.728643031673534,None + Linear-SVM,unconscious,unconscious,False,Image,False,2,4,7,1
2222,sub-06,lh-superiorfrontal,0.8095238095238095,0.5345224838248488,0.7272727272727273,0.6859633998604302,None + Linear-SVM,unconscious,unconscious,False,Image,False,3,4,3,0
2223,sub-06,lh-superiorfrontal,0.4,-0.03042903097250923,0.4285714285714285,0.7592779537347359,None + Linear-SVM,unconscious,unconscious,False,Image,False,2,3,7,1
2224,sub-06,lh-superiorfrontal,0.5555555555555556,0.0,0.4,0.6926563830951076,None + Linear-SVM,unconscious,unconscious,False,Image,False,2,1,2,1
2225,sub-06,lh-superiorfrontal,0.9166666666666667,0.75,0.8571428571428571,0.6557513194773151,None + Linear-SVM,unconscious,unconscious,False,Image,False,3,3,1,0
2226,sub-06,lh-superiorfrontal,0.75,0.2004459314343183,0.7000000000000001,0.7082234205063683,None + Linear-SVM,unconscious,unconscious,False,Image,False,2,7,5,1
2227,sub-06,lh-superiorfrontal,0.6666666666666666,0.17407765595569785,0.6666666666666665,0.7353019205717881,None + Linear-SVM,unconscious,unconscious,False,Image,False,2,6,5,1
2228,sub-06,lh-superiorfrontal,0.6666666666666667,0.0,0.4,0.682994282355652,None + Linear-SVM,unconscious,unconscious,False,Image,False,2,1,2,1
2229,sub-06,lh-superiorfrontal,0.8666666666666667,0.6,0.7499999999999999,0.6460076922237882,None + Linear-SVM,unconscious,unconscious,False,Image,False,3,3,2,0
2230,sub-06,lh-superiorfrontal,0.38888888888888895,-0.1889822365046136,0.25,0.7475256295870945,None + Linear-SVM,unconscious,unconscious,False,Image,False,2,1,5,1
2231,sub-06,lh-superiorfrontal,0.6666666666666667,0.2581988897471611,0.6666666666666665,0.7205759232113336,None + Linear-SVM,unconscious,unconscious,False,Image,False,2,3,2,1
2232,sub-06,lh-superiorfrontal,0.393939393939394,0.025949964805384102,0.5000000000000001,0.7725796055984854,None + Linear-SVM,unconscious,unconscious,False,Image,False,2,4,7,1
2233,sub-06,lh-superiorfrontal,0.6666666666666667,0.16666666666666666,0.5714285714285715,0.6811632324414229,None + Linear-SVM,unconscious,unconscious,False,Image,False,2,2,2,1
2234,sub-06,lh-superiorfrontal,0.5555555555555556,0.0,0.46153846153846156,0.7312744030083712,None + Linear-SVM,unconscious,unconscious,False,Image,False,2,3,6,1
2235,sub-06,lh-superiorfrontal,0.7407407407407407,0.29277002188455997,0.75,0.7269227098866291,None + Linear-SVM,unconscious,unconscious,False,Image,False,2,6,3,1
2236,sub-06,lh-superiorfrontal,0.6,0.14085904245475275,0.625,0.7313294499994971,None + Linear-SVM,unconscious,unconscious,False,Image,False,2,5,5,1
2237,sub-06,lh-superiorfrontal,0.7777777777777778,0.3333333333333333,0.6666666666666666,0.6683832817092877,None + Linear-SVM,unconscious,unconscious,False,Image,False,2,2,1,1
2238,sub-06,lh-superiorfrontal,0.5,0.14085904245475275,0.625,0.7523919897822678,None + Linear-SVM,unconscious,unconscious,False,Image,False,2,5,5,1
2239,sub-06,lh-superiorfrontal,0.7407407407407407,0.19245008972987526,0.6666666666666667,0.7051102886460082,None + Linear-SVM,unconscious,unconscious,False,Image,False,2,5,4,1
2240,sub-06,lh-superiorfrontal,0.6296296296296297,0.09759000729485331,0.5714285714285714,0.7139681850121131,None + Linear-SVM,unconscious,unconscious,False,Image,False,2,4,5,1
2241,sub-06,lh-superiorfrontal,0.5454545454545454,0.025949964805384102,0.5000000000000001,0.728808380374986,None + Linear-SVM,unconscious,unconscious,False,Image,False,2,4,7,1
2242,sub-06,lh-superiorfrontal,0.5333333333333334,0.06666666666666667,0.5,0.7274673075292941,None + Linear-SVM,unconscious,unconscious,False,Image,False,2,2,3,1
2243,sub-06,lh-superiorfrontal,0.5238095238095238,0.0890870806374748,0.5454545454545454,0.7307792336575245,None + Linear-SVM,unconscious,unconscious,False,Image,False,2,3,4,1
2244,sub-06,lh-superiorfrontal,0.3076923076923077,-0.09245003270420485,0.3529411764705882,0.79896971214867,None + Linear-SVM,unconscious,unconscious,False,Image,False,2,3,10,1
2245,sub-06,lh-superiorfrontal,0.6666666666666667,0.14907119849998599,0.6153846153846154,0.6954426330280884,None + Linear-SVM,unconscious,unconscious,False,Image,False,2,4,4,1
2246,sub-06,lh-superiorfrontal,0.5714285714285714,0.0890870806374748,0.5454545454545454,0.7209994682780332,None + Linear-SVM,unconscious,unconscious,False,Image,False,2,3,4,1
2247,sub-06,lh-superiorfrontal,0.16666666666666669,-0.6666666666666666,0.0,0.7128587443271963,None + Linear-SVM,unconscious,unconscious,False,Image,False,1,0,2,2
2248,sub-06,lh-superiorfrontal,0.5,-0.03042903097250923,0.4285714285714285,0.7597200139577616,None + Linear-SVM,unconscious,unconscious,False,Image,False,2,3,7,1
2249,sub-06,lh-superiorfrontal,0.5185185185185186,0.0,0.46153846153846156,0.7444572242053922,None + Linear-SVM,unconscious,unconscious,False,Image,False,2,3,6,1
2250,sub-06,lh-superiorfrontal,0.4666666666666667,-0.14907119849998599,0.28571428571428575,0.7124951228003742,None + Linear-SVM,unconscious,unconscious,False,Image,False,2,1,4,1
2251,sub-06,lh-superiorfrontal,0.5333333333333334,0.05773502691896257,0.5333333333333333,0.7415960485750724,None + Linear-SVM,unconscious,unconscious,False,Image,False,2,4,6,1
2252,sub-06,lh-superiorfrontal,0.5151515151515151,-0.055048188256318034,0.39999999999999997,0.7702133448838263,None + Linear-SVM,unconscious,unconscious,False,Image,False,2,3,8,1
2253,sub-06,lh-superiorfrontal,0.7777777777777778,0.3333333333333333,0.6666666666666666,0.6699080296964843,None + Linear-SVM,unconscious,unconscious,False,Image,False,2,2,1,1
2254,sub-06,lh-superiorfrontal,0.5416666666666667,0.14907119849998599,0.6153846153846154,0.7405486578213787,None + Linear-SVM,unconscious,unconscious,False,Image,False,2,4,4,1
2255,sub-06,lh-superiorfrontal,0.7333333333333334,0.2581988897471611,0.6666666666666665,0.6816348579842372,None + Linear-SVM,unconscious,unconscious,False,Image,False,2,3,2,1
2256,sub-06,lh-superiorfrontal,0.9047619047619048,0.6546536707079772,0.8333333333333333,0.6740083222218407,None + Linear-SVM,unconscious,unconscious,False,Image,False,3,5,2,0
2257,sub-06,lh-superiorfrontal,0.3125,-0.2581988897471611,0.28571428571428575,0.7187650428325103,None + Linear-SVM,unconscious,unconscious,False,Image,False,2,1,3,2
2258,sub-06,lh-superiorfrontal,0.325,-0.3,0.28571428571428575,0.7269793840095918,None + Linear-SVM,unconscious,unconscious,False,Image,False,2,2,8,2
2259,sub-06,lh-superiorfrontal,0.09375,-0.47809144373375745,0.3076923076923077,0.796430029887472,None + Linear-SVM,unconscious,unconscious,False,Image,False,1,2,6,3
2260,sub-06,lh-superiorfrontal,0.2857142857142857,-0.21428571428571427,0.36363636363636365,0.7344594711416584,None + Linear-SVM,unconscious,unconscious,False,Image,False,2,2,5,2
2261,sub-06,lh-superiorfrontal,0.3125,-0.2581988897471611,0.28571428571428575,0.7068536352682424,None + Linear-SVM,unconscious,unconscious,False,Image,False,2,1,3,2
2262,sub-06,lh-superiorfrontal,0.375,-0.25,0.3333333333333333,0.7142729858201435,None + Linear-SVM,unconscious,unconscious,False,Image,False,2,2,6,2
2263,sub-06,lh-superiorfrontal,0.25,-0.38575837490522974,0.2,0.7392687488290445,None + Linear-SVM,unconscious,unconscious,False,Image,False,2,1,6,2
2264,sub-06,lh-superiorfrontal,0.16666666666666666,-0.5477225575051661,0.0,0.7368318174908811,None + Linear-SVM,unconscious,unconscious,False,Image,False,2,0,3,2
2265,sub-06,lh-superiorfrontal,0.3,-0.31622776601683794,0.25,0.7136087873309237,None + Linear-SVM,unconscious,unconscious,False,Image,False,2,1,4,2
2266,sub-06,lh-superiorfrontal,0.35000000000000003,-0.18856180831641267,0.4,0.7361767112060773,None + Linear-SVM,unconscious,unconscious,False,Image,False,2,3,7,2
2267,sub-06,lh-superiorfrontal,0.2,-0.5976143046671968,0.0,0.735744315885491,None + Linear-SVM,unconscious,unconscious,False,Image,False,2,0,5,2
2268,sub-06,lh-superiorfrontal,0.25,-0.21428571428571427,0.36363636363636365,0.7676512244201426,None + Linear-SVM,unconscious,unconscious,False,Image,False,2,2,5,2
2269,sub-06,lh-superiorfrontal,0.38636363636363635,-0.21320071635561041,0.37499999999999994,0.7400772598671409,None + Linear-SVM,unconscious,unconscious,False,Image,False,2,3,8,2
2270,sub-06,lh-superiorfrontal,0.42857142857142855,-0.21428571428571427,0.36363636363636365,0.6985848956544803,None + Linear-SVM,unconscious,unconscious,False,Image,False,2,2,5,2
2271,sub-06,lh-superiorfrontal,0.39999999999999997,-0.18856180831641267,0.4,0.757320638765992,None + Linear-SVM,unconscious,unconscious,False,Image,False,2,3,7,2
2272,sub-06,lh-superiorfrontal,0.25,-0.16666666666666666,0.3333333333333333,0.7161954622808754,None + Linear-SVM,unconscious,unconscious,False,Image,False,2,1,2,2
2273,sub-06,lh-superiorfrontal,0.5625,0.0,0.3333333333333333,0.6830872510645831,None + Linear-SVM,unconscious,unconscious,False,Image,False,3,1,3,1
2274,sub-06,lh-superiorfrontal,0.5416666666666667,-0.07273929674533079,0.5263157894736842,0.7122524495283117,None + Linear-SVM,unconscious,unconscious,False,Image,False,2,5,7,2
2275,sub-06,lh-superiorfrontal,0.5,-0.12309149097933272,0.4705882352941177,0.7406829416499476,None + Linear-SVM,unconscious,unconscious,False,Image,False,2,4,7,2
2276,sub-06,lh-superiorfrontal,0.16666666666666666,-0.5477225575051661,0.0,0.718702194363113,None + Linear-SVM,unconscious,unconscious,False,Image,False,2,0,3,2
2277,sub-06,lh-superiorfrontal,0.6,0.15811388300841897,0.5,0.6781041551447049,None + Linear-SVM,unconscious,unconscious,False,Image,False,3,2,3,1
2278,sub-06,lh-superiorfrontal,0.25,-0.3563483225498992,0.2222222222222222,0.7600255386791946,None + Linear-SVM,unconscious,unconscious,False,Image,False,2,1,5,2
2279,sub-06,lh-superiorfrontal,0.35000000000000003,-0.31622776601683794,0.25,0.743481560436287,None + Linear-SVM,unconscious,unconscious,False,Image,False,2,1,4,2
2280,sub-06,lh-superiorfrontal,0.22727272727272727,-0.3181818181818182,0.26666666666666666,0.7771570002655246,None + Linear-SVM,unconscious,unconscious,False,Image,False,2,2,9,2
2281,sub-06,lh-superiorfrontal,0.4375,-0.2581988897471611,0.28571428571428575,0.7104043211980384,None + Linear-SVM,unconscious,unconscious,False,Image,False,2,1,3,2
2282,sub-06,lh-superiorfrontal,0.25,-0.6396021490668313,0.0,0.7492918516669285,None + Linear-SVM,unconscious,unconscious,False,Image,False,2,0,9,2
2283,sub-06,lh-superiorfrontal,0.3055555555555555,-0.42600643361512924,0.16666666666666666,0.732074184923916,None + Linear-SVM,unconscious,unconscious,False,Image,False,2,1,8,2
2284,sub-06,lh-superiorfrontal,0.375,-0.18856180831641267,0.4,0.7408807855279512,None + Linear-SVM,unconscious,unconscious,False,Image,False,2,3,7,2
2285,sub-06,lh-superiorfrontal,0.5,0.09128709291752768,0.4,0.7026468332365589,None + Linear-SVM,unconscious,unconscious,False,Image,False,3,1,2,1
2286,sub-06,lh-superiorfrontal,0.19999999999999998,-0.4403855060505443,0.15384615384615383,0.7573765525795088,None + Linear-SVM,unconscious,unconscious,False,Image,False,2,1,9,2
2287,sub-06,lh-superiorfrontal,0.41666666666666663,-0.15811388300841897,0.42857142857142855,0.7137313631274806,None + Linear-SVM,unconscious,unconscious,False,Image,False,2,3,6,2
2288,sub-06,lh-superiorfrontal,0.3611111111111111,-0.15811388300841897,0.42857142857142855,0.7203837752095309,None + Linear-SVM,unconscious,unconscious,False,Image,False,2,3,6,2
2289,sub-06,lh-superiorfrontal,0.40909090909090906,-0.12309149097933272,0.4705882352941177,0.7457812287404691,None + Linear-SVM,unconscious,unconscious,False,Image,False,2,4,7,2
2290,sub-06,lh-superiorfrontal,0.25,-0.31622776601683794,0.25,0.7415451252093295,None + Linear-SVM,unconscious,unconscious,False,Image,False,2,1,4,2
2291,sub-06,lh-superiorfrontal,0.39285714285714285,-0.21428571428571427,0.36363636363636365,0.73785088162608,None + Linear-SVM,unconscious,unconscious,False,Image,False,2,2,5,2
2292,sub-06,lh-superiorfrontal,0.15384615384615385,-0.38122128787578263,0.4,0.806027465428832,None + Linear-SVM,unconscious,unconscious,False,Image,False,1,4,9,3
2293,sub-06,lh-superiorfrontal,0.40625,-0.25,0.3333333333333333,0.7111653117293804,None + Linear-SVM,unconscious,unconscious,False,Image,False,2,2,6,2
2294,sub-06,lh-superiorfrontal,0.42857142857142855,-0.21428571428571427,0.36363636363636365,0.7329966296686679,None + Linear-SVM,unconscious,unconscious,False,Image,False,2,2,5,2
2295,sub-06,lh-superiorfrontal,0.125,-0.5,0.0,0.7354468300959152,None + Linear-SVM,unconscious,unconscious,False,Image,False,2,0,2,2
2296,sub-06,lh-superiorfrontal,0.125,-0.6454972243679028,0.0,0.7700097192547494,None + Linear-SVM,unconscious,unconscious,False,Image,False,2,0,10,2
2297,sub-06,lh-superiorfrontal,0.19444444444444445,-0.6396021490668313,0.0,0.7598713664244475,None + Linear-SVM,unconscious,unconscious,False,Image,False,2,0,9,2
2298,sub-06,lh-superiorfrontal,0.3,-0.31622776601683794,0.25,0.7337308070290323,None + Linear-SVM,unconscious,unconscious,False,Image,False,2,1,4,2
2299,sub-06,lh-superiorfrontal,0.37499999999999994,-0.18856180831641267,0.4,0.7523658999514086,None + Linear-SVM,unconscious,unconscious,False,Image,False,2,3,7,2
2300,sub-06,lh-superiorfrontal,0.1590909090909091,-0.45226701686664544,0.14285714285714288,0.7760927301383125,None + Linear-SVM,unconscious,unconscious,False,Image,False,2,1,10,2
2301,sub-06,lh-superiorfrontal,0.25,-0.5477225575051661,0.0,0.704944572597782,None + Linear-SVM,unconscious,unconscious,False,Image,False,2,0,3,2
2302,sub-06,lh-superiorfrontal,0.34375,-0.25,0.3333333333333333,0.7584546535222111,None + Linear-SVM,unconscious,unconscious,False,Image,False,2,2,6,2
2303,sub-06,lh-superiorfrontal,0.4,-0.31622776601683794,0.25,0.7033416777572186,None + Linear-SVM,unconscious,unconscious,False,Image,False,2,1,4,2
2304,sub-06,lh-superiorfrontal,0.6071428571428571,0.17857142857142858,0.5454545454545454,0.6825943864409371,None + Linear-SVM,unconscious,unconscious,False,Image,False,3,3,4,1
