fold,sub,roi,roc_auc,mattews_correcoef,f1_score,log_loss,model,condition_target,condition_source,flip,language,transfer,tn,tp,fn,fp
1,sub-07,rh-pericalcarine,0.5,0.0,0.0,0.6931471805599453,RandomForest + Dummy,conscious,conscious,False,Image,False,2,0,5,0
2,sub-07,rh-pericalcarine,0.5,0.0,0.0,0.6931471805599453,RandomForest + Dummy,conscious,conscious,False,Image,False,2,0,1,0
3,sub-07,rh-pericalcarine,0.5,0.0,0.0,0.6931471805599453,RandomForest + Dummy,conscious,conscious,False,Image,False,2,0,1,0
4,sub-07,rh-pericalcarine,0.5,0.0,0.0,0.6931471805599453,RandomForest + Dummy,conscious,conscious,False,Image,False,2,0,2,0
5,sub-07,rh-pericalcarine,0.5,0.0,0.0,0.6931471805599453,RandomForest + Dummy,conscious,conscious,False,Image,False,2,0,4,0
6,sub-07,rh-pericalcarine,0.5,0.0,0.0,0.6931471805599453,RandomForest + Dummy,conscious,conscious,False,Image,False,2,0,4,0
7,sub-07,rh-pericalcarine,0.5,0.0,0.0,0.6931471805599453,RandomForest + Dummy,conscious,conscious,False,Image,False,2,0,3,0
8,sub-07,rh-pericalcarine,0.5,0.0,0.0,0.6931471805599453,RandomForest + Dummy,conscious,conscious,False,Image,False,2,0,7,0
9,sub-07,rh-pericalcarine,0.5,0.0,0.0,0.6931471805599453,RandomForest + Dummy,conscious,conscious,False,Image,False,2,0,10,0
10,sub-07,rh-pericalcarine,0.5,0.0,0.0,0.6931471805599453,RandomForest + Dummy,conscious,conscious,False,Image,False,2,0,1,0
11,sub-07,rh-pericalcarine,0.5,0.0,0.0,0.6931471805599453,RandomForest + Dummy,conscious,conscious,False,Image,False,2,0,3,0
12,sub-07,rh-pericalcarine,0.5,0.0,0.0,0.6931471805599453,RandomForest + Dummy,conscious,conscious,False,Image,False,2,0,1,0
13,sub-07,rh-pericalcarine,0.5,0.0,0.0,0.6931471805599453,RandomForest + Dummy,conscious,conscious,False,Image,False,2,0,2,0
14,sub-07,rh-pericalcarine,0.5,0.0,0.0,0.6931471805599453,RandomForest + Dummy,conscious,conscious,False,Image,False,2,0,4,0
15,sub-07,rh-pericalcarine,0.5,0.0,0.0,0.6931471805599453,RandomForest + Dummy,conscious,conscious,False,Image,False,2,0,8,0
16,sub-07,rh-pericalcarine,0.5,0.0,0.0,0.6931471805599453,RandomForest + Dummy,conscious,conscious,False,Image,False,2,0,11,0
17,sub-07,rh-pericalcarine,0.5,0.0,0.0,0.6931471805599453,RandomForest + Dummy,conscious,conscious,False,Image,False,2,0,1,0
18,sub-07,rh-pericalcarine,0.5,0.0,0.0,0.6931471805599453,RandomForest + Dummy,conscious,conscious,False,Image,False,2,0,3,0
19,sub-07,rh-pericalcarine,0.5,0.0,0.0,0.6931471805599453,RandomForest + Dummy,conscious,conscious,False,Image,False,2,0,10,0
20,sub-07,rh-pericalcarine,0.5,0.0,0.0,0.6931471805599453,RandomForest + Dummy,conscious,conscious,False,Image,False,2,0,6,0
21,sub-07,rh-pericalcarine,0.5,0.0,0.0,0.6931471805599453,RandomForest + Dummy,conscious,conscious,False,Image,False,2,0,6,0
22,sub-07,rh-pericalcarine,0.5,0.0,0.0,0.6931471805599453,RandomForest + Dummy,conscious,conscious,False,Image,False,2,0,3,0
23,sub-07,rh-pericalcarine,0.5,0.0,0.0,0.6931471805599453,RandomForest + Dummy,conscious,conscious,False,Image,False,2,0,4,0
24,sub-07,rh-pericalcarine,0.5,0.0,0.0,0.6931471805599453,RandomForest + Dummy,conscious,conscious,False,Image,False,2,0,2,0
25,sub-07,rh-pericalcarine,0.5,0.0,0.0,0.6931471805599453,RandomForest + Dummy,conscious,conscious,False,Image,False,2,0,2,0
26,sub-07,rh-pericalcarine,0.5,0.0,0.0,0.6931471805599453,RandomForest + Dummy,conscious,conscious,False,Image,False,2,0,13,0
27,sub-07,rh-pericalcarine,0.5,0.0,0.0,0.6931471805599453,RandomForest + Dummy,conscious,conscious,False,Image,False,2,0,3,0
28,sub-07,rh-pericalcarine,0.5,0.0,0.0,0.6931471805599453,RandomForest + Dummy,conscious,conscious,False,Image,False,2,0,1,0
29,sub-07,rh-pericalcarine,0.5,0.0,0.0,0.6931471805599453,RandomForest + Dummy,conscious,conscious,False,Image,False,2,0,4,0
30,sub-07,rh-pericalcarine,0.5,0.0,0.0,0.6931471805599453,RandomForest + Dummy,conscious,conscious,False,Image,False,2,0,5,0
31,sub-07,rh-pericalcarine,0.5,0.0,0.0,0.6931471805599453,RandomForest + Dummy,conscious,conscious,False,Image,False,2,0,9,0
32,sub-07,rh-pericalcarine,0.5,0.0,0.0,0.6931471805599453,RandomForest + Dummy,conscious,conscious,False,Image,False,2,0,1,0
33,sub-07,rh-pericalcarine,0.5,0.0,0.0,0.6931471805599453,RandomForest + Dummy,conscious,conscious,False,Image,False,2,0,6,0
34,sub-07,rh-pericalcarine,0.5,0.0,0.0,0.6931471805599453,RandomForest + Dummy,conscious,conscious,False,Image,False,2,0,7,0
35,sub-07,rh-pericalcarine,0.5,0.0,0.0,0.6931471805599453,RandomForest + Dummy,conscious,conscious,False,Image,False,2,0,10,0
36,sub-07,rh-pericalcarine,0.5,0.0,0.0,0.6931471805599453,RandomForest + Dummy,conscious,conscious,False,Image,False,2,0,5,0
37,sub-07,rh-pericalcarine,0.5,0.0,0.0,0.6931471805599453,RandomForest + Dummy,conscious,conscious,False,Image,False,2,0,10,0
38,sub-07,rh-pericalcarine,0.5,0.0,0.0,0.6931471805599453,RandomForest + Dummy,conscious,conscious,False,Image,False,2,0,2,0
39,sub-07,rh-pericalcarine,0.5,0.0,0.0,0.6931471805599453,RandomForest + Dummy,conscious,conscious,False,Image,False,2,0,12,0
40,sub-07,rh-pericalcarine,0.5,0.0,0.0,0.6931471805599453,RandomForest + Dummy,conscious,conscious,False,Image,False,2,0,5,0
41,sub-07,rh-pericalcarine,0.5,0.0,0.0,0.6931471805599453,RandomForest + Dummy,conscious,conscious,False,Image,False,2,0,9,0
42,sub-07,rh-pericalcarine,0.5,0.0,0.0,0.6931471805599453,RandomForest + Dummy,conscious,conscious,False,Image,False,2,0,5,0
43,sub-07,rh-pericalcarine,0.5,0.0,0.0,0.6931471805599453,RandomForest + Dummy,conscious,conscious,False,Image,False,1,0,5,0
44,sub-07,rh-pericalcarine,0.5,0.0,0.0,0.6931471805599453,RandomForest + Dummy,conscious,conscious,False,Image,False,1,0,1,0
45,sub-07,rh-pericalcarine,0.5,0.0,0.0,0.6931471805599453,RandomForest + Dummy,conscious,conscious,False,Image,False,1,0,1,0
46,sub-07,rh-pericalcarine,0.5,0.0,0.0,0.6931471805599453,RandomForest + Dummy,conscious,conscious,False,Image,False,1,0,2,0
47,sub-07,rh-pericalcarine,0.5,0.0,0.0,0.6931471805599453,RandomForest + Dummy,conscious,conscious,False,Image,False,1,0,4,0
48,sub-07,rh-pericalcarine,0.5,0.0,0.0,0.6931471805599453,RandomForest + Dummy,conscious,conscious,False,Image,False,1,0,4,0
49,sub-07,rh-pericalcarine,0.5,0.0,0.0,0.6931471805599453,RandomForest + Dummy,conscious,conscious,False,Image,False,1,0,3,0
50,sub-07,rh-pericalcarine,0.5,0.0,0.0,0.6931471805599453,RandomForest + Dummy,conscious,conscious,False,Image,False,1,0,7,0
51,sub-07,rh-pericalcarine,0.5,0.0,0.0,0.6931471805599453,RandomForest + Dummy,conscious,conscious,False,Image,False,1,0,10,0
52,sub-07,rh-pericalcarine,0.5,0.0,0.0,0.6931471805599453,RandomForest + Dummy,conscious,conscious,False,Image,False,1,0,1,0
53,sub-07,rh-pericalcarine,0.5,0.0,0.0,0.6931471805599453,RandomForest + Dummy,conscious,conscious,False,Image,False,1,0,3,0
54,sub-07,rh-pericalcarine,0.5,0.0,0.0,0.6931471805599453,RandomForest + Dummy,conscious,conscious,False,Image,False,1,0,1,0
55,sub-07,rh-pericalcarine,0.5,0.0,0.0,0.6931471805599453,RandomForest + Dummy,conscious,conscious,False,Image,False,1,0,2,0
56,sub-07,rh-pericalcarine,0.5,0.0,0.0,0.6931471805599453,RandomForest + Dummy,conscious,conscious,False,Image,False,1,0,4,0
57,sub-07,rh-pericalcarine,0.5,0.0,0.0,0.6931471805599453,RandomForest + Dummy,conscious,conscious,False,Image,False,1,0,8,0
58,sub-07,rh-pericalcarine,0.5,0.0,0.0,0.6931471805599453,RandomForest + Dummy,conscious,conscious,False,Image,False,1,0,11,0
59,sub-07,rh-pericalcarine,0.5,0.0,0.0,0.6931471805599453,RandomForest + Dummy,conscious,conscious,False,Image,False,1,0,1,0
60,sub-07,rh-pericalcarine,0.5,0.0,0.0,0.6931471805599453,RandomForest + Dummy,conscious,conscious,False,Image,False,1,0,3,0
61,sub-07,rh-pericalcarine,0.5,0.0,0.0,0.6931471805599453,RandomForest + Dummy,conscious,conscious,False,Image,False,1,0,10,0
62,sub-07,rh-pericalcarine,0.5,0.0,0.0,0.6931471805599453,RandomForest + Dummy,conscious,conscious,False,Image,False,1,0,6,0
63,sub-07,rh-pericalcarine,0.5,0.0,0.0,0.6931471805599453,RandomForest + Dummy,conscious,conscious,False,Image,False,1,0,6,0
64,sub-07,rh-pericalcarine,0.5,0.0,0.0,0.6931471805599453,RandomForest + Dummy,conscious,conscious,False,Image,False,1,0,3,0
65,sub-07,rh-pericalcarine,0.5,0.0,0.0,0.6931471805599453,RandomForest + Dummy,conscious,conscious,False,Image,False,1,0,4,0
66,sub-07,rh-pericalcarine,0.5,0.0,0.0,0.6931471805599453,RandomForest + Dummy,conscious,conscious,False,Image,False,1,0,2,0
67,sub-07,rh-pericalcarine,0.5,0.0,0.0,0.6931471805599453,RandomForest + Dummy,conscious,conscious,False,Image,False,1,0,2,0
68,sub-07,rh-pericalcarine,0.5,0.0,0.0,0.6931471805599453,RandomForest + Dummy,conscious,conscious,False,Image,False,1,0,13,0
69,sub-07,rh-pericalcarine,0.5,0.0,0.0,0.6931471805599453,RandomForest + Dummy,conscious,conscious,False,Image,False,1,0,3,0
70,sub-07,rh-pericalcarine,0.5,0.0,0.0,0.6931471805599453,RandomForest + Dummy,conscious,conscious,False,Image,False,1,0,1,0
71,sub-07,rh-pericalcarine,0.5,0.0,0.0,0.6931471805599453,RandomForest + Dummy,conscious,conscious,False,Image,False,1,0,4,0
72,sub-07,rh-pericalcarine,0.5,0.0,0.0,0.6931471805599453,RandomForest + Dummy,conscious,conscious,False,Image,False,1,0,5,0
73,sub-07,rh-pericalcarine,0.5,0.0,0.0,0.6931471805599453,RandomForest + Dummy,conscious,conscious,False,Image,False,1,0,9,0
74,sub-07,rh-pericalcarine,0.5,0.0,0.0,0.6931471805599453,RandomForest + Dummy,conscious,conscious,False,Image,False,1,0,1,0
75,sub-07,rh-pericalcarine,0.5,0.0,0.0,0.6931471805599453,RandomForest + Dummy,conscious,conscious,False,Image,False,1,0,6,0
76,sub-07,rh-pericalcarine,0.5,0.0,0.0,0.6931471805599453,RandomForest + Dummy,conscious,conscious,False,Image,False,1,0,7,0
77,sub-07,rh-pericalcarine,0.5,0.0,0.0,0.6931471805599453,RandomForest + Dummy,conscious,conscious,False,Image,False,1,0,10,0
78,sub-07,rh-pericalcarine,0.5,0.0,0.0,0.6931471805599453,RandomForest + Dummy,conscious,conscious,False,Image,False,1,0,5,0
79,sub-07,rh-pericalcarine,0.5,0.0,0.0,0.6931471805599453,RandomForest + Dummy,conscious,conscious,False,Image,False,1,0,10,0
80,sub-07,rh-pericalcarine,0.5,0.0,0.0,0.6931471805599453,RandomForest + Dummy,conscious,conscious,False,Image,False,1,0,2,0
81,sub-07,rh-pericalcarine,0.5,0.0,0.0,0.6931471805599453,RandomForest + Dummy,conscious,conscious,False,Image,False,1,0,12,0
82,sub-07,rh-pericalcarine,0.5,0.0,0.0,0.6931471805599453,RandomForest + Dummy,conscious,conscious,False,Image,False,1,0,5,0
83,sub-07,rh-pericalcarine,0.5,0.0,0.0,0.6931471805599453,RandomForest + Dummy,conscious,conscious,False,Image,False,1,0,9,0
84,sub-07,rh-pericalcarine,0.5,0.0,0.0,0.6931471805599453,RandomForest + Dummy,conscious,conscious,False,Image,False,1,0,5,0
85,sub-07,rh-pericalcarine,0.5,0.0,0.0,0.6931471805599453,RandomForest + Dummy,conscious,conscious,False,Image,False,6,0,5,0
86,sub-07,rh-pericalcarine,0.5,0.0,0.0,0.6931471805599453,RandomForest + Dummy,conscious,conscious,False,Image,False,6,0,1,0
87,sub-07,rh-pericalcarine,0.5,0.0,0.0,0.6931471805599453,RandomForest + Dummy,conscious,conscious,False,Image,False,6,0,1,0
88,sub-07,rh-pericalcarine,0.5,0.0,0.0,0.6931471805599453,RandomForest + Dummy,conscious,conscious,False,Image,False,6,0,2,0
89,sub-07,rh-pericalcarine,0.5,0.0,0.0,0.6931471805599453,RandomForest + Dummy,conscious,conscious,False,Image,False,6,0,4,0
90,sub-07,rh-pericalcarine,0.5,0.0,0.0,0.6931471805599453,RandomForest + Dummy,conscious,conscious,False,Image,False,6,0,4,0
91,sub-07,rh-pericalcarine,0.5,0.0,0.0,0.6931471805599453,RandomForest + Dummy,conscious,conscious,False,Image,False,6,0,3,0
92,sub-07,rh-pericalcarine,0.5,0.0,0.0,0.6931471805599453,RandomForest + Dummy,conscious,conscious,False,Image,False,6,0,7,0
93,sub-07,rh-pericalcarine,0.5,0.0,0.0,0.6931471805599453,RandomForest + Dummy,conscious,conscious,False,Image,False,6,0,10,0
94,sub-07,rh-pericalcarine,0.5,0.0,0.0,0.6931471805599453,RandomForest + Dummy,conscious,conscious,False,Image,False,6,0,1,0
95,sub-07,rh-pericalcarine,0.5,0.0,0.0,0.6931471805599453,RandomForest + Dummy,conscious,conscious,False,Image,False,6,0,3,0
96,sub-07,rh-pericalcarine,0.5,0.0,0.0,0.6931471805599453,RandomForest + Dummy,conscious,conscious,False,Image,False,6,0,1,0
97,sub-07,rh-pericalcarine,0.5,0.0,0.0,0.6931471805599453,RandomForest + Dummy,conscious,conscious,False,Image,False,6,0,2,0
98,sub-07,rh-pericalcarine,0.5,0.0,0.0,0.6931471805599453,RandomForest + Dummy,conscious,conscious,False,Image,False,6,0,4,0
99,sub-07,rh-pericalcarine,0.5,0.0,0.0,0.6931471805599453,RandomForest + Dummy,conscious,conscious,False,Image,False,6,0,8,0
100,sub-07,rh-pericalcarine,0.5,0.0,0.0,0.6931471805599453,RandomForest + Dummy,conscious,conscious,False,Image,False,6,0,11,0
101,sub-07,rh-pericalcarine,0.5,0.0,0.0,0.6931471805599453,RandomForest + Dummy,conscious,conscious,False,Image,False,6,0,1,0
102,sub-07,rh-pericalcarine,0.5,0.0,0.0,0.6931471805599453,RandomForest + Dummy,conscious,conscious,False,Image,False,6,0,3,0
103,sub-07,rh-pericalcarine,0.5,0.0,0.0,0.6931471805599453,RandomForest + Dummy,conscious,conscious,False,Image,False,6,0,10,0
104,sub-07,rh-pericalcarine,0.5,0.0,0.0,0.6931471805599453,RandomForest + Dummy,conscious,conscious,False,Image,False,6,0,6,0
105,sub-07,rh-pericalcarine,0.5,0.0,0.0,0.6931471805599453,RandomForest + Dummy,conscious,conscious,False,Image,False,6,0,6,0
106,sub-07,rh-pericalcarine,0.5,0.0,0.0,0.6931471805599453,RandomForest + Dummy,conscious,conscious,False,Image,False,6,0,3,0
107,sub-07,rh-pericalcarine,0.5,0.0,0.0,0.6931471805599453,RandomForest + Dummy,conscious,conscious,False,Image,False,6,0,4,0
108,sub-07,rh-pericalcarine,0.5,0.0,0.0,0.6931471805599453,RandomForest + Dummy,conscious,conscious,False,Image,False,6,0,2,0
109,sub-07,rh-pericalcarine,0.5,0.0,0.0,0.6931471805599453,RandomForest + Dummy,conscious,conscious,False,Image,False,6,0,2,0
110,sub-07,rh-pericalcarine,0.5,0.0,0.0,0.6931471805599453,RandomForest + Dummy,conscious,conscious,False,Image,False,6,0,13,0
111,sub-07,rh-pericalcarine,0.5,0.0,0.0,0.6931471805599453,RandomForest + Dummy,conscious,conscious,False,Image,False,6,0,3,0
112,sub-07,rh-pericalcarine,0.5,0.0,0.0,0.6931471805599453,RandomForest + Dummy,conscious,conscious,False,Image,False,6,0,1,0
113,sub-07,rh-pericalcarine,0.5,0.0,0.0,0.6931471805599453,RandomForest + Dummy,conscious,conscious,False,Image,False,6,0,4,0
114,sub-07,rh-pericalcarine,0.5,0.0,0.0,0.6931471805599453,RandomForest + Dummy,conscious,conscious,False,Image,False,6,0,5,0
115,sub-07,rh-pericalcarine,0.5,0.0,0.0,0.6931471805599453,RandomForest + Dummy,conscious,conscious,False,Image,False,6,0,9,0
116,sub-07,rh-pericalcarine,0.5,0.0,0.0,0.6931471805599453,RandomForest + Dummy,conscious,conscious,False,Image,False,6,0,1,0
117,sub-07,rh-pericalcarine,0.5,0.0,0.0,0.6931471805599453,RandomForest + Dummy,conscious,conscious,False,Image,False,6,0,6,0
118,sub-07,rh-pericalcarine,0.5,0.0,0.0,0.6931471805599453,RandomForest + Dummy,conscious,conscious,False,Image,False,6,0,7,0
119,sub-07,rh-pericalcarine,0.5,0.0,0.0,0.6931471805599453,RandomForest + Dummy,conscious,conscious,False,Image,False,6,0,10,0
120,sub-07,rh-pericalcarine,0.5,0.0,0.0,0.6931471805599453,RandomForest + Dummy,conscious,conscious,False,Image,False,6,0,5,0
121,sub-07,rh-pericalcarine,0.5,0.0,0.0,0.6931471805599453,RandomForest + Dummy,conscious,conscious,False,Image,False,6,0,10,0
122,sub-07,rh-pericalcarine,0.5,0.0,0.0,0.6931471805599453,RandomForest + Dummy,conscious,conscious,False,Image,False,6,0,2,0
123,sub-07,rh-pericalcarine,0.5,0.0,0.0,0.6931471805599453,RandomForest + Dummy,conscious,conscious,False,Image,False,6,0,12,0
124,sub-07,rh-pericalcarine,0.5,0.0,0.0,0.6931471805599453,RandomForest + Dummy,conscious,conscious,False,Image,False,6,0,5,0
125,sub-07,rh-pericalcarine,0.5,0.0,0.0,0.6931471805599453,RandomForest + Dummy,conscious,conscious,False,Image,False,6,0,9,0
126,sub-07,rh-pericalcarine,0.5,0.0,0.0,0.6931471805599453,RandomForest + Dummy,conscious,conscious,False,Image,False,6,0,5,0
127,sub-07,rh-pericalcarine,0.5,0.0,0.0,0.6931471805599453,RandomForest + Dummy,conscious,conscious,False,Image,False,5,0,5,0
128,sub-07,rh-pericalcarine,0.5,0.0,0.0,0.6931471805599453,RandomForest + Dummy,conscious,conscious,False,Image,False,5,0,1,0
129,sub-07,rh-pericalcarine,0.5,0.0,0.0,0.6931471805599453,RandomForest + Dummy,conscious,conscious,False,Image,False,5,0,1,0
130,sub-07,rh-pericalcarine,0.5,0.0,0.0,0.6931471805599453,RandomForest + Dummy,conscious,conscious,False,Image,False,5,0,2,0
131,sub-07,rh-pericalcarine,0.5,0.0,0.0,0.6931471805599453,RandomForest + Dummy,conscious,conscious,False,Image,False,5,0,4,0
132,sub-07,rh-pericalcarine,0.5,0.0,0.0,0.6931471805599453,RandomForest + Dummy,conscious,conscious,False,Image,False,5,0,4,0
133,sub-07,rh-pericalcarine,0.5,0.0,0.0,0.6931471805599453,RandomForest + Dummy,conscious,conscious,False,Image,False,5,0,3,0
134,sub-07,rh-pericalcarine,0.5,0.0,0.0,0.6931471805599453,RandomForest + Dummy,conscious,conscious,False,Image,False,5,0,7,0
135,sub-07,rh-pericalcarine,0.5,0.0,0.0,0.6931471805599453,RandomForest + Dummy,conscious,conscious,False,Image,False,5,0,10,0
136,sub-07,rh-pericalcarine,0.5,0.0,0.0,0.6931471805599453,RandomForest + Dummy,conscious,conscious,False,Image,False,5,0,1,0
137,sub-07,rh-pericalcarine,0.5,0.0,0.0,0.6931471805599453,RandomForest + Dummy,conscious,conscious,False,Image,False,5,0,3,0
138,sub-07,rh-pericalcarine,0.5,0.0,0.0,0.6931471805599453,RandomForest + Dummy,conscious,conscious,False,Image,False,5,0,1,0
139,sub-07,rh-pericalcarine,0.5,0.0,0.0,0.6931471805599453,RandomForest + Dummy,conscious,conscious,False,Image,False,5,0,2,0
140,sub-07,rh-pericalcarine,0.5,0.0,0.0,0.6931471805599453,RandomForest + Dummy,conscious,conscious,False,Image,False,5,0,4,0
141,sub-07,rh-pericalcarine,0.5,0.0,0.0,0.6931471805599453,RandomForest + Dummy,conscious,conscious,False,Image,False,5,0,8,0
142,sub-07,rh-pericalcarine,0.5,0.0,0.0,0.6931471805599453,RandomForest + Dummy,conscious,conscious,False,Image,False,5,0,11,0
143,sub-07,rh-pericalcarine,0.5,0.0,0.0,0.6931471805599453,RandomForest + Dummy,conscious,conscious,False,Image,False,5,0,1,0
144,sub-07,rh-pericalcarine,0.5,0.0,0.0,0.6931471805599453,RandomForest + Dummy,conscious,conscious,False,Image,False,5,0,3,0
145,sub-07,rh-pericalcarine,0.5,0.0,0.0,0.6931471805599453,RandomForest + Dummy,conscious,conscious,False,Image,False,5,0,10,0
146,sub-07,rh-pericalcarine,0.5,0.0,0.0,0.6931471805599453,RandomForest + Dummy,conscious,conscious,False,Image,False,5,0,6,0
147,sub-07,rh-pericalcarine,0.5,0.0,0.0,0.6931471805599453,RandomForest + Dummy,conscious,conscious,False,Image,False,5,0,6,0
148,sub-07,rh-pericalcarine,0.5,0.0,0.0,0.6931471805599453,RandomForest + Dummy,conscious,conscious,False,Image,False,5,0,3,0
149,sub-07,rh-pericalcarine,0.5,0.0,0.0,0.6931471805599453,RandomForest + Dummy,conscious,conscious,False,Image,False,5,0,4,0
150,sub-07,rh-pericalcarine,0.5,0.0,0.0,0.6931471805599453,RandomForest + Dummy,conscious,conscious,False,Image,False,5,0,2,0
151,sub-07,rh-pericalcarine,0.5,0.0,0.0,0.6931471805599453,RandomForest + Dummy,conscious,conscious,False,Image,False,5,0,2,0
152,sub-07,rh-pericalcarine,0.5,0.0,0.0,0.6931471805599453,RandomForest + Dummy,conscious,conscious,False,Image,False,5,0,13,0
153,sub-07,rh-pericalcarine,0.5,0.0,0.0,0.6931471805599453,RandomForest + Dummy,conscious,conscious,False,Image,False,5,0,3,0
154,sub-07,rh-pericalcarine,0.5,0.0,0.0,0.6931471805599453,RandomForest + Dummy,conscious,conscious,False,Image,False,5,0,1,0
155,sub-07,rh-pericalcarine,0.5,0.0,0.0,0.6931471805599453,RandomForest + Dummy,conscious,conscious,False,Image,False,5,0,4,0
156,sub-07,rh-pericalcarine,0.5,0.0,0.0,0.6931471805599453,RandomForest + Dummy,conscious,conscious,False,Image,False,5,0,5,0
157,sub-07,rh-pericalcarine,0.5,0.0,0.0,0.6931471805599453,RandomForest + Dummy,conscious,conscious,False,Image,False,5,0,9,0
158,sub-07,rh-pericalcarine,0.5,0.0,0.0,0.6931471805599453,RandomForest + Dummy,conscious,conscious,False,Image,False,5,0,1,0
159,sub-07,rh-pericalcarine,0.5,0.0,0.0,0.6931471805599453,RandomForest + Dummy,conscious,conscious,False,Image,False,5,0,6,0
160,sub-07,rh-pericalcarine,0.5,0.0,0.0,0.6931471805599453,RandomForest + Dummy,conscious,conscious,False,Image,False,5,0,7,0
161,sub-07,rh-pericalcarine,0.5,0.0,0.0,0.6931471805599453,RandomForest + Dummy,conscious,conscious,False,Image,False,5,0,10,0
162,sub-07,rh-pericalcarine,0.5,0.0,0.0,0.6931471805599453,RandomForest + Dummy,conscious,conscious,False,Image,False,5,0,5,0
163,sub-07,rh-pericalcarine,0.5,0.0,0.0,0.6931471805599453,RandomForest + Dummy,conscious,conscious,False,Image,False,5,0,10,0
164,sub-07,rh-pericalcarine,0.5,0.0,0.0,0.6931471805599453,RandomForest + Dummy,conscious,conscious,False,Image,False,5,0,2,0
165,sub-07,rh-pericalcarine,0.5,0.0,0.0,0.6931471805599453,RandomForest + Dummy,conscious,conscious,False,Image,False,5,0,12,0
166,sub-07,rh-pericalcarine,0.5,0.0,0.0,0.6931471805599453,RandomForest + Dummy,conscious,conscious,False,Image,False,5,0,5,0
167,sub-07,rh-pericalcarine,0.5,0.0,0.0,0.6931471805599453,RandomForest + Dummy,conscious,conscious,False,Image,False,5,0,9,0
168,sub-07,rh-pericalcarine,0.5,0.0,0.0,0.6931471805599453,RandomForest + Dummy,conscious,conscious,False,Image,False,5,0,5,0
169,sub-07,rh-pericalcarine,0.5,0.0,0.0,0.6931471805599453,RandomForest + Dummy,conscious,conscious,False,Image,False,10,0,5,0
170,sub-07,rh-pericalcarine,0.5,0.0,0.0,0.6931471805599453,RandomForest + Dummy,conscious,conscious,False,Image,False,10,0,1,0
171,sub-07,rh-pericalcarine,0.5,0.0,0.0,0.6931471805599453,RandomForest + Dummy,conscious,conscious,False,Image,False,10,0,1,0
172,sub-07,rh-pericalcarine,0.5,0.0,0.0,0.6931471805599453,RandomForest + Dummy,conscious,conscious,False,Image,False,10,0,2,0
173,sub-07,rh-pericalcarine,0.5,0.0,0.0,0.6931471805599453,RandomForest + Dummy,conscious,conscious,False,Image,False,10,0,4,0
174,sub-07,rh-pericalcarine,0.5,0.0,0.0,0.6931471805599453,RandomForest + Dummy,conscious,conscious,False,Image,False,10,0,4,0
175,sub-07,rh-pericalcarine,0.5,0.0,0.0,0.6931471805599453,RandomForest + Dummy,conscious,conscious,False,Image,False,10,0,3,0
176,sub-07,rh-pericalcarine,0.5,0.0,0.0,0.6931471805599453,RandomForest + Dummy,conscious,conscious,False,Image,False,10,0,7,0
177,sub-07,rh-pericalcarine,0.5,0.0,0.0,0.6931471805599453,RandomForest + Dummy,conscious,conscious,False,Image,False,10,0,10,0
178,sub-07,rh-pericalcarine,0.5,0.0,0.0,0.6931471805599453,RandomForest + Dummy,conscious,conscious,False,Image,False,10,0,1,0
179,sub-07,rh-pericalcarine,0.5,0.0,0.0,0.6931471805599453,RandomForest + Dummy,conscious,conscious,False,Image,False,10,0,3,0
180,sub-07,rh-pericalcarine,0.5,0.0,0.0,0.6931471805599453,RandomForest + Dummy,conscious,conscious,False,Image,False,10,0,1,0
181,sub-07,rh-pericalcarine,0.5,0.0,0.0,0.6931471805599453,RandomForest + Dummy,conscious,conscious,False,Image,False,10,0,2,0
182,sub-07,rh-pericalcarine,0.5,0.0,0.0,0.6931471805599453,RandomForest + Dummy,conscious,conscious,False,Image,False,10,0,4,0
183,sub-07,rh-pericalcarine,0.5,0.0,0.0,0.6931471805599453,RandomForest + Dummy,conscious,conscious,False,Image,False,10,0,8,0
184,sub-07,rh-pericalcarine,0.5,0.0,0.0,0.6931471805599453,RandomForest + Dummy,conscious,conscious,False,Image,False,10,0,11,0
185,sub-07,rh-pericalcarine,0.5,0.0,0.0,0.6931471805599453,RandomForest + Dummy,conscious,conscious,False,Image,False,10,0,1,0
186,sub-07,rh-pericalcarine,0.5,0.0,0.0,0.6931471805599453,RandomForest + Dummy,conscious,conscious,False,Image,False,10,0,3,0
187,sub-07,rh-pericalcarine,0.5,0.0,0.0,0.6931471805599453,RandomForest + Dummy,conscious,conscious,False,Image,False,10,0,10,0
188,sub-07,rh-pericalcarine,0.5,0.0,0.0,0.6931471805599453,RandomForest + Dummy,conscious,conscious,False,Image,False,10,0,6,0
189,sub-07,rh-pericalcarine,0.5,0.0,0.0,0.6931471805599453,RandomForest + Dummy,conscious,conscious,False,Image,False,10,0,6,0
190,sub-07,rh-pericalcarine,0.5,0.0,0.0,0.6931471805599453,RandomForest + Dummy,conscious,conscious,False,Image,False,10,0,3,0
191,sub-07,rh-pericalcarine,0.5,0.0,0.0,0.6931471805599453,RandomForest + Dummy,conscious,conscious,False,Image,False,10,0,4,0
192,sub-07,rh-pericalcarine,0.5,0.0,0.0,0.6931471805599453,RandomForest + Dummy,conscious,conscious,False,Image,False,10,0,2,0
193,sub-07,rh-pericalcarine,0.5,0.0,0.0,0.6931471805599453,RandomForest + Dummy,conscious,conscious,False,Image,False,10,0,2,0
194,sub-07,rh-pericalcarine,0.5,0.0,0.0,0.6931471805599453,RandomForest + Dummy,conscious,conscious,False,Image,False,10,0,13,0
195,sub-07,rh-pericalcarine,0.5,0.0,0.0,0.6931471805599453,RandomForest + Dummy,conscious,conscious,False,Image,False,10,0,3,0
196,sub-07,rh-pericalcarine,0.5,0.0,0.0,0.6931471805599453,RandomForest + Dummy,conscious,conscious,False,Image,False,10,0,1,0
197,sub-07,rh-pericalcarine,0.5,0.0,0.0,0.6931471805599453,RandomForest + Dummy,conscious,conscious,False,Image,False,10,0,4,0
198,sub-07,rh-pericalcarine,0.5,0.0,0.0,0.6931471805599453,RandomForest + Dummy,conscious,conscious,False,Image,False,10,0,5,0
199,sub-07,rh-pericalcarine,0.5,0.0,0.0,0.6931471805599453,RandomForest + Dummy,conscious,conscious,False,Image,False,10,0,9,0
200,sub-07,rh-pericalcarine,0.5,0.0,0.0,0.6931471805599453,RandomForest + Dummy,conscious,conscious,False,Image,False,10,0,1,0
201,sub-07,rh-pericalcarine,0.5,0.0,0.0,0.6931471805599453,RandomForest + Dummy,conscious,conscious,False,Image,False,10,0,6,0
202,sub-07,rh-pericalcarine,0.5,0.0,0.0,0.6931471805599453,RandomForest + Dummy,conscious,conscious,False,Image,False,10,0,7,0
203,sub-07,rh-pericalcarine,0.5,0.0,0.0,0.6931471805599453,RandomForest + Dummy,conscious,conscious,False,Image,False,10,0,10,0
204,sub-07,rh-pericalcarine,0.5,0.0,0.0,0.6931471805599453,RandomForest + Dummy,conscious,conscious,False,Image,False,10,0,5,0
205,sub-07,rh-pericalcarine,0.5,0.0,0.0,0.6931471805599453,RandomForest + Dummy,conscious,conscious,False,Image,False,10,0,10,0
206,sub-07,rh-pericalcarine,0.5,0.0,0.0,0.6931471805599453,RandomForest + Dummy,conscious,conscious,False,Image,False,10,0,2,0
207,sub-07,rh-pericalcarine,0.5,0.0,0.0,0.6931471805599453,RandomForest + Dummy,conscious,conscious,False,Image,False,10,0,12,0
208,sub-07,rh-pericalcarine,0.5,0.0,0.0,0.6931471805599453,RandomForest + Dummy,conscious,conscious,False,Image,False,10,0,5,0
209,sub-07,rh-pericalcarine,0.5,0.0,0.0,0.6931471805599453,RandomForest + Dummy,conscious,conscious,False,Image,False,10,0,9,0
210,sub-07,rh-pericalcarine,0.5,0.0,0.0,0.6931471805599453,RandomForest + Dummy,conscious,conscious,False,Image,False,10,0,5,0
211,sub-07,rh-pericalcarine,0.5,0.0,0.0,0.6931471805599453,RandomForest + Dummy,conscious,conscious,False,Image,False,3,0,5,0
212,sub-07,rh-pericalcarine,0.5,0.0,0.0,0.6931471805599453,RandomForest + Dummy,conscious,conscious,False,Image,False,3,0,1,0
213,sub-07,rh-pericalcarine,0.5,0.0,0.0,0.6931471805599453,RandomForest + Dummy,conscious,conscious,False,Image,False,3,0,1,0
214,sub-07,rh-pericalcarine,0.5,0.0,0.0,0.6931471805599453,RandomForest + Dummy,conscious,conscious,False,Image,False,3,0,2,0
215,sub-07,rh-pericalcarine,0.5,0.0,0.0,0.6931471805599453,RandomForest + Dummy,conscious,conscious,False,Image,False,3,0,4,0
216,sub-07,rh-pericalcarine,0.5,0.0,0.0,0.6931471805599453,RandomForest + Dummy,conscious,conscious,False,Image,False,3,0,4,0
217,sub-07,rh-pericalcarine,0.5,0.0,0.0,0.6931471805599453,RandomForest + Dummy,conscious,conscious,False,Image,False,3,0,3,0
218,sub-07,rh-pericalcarine,0.5,0.0,0.0,0.6931471805599453,RandomForest + Dummy,conscious,conscious,False,Image,False,3,0,7,0
219,sub-07,rh-pericalcarine,0.5,0.0,0.0,0.6931471805599453,RandomForest + Dummy,conscious,conscious,False,Image,False,3,0,10,0
220,sub-07,rh-pericalcarine,0.5,0.0,0.0,0.6931471805599453,RandomForest + Dummy,conscious,conscious,False,Image,False,3,0,1,0
221,sub-07,rh-pericalcarine,0.5,0.0,0.0,0.6931471805599453,RandomForest + Dummy,conscious,conscious,False,Image,False,3,0,3,0
222,sub-07,rh-pericalcarine,0.5,0.0,0.0,0.6931471805599453,RandomForest + Dummy,conscious,conscious,False,Image,False,3,0,1,0
223,sub-07,rh-pericalcarine,0.5,0.0,0.0,0.6931471805599453,RandomForest + Dummy,conscious,conscious,False,Image,False,3,0,2,0
224,sub-07,rh-pericalcarine,0.5,0.0,0.0,0.6931471805599453,RandomForest + Dummy,conscious,conscious,False,Image,False,3,0,4,0
225,sub-07,rh-pericalcarine,0.5,0.0,0.0,0.6931471805599453,RandomForest + Dummy,conscious,conscious,False,Image,False,3,0,8,0
226,sub-07,rh-pericalcarine,0.5,0.0,0.0,0.6931471805599453,RandomForest + Dummy,conscious,conscious,False,Image,False,3,0,11,0
227,sub-07,rh-pericalcarine,0.5,0.0,0.0,0.6931471805599453,RandomForest + Dummy,conscious,conscious,False,Image,False,3,0,1,0
228,sub-07,rh-pericalcarine,0.5,0.0,0.0,0.6931471805599453,RandomForest + Dummy,conscious,conscious,False,Image,False,3,0,3,0
229,sub-07,rh-pericalcarine,0.5,0.0,0.0,0.6931471805599453,RandomForest + Dummy,conscious,conscious,False,Image,False,3,0,10,0
230,sub-07,rh-pericalcarine,0.5,0.0,0.0,0.6931471805599453,RandomForest + Dummy,conscious,conscious,False,Image,False,3,0,6,0
231,sub-07,rh-pericalcarine,0.5,0.0,0.0,0.6931471805599453,RandomForest + Dummy,conscious,conscious,False,Image,False,3,0,6,0
232,sub-07,rh-pericalcarine,0.5,0.0,0.0,0.6931471805599453,RandomForest + Dummy,conscious,conscious,False,Image,False,3,0,3,0
233,sub-07,rh-pericalcarine,0.5,0.0,0.0,0.6931471805599453,RandomForest + Dummy,conscious,conscious,False,Image,False,3,0,4,0
234,sub-07,rh-pericalcarine,0.5,0.0,0.0,0.6931471805599453,RandomForest + Dummy,conscious,conscious,False,Image,False,3,0,2,0
235,sub-07,rh-pericalcarine,0.5,0.0,0.0,0.6931471805599453,RandomForest + Dummy,conscious,conscious,False,Image,False,3,0,2,0
236,sub-07,rh-pericalcarine,0.5,0.0,0.0,0.6931471805599453,RandomForest + Dummy,conscious,conscious,False,Image,False,3,0,13,0
237,sub-07,rh-pericalcarine,0.5,0.0,0.0,0.6931471805599453,RandomForest + Dummy,conscious,conscious,False,Image,False,3,0,3,0
238,sub-07,rh-pericalcarine,0.5,0.0,0.0,0.6931471805599453,RandomForest + Dummy,conscious,conscious,False,Image,False,3,0,1,0
239,sub-07,rh-pericalcarine,0.5,0.0,0.0,0.6931471805599453,RandomForest + Dummy,conscious,conscious,False,Image,False,3,0,4,0
240,sub-07,rh-pericalcarine,0.5,0.0,0.0,0.6931471805599453,RandomForest + Dummy,conscious,conscious,False,Image,False,3,0,5,0
241,sub-07,rh-pericalcarine,0.5,0.0,0.0,0.6931471805599453,RandomForest + Dummy,conscious,conscious,False,Image,False,3,0,9,0
242,sub-07,rh-pericalcarine,0.5,0.0,0.0,0.6931471805599453,RandomForest + Dummy,conscious,conscious,False,Image,False,3,0,1,0
243,sub-07,rh-pericalcarine,0.5,0.0,0.0,0.6931471805599453,RandomForest + Dummy,conscious,conscious,False,Image,False,3,0,6,0
244,sub-07,rh-pericalcarine,0.5,0.0,0.0,0.6931471805599453,RandomForest + Dummy,conscious,conscious,False,Image,False,3,0,7,0
245,sub-07,rh-pericalcarine,0.5,0.0,0.0,0.6931471805599453,RandomForest + Dummy,conscious,conscious,False,Image,False,3,0,10,0
246,sub-07,rh-pericalcarine,0.5,0.0,0.0,0.6931471805599453,RandomForest + Dummy,conscious,conscious,False,Image,False,3,0,5,0
247,sub-07,rh-pericalcarine,0.5,0.0,0.0,0.6931471805599453,RandomForest + Dummy,conscious,conscious,False,Image,False,3,0,10,0
248,sub-07,rh-pericalcarine,0.5,0.0,0.0,0.6931471805599453,RandomForest + Dummy,conscious,conscious,False,Image,False,3,0,2,0
249,sub-07,rh-pericalcarine,0.5,0.0,0.0,0.6931471805599453,RandomForest + Dummy,conscious,conscious,False,Image,False,3,0,12,0
250,sub-07,rh-pericalcarine,0.5,0.0,0.0,0.6931471805599453,RandomForest + Dummy,conscious,conscious,False,Image,False,3,0,5,0
251,sub-07,rh-pericalcarine,0.5,0.0,0.0,0.6931471805599453,RandomForest + Dummy,conscious,conscious,False,Image,False,3,0,9,0
252,sub-07,rh-pericalcarine,0.5,0.0,0.0,0.6931471805599453,RandomForest + Dummy,conscious,conscious,False,Image,False,3,0,5,0
253,sub-07,rh-pericalcarine,0.5,0.0,0.0,0.6931471805599453,RandomForest + Dummy,conscious,conscious,False,Image,False,3,0,5,0
254,sub-07,rh-pericalcarine,0.5,0.0,0.0,0.6931471805599453,RandomForest + Dummy,conscious,conscious,False,Image,False,3,0,1,0
255,sub-07,rh-pericalcarine,0.5,0.0,0.0,0.6931471805599453,RandomForest + Dummy,conscious,conscious,False,Image,False,3,0,1,0
256,sub-07,rh-pericalcarine,0.5,0.0,0.0,0.6931471805599453,RandomForest + Dummy,conscious,conscious,False,Image,False,3,0,2,0
257,sub-07,rh-pericalcarine,0.5,0.0,0.0,0.6931471805599453,RandomForest + Dummy,conscious,conscious,False,Image,False,3,0,4,0
258,sub-07,rh-pericalcarine,0.5,0.0,0.0,0.6931471805599453,RandomForest + Dummy,conscious,conscious,False,Image,False,3,0,4,0
259,sub-07,rh-pericalcarine,0.5,0.0,0.0,0.6931471805599453,RandomForest + Dummy,conscious,conscious,False,Image,False,3,0,3,0
260,sub-07,rh-pericalcarine,0.5,0.0,0.0,0.6931471805599453,RandomForest + Dummy,conscious,conscious,False,Image,False,3,0,7,0
261,sub-07,rh-pericalcarine,0.5,0.0,0.0,0.6931471805599453,RandomForest + Dummy,conscious,conscious,False,Image,False,3,0,10,0
262,sub-07,rh-pericalcarine,0.5,0.0,0.0,0.6931471805599453,RandomForest + Dummy,conscious,conscious,False,Image,False,3,0,1,0
263,sub-07,rh-pericalcarine,0.5,0.0,0.0,0.6931471805599453,RandomForest + Dummy,conscious,conscious,False,Image,False,3,0,3,0
264,sub-07,rh-pericalcarine,0.5,0.0,0.0,0.6931471805599453,RandomForest + Dummy,conscious,conscious,False,Image,False,3,0,1,0
265,sub-07,rh-pericalcarine,0.5,0.0,0.0,0.6931471805599453,RandomForest + Dummy,conscious,conscious,False,Image,False,3,0,2,0
266,sub-07,rh-pericalcarine,0.5,0.0,0.0,0.6931471805599453,RandomForest + Dummy,conscious,conscious,False,Image,False,3,0,4,0
267,sub-07,rh-pericalcarine,0.5,0.0,0.0,0.6931471805599453,RandomForest + Dummy,conscious,conscious,False,Image,False,3,0,8,0
268,sub-07,rh-pericalcarine,0.5,0.0,0.0,0.6931471805599453,RandomForest + Dummy,conscious,conscious,False,Image,False,3,0,11,0
269,sub-07,rh-pericalcarine,0.5,0.0,0.0,0.6931471805599453,RandomForest + Dummy,conscious,conscious,False,Image,False,3,0,1,0
270,sub-07,rh-pericalcarine,0.5,0.0,0.0,0.6931471805599453,RandomForest + Dummy,conscious,conscious,False,Image,False,3,0,3,0
271,sub-07,rh-pericalcarine,0.5,0.0,0.0,0.6931471805599453,RandomForest + Dummy,conscious,conscious,False,Image,False,3,0,10,0
272,sub-07,rh-pericalcarine,0.5,0.0,0.0,0.6931471805599453,RandomForest + Dummy,conscious,conscious,False,Image,False,3,0,6,0
273,sub-07,rh-pericalcarine,0.5,0.0,0.0,0.6931471805599453,RandomForest + Dummy,conscious,conscious,False,Image,False,3,0,6,0
274,sub-07,rh-pericalcarine,0.5,0.0,0.0,0.6931471805599453,RandomForest + Dummy,conscious,conscious,False,Image,False,3,0,3,0
275,sub-07,rh-pericalcarine,0.5,0.0,0.0,0.6931471805599453,RandomForest + Dummy,conscious,conscious,False,Image,False,3,0,4,0
276,sub-07,rh-pericalcarine,0.5,0.0,0.0,0.6931471805599453,RandomForest + Dummy,conscious,conscious,False,Image,False,3,0,2,0
277,sub-07,rh-pericalcarine,0.5,0.0,0.0,0.6931471805599453,RandomForest + Dummy,conscious,conscious,False,Image,False,3,0,2,0
278,sub-07,rh-pericalcarine,0.5,0.0,0.0,0.6931471805599453,RandomForest + Dummy,conscious,conscious,False,Image,False,3,0,13,0
279,sub-07,rh-pericalcarine,0.5,0.0,0.0,0.6931471805599453,RandomForest + Dummy,conscious,conscious,False,Image,False,3,0,3,0
280,sub-07,rh-pericalcarine,0.5,0.0,0.0,0.6931471805599453,RandomForest + Dummy,conscious,conscious,False,Image,False,3,0,1,0
281,sub-07,rh-pericalcarine,0.5,0.0,0.0,0.6931471805599453,RandomForest + Dummy,conscious,conscious,False,Image,False,3,0,4,0
282,sub-07,rh-pericalcarine,0.5,0.0,0.0,0.6931471805599453,RandomForest + Dummy,conscious,conscious,False,Image,False,3,0,5,0
283,sub-07,rh-pericalcarine,0.5,0.0,0.0,0.6931471805599453,RandomForest + Dummy,conscious,conscious,False,Image,False,3,0,9,0
284,sub-07,rh-pericalcarine,0.5,0.0,0.0,0.6931471805599453,RandomForest + Dummy,conscious,conscious,False,Image,False,3,0,1,0
285,sub-07,rh-pericalcarine,0.5,0.0,0.0,0.6931471805599453,RandomForest + Dummy,conscious,conscious,False,Image,False,3,0,6,0
286,sub-07,rh-pericalcarine,0.5,0.0,0.0,0.6931471805599453,RandomForest + Dummy,conscious,conscious,False,Image,False,3,0,7,0
287,sub-07,rh-pericalcarine,0.5,0.0,0.0,0.6931471805599453,RandomForest + Dummy,conscious,conscious,False,Image,False,3,0,10,0
288,sub-07,rh-pericalcarine,0.5,0.0,0.0,0.6931471805599453,RandomForest + Dummy,conscious,conscious,False,Image,False,3,0,5,0
289,sub-07,rh-pericalcarine,0.5,0.0,0.0,0.6931471805599453,RandomForest + Dummy,conscious,conscious,False,Image,False,3,0,10,0
290,sub-07,rh-pericalcarine,0.5,0.0,0.0,0.6931471805599453,RandomForest + Dummy,conscious,conscious,False,Image,False,3,0,2,0
291,sub-07,rh-pericalcarine,0.5,0.0,0.0,0.6931471805599453,RandomForest + Dummy,conscious,conscious,False,Image,False,3,0,12,0
292,sub-07,rh-pericalcarine,0.5,0.0,0.0,0.6931471805599453,RandomForest + Dummy,conscious,conscious,False,Image,False,3,0,5,0
293,sub-07,rh-pericalcarine,0.5,0.0,0.0,0.6931471805599453,RandomForest + Dummy,conscious,conscious,False,Image,False,3,0,9,0
294,sub-07,rh-pericalcarine,0.5,0.0,0.0,0.6931471805599453,RandomForest + Dummy,conscious,conscious,False,Image,False,3,0,5,0
295,sub-07,rh-pericalcarine,0.5,0.0,0.0,0.6931471805599453,RandomForest + Dummy,conscious,conscious,False,Image,False,5,0,5,0
296,sub-07,rh-pericalcarine,0.5,0.0,0.0,0.6931471805599453,RandomForest + Dummy,conscious,conscious,False,Image,False,5,0,1,0
297,sub-07,rh-pericalcarine,0.5,0.0,0.0,0.6931471805599453,RandomForest + Dummy,conscious,conscious,False,Image,False,5,0,1,0
298,sub-07,rh-pericalcarine,0.5,0.0,0.0,0.6931471805599453,RandomForest + Dummy,conscious,conscious,False,Image,False,5,0,2,0
299,sub-07,rh-pericalcarine,0.5,0.0,0.0,0.6931471805599453,RandomForest + Dummy,conscious,conscious,False,Image,False,5,0,4,0
300,sub-07,rh-pericalcarine,0.5,0.0,0.0,0.6931471805599453,RandomForest + Dummy,conscious,conscious,False,Image,False,5,0,4,0
301,sub-07,rh-pericalcarine,0.5,0.0,0.0,0.6931471805599453,RandomForest + Dummy,conscious,conscious,False,Image,False,5,0,3,0
302,sub-07,rh-pericalcarine,0.5,0.0,0.0,0.6931471805599453,RandomForest + Dummy,conscious,conscious,False,Image,False,5,0,7,0
303,sub-07,rh-pericalcarine,0.5,0.0,0.0,0.6931471805599453,RandomForest + Dummy,conscious,conscious,False,Image,False,5,0,10,0
304,sub-07,rh-pericalcarine,0.5,0.0,0.0,0.6931471805599453,RandomForest + Dummy,conscious,conscious,False,Image,False,5,0,1,0
305,sub-07,rh-pericalcarine,0.5,0.0,0.0,0.6931471805599453,RandomForest + Dummy,conscious,conscious,False,Image,False,5,0,3,0
306,sub-07,rh-pericalcarine,0.5,0.0,0.0,0.6931471805599453,RandomForest + Dummy,conscious,conscious,False,Image,False,5,0,1,0
307,sub-07,rh-pericalcarine,0.5,0.0,0.0,0.6931471805599453,RandomForest + Dummy,conscious,conscious,False,Image,False,5,0,2,0
308,sub-07,rh-pericalcarine,0.5,0.0,0.0,0.6931471805599453,RandomForest + Dummy,conscious,conscious,False,Image,False,5,0,4,0
309,sub-07,rh-pericalcarine,0.5,0.0,0.0,0.6931471805599453,RandomForest + Dummy,conscious,conscious,False,Image,False,5,0,8,0
310,sub-07,rh-pericalcarine,0.5,0.0,0.0,0.6931471805599453,RandomForest + Dummy,conscious,conscious,False,Image,False,5,0,11,0
311,sub-07,rh-pericalcarine,0.5,0.0,0.0,0.6931471805599453,RandomForest + Dummy,conscious,conscious,False,Image,False,5,0,1,0
312,sub-07,rh-pericalcarine,0.5,0.0,0.0,0.6931471805599453,RandomForest + Dummy,conscious,conscious,False,Image,False,5,0,3,0
313,sub-07,rh-pericalcarine,0.5,0.0,0.0,0.6931471805599453,RandomForest + Dummy,conscious,conscious,False,Image,False,5,0,10,0
314,sub-07,rh-pericalcarine,0.5,0.0,0.0,0.6931471805599453,RandomForest + Dummy,conscious,conscious,False,Image,False,5,0,6,0
315,sub-07,rh-pericalcarine,0.5,0.0,0.0,0.6931471805599453,RandomForest + Dummy,conscious,conscious,False,Image,False,5,0,6,0
316,sub-07,rh-pericalcarine,0.5,0.0,0.0,0.6931471805599453,RandomForest + Dummy,conscious,conscious,False,Image,False,5,0,3,0
317,sub-07,rh-pericalcarine,0.5,0.0,0.0,0.6931471805599453,RandomForest + Dummy,conscious,conscious,False,Image,False,5,0,4,0
318,sub-07,rh-pericalcarine,0.5,0.0,0.0,0.6931471805599453,RandomForest + Dummy,conscious,conscious,False,Image,False,5,0,2,0
319,sub-07,rh-pericalcarine,0.5,0.0,0.0,0.6931471805599453,RandomForest + Dummy,conscious,conscious,False,Image,False,5,0,2,0
320,sub-07,rh-pericalcarine,0.5,0.0,0.0,0.6931471805599453,RandomForest + Dummy,conscious,conscious,False,Image,False,5,0,13,0
321,sub-07,rh-pericalcarine,0.5,0.0,0.0,0.6931471805599453,RandomForest + Dummy,conscious,conscious,False,Image,False,5,0,3,0
322,sub-07,rh-pericalcarine,0.5,0.0,0.0,0.6931471805599453,RandomForest + Dummy,conscious,conscious,False,Image,False,5,0,1,0
323,sub-07,rh-pericalcarine,0.5,0.0,0.0,0.6931471805599453,RandomForest + Dummy,conscious,conscious,False,Image,False,5,0,4,0
324,sub-07,rh-pericalcarine,0.5,0.0,0.0,0.6931471805599453,RandomForest + Dummy,conscious,conscious,False,Image,False,5,0,5,0
325,sub-07,rh-pericalcarine,0.5,0.0,0.0,0.6931471805599453,RandomForest + Dummy,conscious,conscious,False,Image,False,5,0,9,0
326,sub-07,rh-pericalcarine,0.5,0.0,0.0,0.6931471805599453,RandomForest + Dummy,conscious,conscious,False,Image,False,5,0,1,0
327,sub-07,rh-pericalcarine,0.5,0.0,0.0,0.6931471805599453,RandomForest + Dummy,conscious,conscious,False,Image,False,5,0,6,0
328,sub-07,rh-pericalcarine,0.5,0.0,0.0,0.6931471805599453,RandomForest + Dummy,conscious,conscious,False,Image,False,5,0,7,0
329,sub-07,rh-pericalcarine,0.5,0.0,0.0,0.6931471805599453,RandomForest + Dummy,conscious,conscious,False,Image,False,5,0,10,0
330,sub-07,rh-pericalcarine,0.5,0.0,0.0,0.6931471805599453,RandomForest + Dummy,conscious,conscious,False,Image,False,5,0,5,0
331,sub-07,rh-pericalcarine,0.5,0.0,0.0,0.6931471805599453,RandomForest + Dummy,conscious,conscious,False,Image,False,5,0,10,0
332,sub-07,rh-pericalcarine,0.5,0.0,0.0,0.6931471805599453,RandomForest + Dummy,conscious,conscious,False,Image,False,5,0,2,0
333,sub-07,rh-pericalcarine,0.5,0.0,0.0,0.6931471805599453,RandomForest + Dummy,conscious,conscious,False,Image,False,5,0,12,0
334,sub-07,rh-pericalcarine,0.5,0.0,0.0,0.6931471805599453,RandomForest + Dummy,conscious,conscious,False,Image,False,5,0,5,0
335,sub-07,rh-pericalcarine,0.5,0.0,0.0,0.6931471805599453,RandomForest + Dummy,conscious,conscious,False,Image,False,5,0,9,0
336,sub-07,rh-pericalcarine,0.5,0.0,0.0,0.6931471805599453,RandomForest + Dummy,conscious,conscious,False,Image,False,5,0,5,0
337,sub-07,rh-pericalcarine,0.5,0.0,0.0,0.6931471805599453,RandomForest + Dummy,conscious,conscious,False,Image,False,3,0,5,0
338,sub-07,rh-pericalcarine,0.5,0.0,0.0,0.6931471805599453,RandomForest + Dummy,conscious,conscious,False,Image,False,3,0,1,0
339,sub-07,rh-pericalcarine,0.5,0.0,0.0,0.6931471805599453,RandomForest + Dummy,conscious,conscious,False,Image,False,3,0,1,0
340,sub-07,rh-pericalcarine,0.5,0.0,0.0,0.6931471805599453,RandomForest + Dummy,conscious,conscious,False,Image,False,3,0,2,0
341,sub-07,rh-pericalcarine,0.5,0.0,0.0,0.6931471805599453,RandomForest + Dummy,conscious,conscious,False,Image,False,3,0,4,0
342,sub-07,rh-pericalcarine,0.5,0.0,0.0,0.6931471805599453,RandomForest + Dummy,conscious,conscious,False,Image,False,3,0,4,0
343,sub-07,rh-pericalcarine,0.5,0.0,0.0,0.6931471805599453,RandomForest + Dummy,conscious,conscious,False,Image,False,3,0,3,0
344,sub-07,rh-pericalcarine,0.5,0.0,0.0,0.6931471805599453,RandomForest + Dummy,conscious,conscious,False,Image,False,3,0,7,0
345,sub-07,rh-pericalcarine,0.5,0.0,0.0,0.6931471805599453,RandomForest + Dummy,conscious,conscious,False,Image,False,3,0,10,0
346,sub-07,rh-pericalcarine,0.5,0.0,0.0,0.6931471805599453,RandomForest + Dummy,conscious,conscious,False,Image,False,3,0,1,0
347,sub-07,rh-pericalcarine,0.5,0.0,0.0,0.6931471805599453,RandomForest + Dummy,conscious,conscious,False,Image,False,3,0,3,0
348,sub-07,rh-pericalcarine,0.5,0.0,0.0,0.6931471805599453,RandomForest + Dummy,conscious,conscious,False,Image,False,3,0,1,0
349,sub-07,rh-pericalcarine,0.5,0.0,0.0,0.6931471805599453,RandomForest + Dummy,conscious,conscious,False,Image,False,3,0,2,0
350,sub-07,rh-pericalcarine,0.5,0.0,0.0,0.6931471805599453,RandomForest + Dummy,conscious,conscious,False,Image,False,3,0,4,0
351,sub-07,rh-pericalcarine,0.5,0.0,0.0,0.6931471805599453,RandomForest + Dummy,conscious,conscious,False,Image,False,3,0,8,0
352,sub-07,rh-pericalcarine,0.5,0.0,0.0,0.6931471805599453,RandomForest + Dummy,conscious,conscious,False,Image,False,3,0,11,0
353,sub-07,rh-pericalcarine,0.5,0.0,0.0,0.6931471805599453,RandomForest + Dummy,conscious,conscious,False,Image,False,3,0,1,0
354,sub-07,rh-pericalcarine,0.5,0.0,0.0,0.6931471805599453,RandomForest + Dummy,conscious,conscious,False,Image,False,3,0,3,0
355,sub-07,rh-pericalcarine,0.5,0.0,0.0,0.6931471805599453,RandomForest + Dummy,conscious,conscious,False,Image,False,3,0,10,0
356,sub-07,rh-pericalcarine,0.5,0.0,0.0,0.6931471805599453,RandomForest + Dummy,conscious,conscious,False,Image,False,3,0,6,0
357,sub-07,rh-pericalcarine,0.5,0.0,0.0,0.6931471805599453,RandomForest + Dummy,conscious,conscious,False,Image,False,3,0,6,0
358,sub-07,rh-pericalcarine,0.5,0.0,0.0,0.6931471805599453,RandomForest + Dummy,conscious,conscious,False,Image,False,3,0,3,0
359,sub-07,rh-pericalcarine,0.5,0.0,0.0,0.6931471805599453,RandomForest + Dummy,conscious,conscious,False,Image,False,3,0,4,0
360,sub-07,rh-pericalcarine,0.5,0.0,0.0,0.6931471805599453,RandomForest + Dummy,conscious,conscious,False,Image,False,3,0,2,0
361,sub-07,rh-pericalcarine,0.5,0.0,0.0,0.6931471805599453,RandomForest + Dummy,conscious,conscious,False,Image,False,3,0,2,0
362,sub-07,rh-pericalcarine,0.5,0.0,0.0,0.6931471805599453,RandomForest + Dummy,conscious,conscious,False,Image,False,3,0,13,0
363,sub-07,rh-pericalcarine,0.5,0.0,0.0,0.6931471805599453,RandomForest + Dummy,conscious,conscious,False,Image,False,3,0,3,0
364,sub-07,rh-pericalcarine,0.5,0.0,0.0,0.6931471805599453,RandomForest + Dummy,conscious,conscious,False,Image,False,3,0,1,0
365,sub-07,rh-pericalcarine,0.5,0.0,0.0,0.6931471805599453,RandomForest + Dummy,conscious,conscious,False,Image,False,3,0,4,0
366,sub-07,rh-pericalcarine,0.5,0.0,0.0,0.6931471805599453,RandomForest + Dummy,conscious,conscious,False,Image,False,3,0,5,0
367,sub-07,rh-pericalcarine,0.5,0.0,0.0,0.6931471805599453,RandomForest + Dummy,conscious,conscious,False,Image,False,3,0,9,0
368,sub-07,rh-pericalcarine,0.5,0.0,0.0,0.6931471805599453,RandomForest + Dummy,conscious,conscious,False,Image,False,3,0,1,0
369,sub-07,rh-pericalcarine,0.5,0.0,0.0,0.6931471805599453,RandomForest + Dummy,conscious,conscious,False,Image,False,3,0,6,0
370,sub-07,rh-pericalcarine,0.5,0.0,0.0,0.6931471805599453,RandomForest + Dummy,conscious,conscious,False,Image,False,3,0,7,0
371,sub-07,rh-pericalcarine,0.5,0.0,0.0,0.6931471805599453,RandomForest + Dummy,conscious,conscious,False,Image,False,3,0,10,0
372,sub-07,rh-pericalcarine,0.5,0.0,0.0,0.6931471805599453,RandomForest + Dummy,conscious,conscious,False,Image,False,3,0,5,0
373,sub-07,rh-pericalcarine,0.5,0.0,0.0,0.6931471805599453,RandomForest + Dummy,conscious,conscious,False,Image,False,3,0,10,0
374,sub-07,rh-pericalcarine,0.5,0.0,0.0,0.6931471805599453,RandomForest + Dummy,conscious,conscious,False,Image,False,3,0,2,0
375,sub-07,rh-pericalcarine,0.5,0.0,0.0,0.6931471805599453,RandomForest + Dummy,conscious,conscious,False,Image,False,3,0,12,0
376,sub-07,rh-pericalcarine,0.5,0.0,0.0,0.6931471805599453,RandomForest + Dummy,conscious,conscious,False,Image,False,3,0,5,0
377,sub-07,rh-pericalcarine,0.5,0.0,0.0,0.6931471805599453,RandomForest + Dummy,conscious,conscious,False,Image,False,3,0,9,0
378,sub-07,rh-pericalcarine,0.5,0.0,0.0,0.6931471805599453,RandomForest + Dummy,conscious,conscious,False,Image,False,3,0,5,0
379,sub-07,rh-pericalcarine,0.5,0.0,0.0,0.6931471805599453,RandomForest + Dummy,conscious,conscious,False,Image,False,3,0,5,0
380,sub-07,rh-pericalcarine,0.5,0.0,0.0,0.6931471805599453,RandomForest + Dummy,conscious,conscious,False,Image,False,3,0,1,0
381,sub-07,rh-pericalcarine,0.5,0.0,0.0,0.6931471805599453,RandomForest + Dummy,conscious,conscious,False,Image,False,3,0,1,0
382,sub-07,rh-pericalcarine,0.5,0.0,0.0,0.6931471805599453,RandomForest + Dummy,conscious,conscious,False,Image,False,3,0,2,0
383,sub-07,rh-pericalcarine,0.5,0.0,0.0,0.6931471805599453,RandomForest + Dummy,conscious,conscious,False,Image,False,3,0,4,0
384,sub-07,rh-pericalcarine,0.5,0.0,0.0,0.6931471805599453,RandomForest + Dummy,conscious,conscious,False,Image,False,3,0,4,0
385,sub-07,rh-pericalcarine,0.5,0.0,0.0,0.6931471805599453,RandomForest + Dummy,conscious,conscious,False,Image,False,3,0,3,0
386,sub-07,rh-pericalcarine,0.5,0.0,0.0,0.6931471805599453,RandomForest + Dummy,conscious,conscious,False,Image,False,3,0,7,0
387,sub-07,rh-pericalcarine,0.5,0.0,0.0,0.6931471805599453,RandomForest + Dummy,conscious,conscious,False,Image,False,3,0,10,0
388,sub-07,rh-pericalcarine,0.5,0.0,0.0,0.6931471805599453,RandomForest + Dummy,conscious,conscious,False,Image,False,3,0,1,0
389,sub-07,rh-pericalcarine,0.5,0.0,0.0,0.6931471805599453,RandomForest + Dummy,conscious,conscious,False,Image,False,3,0,3,0
390,sub-07,rh-pericalcarine,0.5,0.0,0.0,0.6931471805599453,RandomForest + Dummy,conscious,conscious,False,Image,False,3,0,1,0
391,sub-07,rh-pericalcarine,0.5,0.0,0.0,0.6931471805599453,RandomForest + Dummy,conscious,conscious,False,Image,False,3,0,2,0
392,sub-07,rh-pericalcarine,0.5,0.0,0.0,0.6931471805599453,RandomForest + Dummy,conscious,conscious,False,Image,False,3,0,4,0
393,sub-07,rh-pericalcarine,0.5,0.0,0.0,0.6931471805599453,RandomForest + Dummy,conscious,conscious,False,Image,False,3,0,8,0
394,sub-07,rh-pericalcarine,0.5,0.0,0.0,0.6931471805599453,RandomForest + Dummy,conscious,conscious,False,Image,False,3,0,11,0
395,sub-07,rh-pericalcarine,0.5,0.0,0.0,0.6931471805599453,RandomForest + Dummy,conscious,conscious,False,Image,False,3,0,1,0
396,sub-07,rh-pericalcarine,0.5,0.0,0.0,0.6931471805599453,RandomForest + Dummy,conscious,conscious,False,Image,False,3,0,3,0
397,sub-07,rh-pericalcarine,0.5,0.0,0.0,0.6931471805599453,RandomForest + Dummy,conscious,conscious,False,Image,False,3,0,10,0
398,sub-07,rh-pericalcarine,0.5,0.0,0.0,0.6931471805599453,RandomForest + Dummy,conscious,conscious,False,Image,False,3,0,6,0
399,sub-07,rh-pericalcarine,0.5,0.0,0.0,0.6931471805599453,RandomForest + Dummy,conscious,conscious,False,Image,False,3,0,6,0
400,sub-07,rh-pericalcarine,0.5,0.0,0.0,0.6931471805599453,RandomForest + Dummy,conscious,conscious,False,Image,False,3,0,3,0
401,sub-07,rh-pericalcarine,0.5,0.0,0.0,0.6931471805599453,RandomForest + Dummy,conscious,conscious,False,Image,False,3,0,4,0
402,sub-07,rh-pericalcarine,0.5,0.0,0.0,0.6931471805599453,RandomForest + Dummy,conscious,conscious,False,Image,False,3,0,2,0
403,sub-07,rh-pericalcarine,0.5,0.0,0.0,0.6931471805599453,RandomForest + Dummy,conscious,conscious,False,Image,False,3,0,2,0
404,sub-07,rh-pericalcarine,0.5,0.0,0.0,0.6931471805599453,RandomForest + Dummy,conscious,conscious,False,Image,False,3,0,13,0
405,sub-07,rh-pericalcarine,0.5,0.0,0.0,0.6931471805599453,RandomForest + Dummy,conscious,conscious,False,Image,False,3,0,3,0
406,sub-07,rh-pericalcarine,0.5,0.0,0.0,0.6931471805599453,RandomForest + Dummy,conscious,conscious,False,Image,False,3,0,1,0
407,sub-07,rh-pericalcarine,0.5,0.0,0.0,0.6931471805599453,RandomForest + Dummy,conscious,conscious,False,Image,False,3,0,4,0
408,sub-07,rh-pericalcarine,0.5,0.0,0.0,0.6931471805599453,RandomForest + Dummy,conscious,conscious,False,Image,False,3,0,5,0
409,sub-07,rh-pericalcarine,0.5,0.0,0.0,0.6931471805599453,RandomForest + Dummy,conscious,conscious,False,Image,False,3,0,9,0
410,sub-07,rh-pericalcarine,0.5,0.0,0.0,0.6931471805599453,RandomForest + Dummy,conscious,conscious,False,Image,False,3,0,1,0
411,sub-07,rh-pericalcarine,0.5,0.0,0.0,0.6931471805599453,RandomForest + Dummy,conscious,conscious,False,Image,False,3,0,6,0
412,sub-07,rh-pericalcarine,0.5,0.0,0.0,0.6931471805599453,RandomForest + Dummy,conscious,conscious,False,Image,False,3,0,7,0
413,sub-07,rh-pericalcarine,0.5,0.0,0.0,0.6931471805599453,RandomForest + Dummy,conscious,conscious,False,Image,False,3,0,10,0
414,sub-07,rh-pericalcarine,0.5,0.0,0.0,0.6931471805599453,RandomForest + Dummy,conscious,conscious,False,Image,False,3,0,5,0
415,sub-07,rh-pericalcarine,0.5,0.0,0.0,0.6931471805599453,RandomForest + Dummy,conscious,conscious,False,Image,False,3,0,10,0
416,sub-07,rh-pericalcarine,0.5,0.0,0.0,0.6931471805599453,RandomForest + Dummy,conscious,conscious,False,Image,False,3,0,2,0
417,sub-07,rh-pericalcarine,0.5,0.0,0.0,0.6931471805599453,RandomForest + Dummy,conscious,conscious,False,Image,False,3,0,12,0
418,sub-07,rh-pericalcarine,0.5,0.0,0.0,0.6931471805599453,RandomForest + Dummy,conscious,conscious,False,Image,False,3,0,5,0
419,sub-07,rh-pericalcarine,0.5,0.0,0.0,0.6931471805599453,RandomForest + Dummy,conscious,conscious,False,Image,False,3,0,9,0
420,sub-07,rh-pericalcarine,0.5,0.0,0.0,0.6931471805599453,RandomForest + Dummy,conscious,conscious,False,Image,False,3,0,5,0
421,sub-07,rh-pericalcarine,0.5,0.0,0.0,0.6931471805599453,RandomForest + Dummy,conscious,conscious,False,Image,False,4,0,5,0
422,sub-07,rh-pericalcarine,0.5,0.0,0.0,0.6931471805599453,RandomForest + Dummy,conscious,conscious,False,Image,False,4,0,1,0
423,sub-07,rh-pericalcarine,0.5,0.0,0.0,0.6931471805599453,RandomForest + Dummy,conscious,conscious,False,Image,False,4,0,1,0
424,sub-07,rh-pericalcarine,0.5,0.0,0.0,0.6931471805599453,RandomForest + Dummy,conscious,conscious,False,Image,False,4,0,2,0
425,sub-07,rh-pericalcarine,0.5,0.0,0.0,0.6931471805599453,RandomForest + Dummy,conscious,conscious,False,Image,False,4,0,4,0
426,sub-07,rh-pericalcarine,0.5,0.0,0.0,0.6931471805599453,RandomForest + Dummy,conscious,conscious,False,Image,False,4,0,4,0
427,sub-07,rh-pericalcarine,0.5,0.0,0.0,0.6931471805599453,RandomForest + Dummy,conscious,conscious,False,Image,False,4,0,3,0
428,sub-07,rh-pericalcarine,0.5,0.0,0.0,0.6931471805599453,RandomForest + Dummy,conscious,conscious,False,Image,False,4,0,7,0
429,sub-07,rh-pericalcarine,0.5,0.0,0.0,0.6931471805599453,RandomForest + Dummy,conscious,conscious,False,Image,False,4,0,10,0
430,sub-07,rh-pericalcarine,0.5,0.0,0.0,0.6931471805599453,RandomForest + Dummy,conscious,conscious,False,Image,False,4,0,1,0
431,sub-07,rh-pericalcarine,0.5,0.0,0.0,0.6931471805599453,RandomForest + Dummy,conscious,conscious,False,Image,False,4,0,3,0
432,sub-07,rh-pericalcarine,0.5,0.0,0.0,0.6931471805599453,RandomForest + Dummy,conscious,conscious,False,Image,False,4,0,1,0
433,sub-07,rh-pericalcarine,0.5,0.0,0.0,0.6931471805599453,RandomForest + Dummy,conscious,conscious,False,Image,False,4,0,2,0
434,sub-07,rh-pericalcarine,0.5,0.0,0.0,0.6931471805599453,RandomForest + Dummy,conscious,conscious,False,Image,False,4,0,4,0
435,sub-07,rh-pericalcarine,0.5,0.0,0.0,0.6931471805599453,RandomForest + Dummy,conscious,conscious,False,Image,False,4,0,8,0
436,sub-07,rh-pericalcarine,0.5,0.0,0.0,0.6931471805599453,RandomForest + Dummy,conscious,conscious,False,Image,False,4,0,11,0
437,sub-07,rh-pericalcarine,0.5,0.0,0.0,0.6931471805599453,RandomForest + Dummy,conscious,conscious,False,Image,False,4,0,1,0
438,sub-07,rh-pericalcarine,0.5,0.0,0.0,0.6931471805599453,RandomForest + Dummy,conscious,conscious,False,Image,False,4,0,3,0
439,sub-07,rh-pericalcarine,0.5,0.0,0.0,0.6931471805599453,RandomForest + Dummy,conscious,conscious,False,Image,False,4,0,10,0
440,sub-07,rh-pericalcarine,0.5,0.0,0.0,0.6931471805599453,RandomForest + Dummy,conscious,conscious,False,Image,False,4,0,6,0
441,sub-07,rh-pericalcarine,0.5,0.0,0.0,0.6931471805599453,RandomForest + Dummy,conscious,conscious,False,Image,False,4,0,6,0
442,sub-07,rh-pericalcarine,0.5,0.0,0.0,0.6931471805599453,RandomForest + Dummy,conscious,conscious,False,Image,False,4,0,3,0
443,sub-07,rh-pericalcarine,0.5,0.0,0.0,0.6931471805599453,RandomForest + Dummy,conscious,conscious,False,Image,False,4,0,4,0
444,sub-07,rh-pericalcarine,0.5,0.0,0.0,0.6931471805599453,RandomForest + Dummy,conscious,conscious,False,Image,False,4,0,2,0
445,sub-07,rh-pericalcarine,0.5,0.0,0.0,0.6931471805599453,RandomForest + Dummy,conscious,conscious,False,Image,False,4,0,2,0
446,sub-07,rh-pericalcarine,0.5,0.0,0.0,0.6931471805599453,RandomForest + Dummy,conscious,conscious,False,Image,False,4,0,13,0
447,sub-07,rh-pericalcarine,0.5,0.0,0.0,0.6931471805599453,RandomForest + Dummy,conscious,conscious,False,Image,False,4,0,3,0
448,sub-07,rh-pericalcarine,0.5,0.0,0.0,0.6931471805599453,RandomForest + Dummy,conscious,conscious,False,Image,False,4,0,1,0
449,sub-07,rh-pericalcarine,0.5,0.0,0.0,0.6931471805599453,RandomForest + Dummy,conscious,conscious,False,Image,False,4,0,4,0
450,sub-07,rh-pericalcarine,0.5,0.0,0.0,0.6931471805599453,RandomForest + Dummy,conscious,conscious,False,Image,False,4,0,5,0
451,sub-07,rh-pericalcarine,0.5,0.0,0.0,0.6931471805599453,RandomForest + Dummy,conscious,conscious,False,Image,False,4,0,9,0
452,sub-07,rh-pericalcarine,0.5,0.0,0.0,0.6931471805599453,RandomForest + Dummy,conscious,conscious,False,Image,False,4,0,1,0
453,sub-07,rh-pericalcarine,0.5,0.0,0.0,0.6931471805599453,RandomForest + Dummy,conscious,conscious,False,Image,False,4,0,6,0
454,sub-07,rh-pericalcarine,0.5,0.0,0.0,0.6931471805599453,RandomForest + Dummy,conscious,conscious,False,Image,False,4,0,7,0
455,sub-07,rh-pericalcarine,0.5,0.0,0.0,0.6931471805599453,RandomForest + Dummy,conscious,conscious,False,Image,False,4,0,10,0
456,sub-07,rh-pericalcarine,0.5,0.0,0.0,0.6931471805599453,RandomForest + Dummy,conscious,conscious,False,Image,False,4,0,5,0
457,sub-07,rh-pericalcarine,0.5,0.0,0.0,0.6931471805599453,RandomForest + Dummy,conscious,conscious,False,Image,False,4,0,10,0
458,sub-07,rh-pericalcarine,0.5,0.0,0.0,0.6931471805599453,RandomForest + Dummy,conscious,conscious,False,Image,False,4,0,2,0
459,sub-07,rh-pericalcarine,0.5,0.0,0.0,0.6931471805599453,RandomForest + Dummy,conscious,conscious,False,Image,False,4,0,12,0
460,sub-07,rh-pericalcarine,0.5,0.0,0.0,0.6931471805599453,RandomForest + Dummy,conscious,conscious,False,Image,False,4,0,5,0
461,sub-07,rh-pericalcarine,0.5,0.0,0.0,0.6931471805599453,RandomForest + Dummy,conscious,conscious,False,Image,False,4,0,9,0
462,sub-07,rh-pericalcarine,0.5,0.0,0.0,0.6931471805599453,RandomForest + Dummy,conscious,conscious,False,Image,False,4,0,5,0
463,sub-07,rh-pericalcarine,0.5,0.0,0.0,0.6931471805599453,RandomForest + Dummy,conscious,conscious,False,Image,False,1,0,5,0
464,sub-07,rh-pericalcarine,0.5,0.0,0.0,0.6931471805599453,RandomForest + Dummy,conscious,conscious,False,Image,False,1,0,1,0
465,sub-07,rh-pericalcarine,0.5,0.0,0.0,0.6931471805599453,RandomForest + Dummy,conscious,conscious,False,Image,False,1,0,1,0
466,sub-07,rh-pericalcarine,0.5,0.0,0.0,0.6931471805599453,RandomForest + Dummy,conscious,conscious,False,Image,False,1,0,2,0
467,sub-07,rh-pericalcarine,0.5,0.0,0.0,0.6931471805599453,RandomForest + Dummy,conscious,conscious,False,Image,False,1,0,4,0
468,sub-07,rh-pericalcarine,0.5,0.0,0.0,0.6931471805599453,RandomForest + Dummy,conscious,conscious,False,Image,False,1,0,4,0
469,sub-07,rh-pericalcarine,0.5,0.0,0.0,0.6931471805599453,RandomForest + Dummy,conscious,conscious,False,Image,False,1,0,3,0
470,sub-07,rh-pericalcarine,0.5,0.0,0.0,0.6931471805599453,RandomForest + Dummy,conscious,conscious,False,Image,False,1,0,7,0
471,sub-07,rh-pericalcarine,0.5,0.0,0.0,0.6931471805599453,RandomForest + Dummy,conscious,conscious,False,Image,False,1,0,10,0
472,sub-07,rh-pericalcarine,0.5,0.0,0.0,0.6931471805599453,RandomForest + Dummy,conscious,conscious,False,Image,False,1,0,1,0
473,sub-07,rh-pericalcarine,0.5,0.0,0.0,0.6931471805599453,RandomForest + Dummy,conscious,conscious,False,Image,False,1,0,3,0
474,sub-07,rh-pericalcarine,0.5,0.0,0.0,0.6931471805599453,RandomForest + Dummy,conscious,conscious,False,Image,False,1,0,1,0
475,sub-07,rh-pericalcarine,0.5,0.0,0.0,0.6931471805599453,RandomForest + Dummy,conscious,conscious,False,Image,False,1,0,2,0
476,sub-07,rh-pericalcarine,0.5,0.0,0.0,0.6931471805599453,RandomForest + Dummy,conscious,conscious,False,Image,False,1,0,4,0
477,sub-07,rh-pericalcarine,0.5,0.0,0.0,0.6931471805599453,RandomForest + Dummy,conscious,conscious,False,Image,False,1,0,8,0
478,sub-07,rh-pericalcarine,0.5,0.0,0.0,0.6931471805599453,RandomForest + Dummy,conscious,conscious,False,Image,False,1,0,11,0
479,sub-07,rh-pericalcarine,0.5,0.0,0.0,0.6931471805599453,RandomForest + Dummy,conscious,conscious,False,Image,False,1,0,1,0
480,sub-07,rh-pericalcarine,0.5,0.0,0.0,0.6931471805599453,RandomForest + Dummy,conscious,conscious,False,Image,False,1,0,3,0
481,sub-07,rh-pericalcarine,0.5,0.0,0.0,0.6931471805599453,RandomForest + Dummy,conscious,conscious,False,Image,False,1,0,10,0
482,sub-07,rh-pericalcarine,0.5,0.0,0.0,0.6931471805599453,RandomForest + Dummy,conscious,conscious,False,Image,False,1,0,6,0
483,sub-07,rh-pericalcarine,0.5,0.0,0.0,0.6931471805599453,RandomForest + Dummy,conscious,conscious,False,Image,False,1,0,6,0
484,sub-07,rh-pericalcarine,0.5,0.0,0.0,0.6931471805599453,RandomForest + Dummy,conscious,conscious,False,Image,False,1,0,3,0
485,sub-07,rh-pericalcarine,0.5,0.0,0.0,0.6931471805599453,RandomForest + Dummy,conscious,conscious,False,Image,False,1,0,4,0
486,sub-07,rh-pericalcarine,0.5,0.0,0.0,0.6931471805599453,RandomForest + Dummy,conscious,conscious,False,Image,False,1,0,2,0
487,sub-07,rh-pericalcarine,0.5,0.0,0.0,0.6931471805599453,RandomForest + Dummy,conscious,conscious,False,Image,False,1,0,2,0
488,sub-07,rh-pericalcarine,0.5,0.0,0.0,0.6931471805599453,RandomForest + Dummy,conscious,conscious,False,Image,False,1,0,13,0
489,sub-07,rh-pericalcarine,0.5,0.0,0.0,0.6931471805599453,RandomForest + Dummy,conscious,conscious,False,Image,False,1,0,3,0
490,sub-07,rh-pericalcarine,0.5,0.0,0.0,0.6931471805599453,RandomForest + Dummy,conscious,conscious,False,Image,False,1,0,1,0
491,sub-07,rh-pericalcarine,0.5,0.0,0.0,0.6931471805599453,RandomForest + Dummy,conscious,conscious,False,Image,False,1,0,4,0
492,sub-07,rh-pericalcarine,0.5,0.0,0.0,0.6931471805599453,RandomForest + Dummy,conscious,conscious,False,Image,False,1,0,5,0
493,sub-07,rh-pericalcarine,0.5,0.0,0.0,0.6931471805599453,RandomForest + Dummy,conscious,conscious,False,Image,False,1,0,9,0
494,sub-07,rh-pericalcarine,0.5,0.0,0.0,0.6931471805599453,RandomForest + Dummy,conscious,conscious,False,Image,False,1,0,1,0
495,sub-07,rh-pericalcarine,0.5,0.0,0.0,0.6931471805599453,RandomForest + Dummy,conscious,conscious,False,Image,False,1,0,6,0
496,sub-07,rh-pericalcarine,0.5,0.0,0.0,0.6931471805599453,RandomForest + Dummy,conscious,conscious,False,Image,False,1,0,7,0
497,sub-07,rh-pericalcarine,0.5,0.0,0.0,0.6931471805599453,RandomForest + Dummy,conscious,conscious,False,Image,False,1,0,10,0
498,sub-07,rh-pericalcarine,0.5,0.0,0.0,0.6931471805599453,RandomForest + Dummy,conscious,conscious,False,Image,False,1,0,5,0
499,sub-07,rh-pericalcarine,0.5,0.0,0.0,0.6931471805599453,RandomForest + Dummy,conscious,conscious,False,Image,False,1,0,10,0
500,sub-07,rh-pericalcarine,0.5,0.0,0.0,0.6931471805599453,RandomForest + Dummy,conscious,conscious,False,Image,False,1,0,2,0
501,sub-07,rh-pericalcarine,0.5,0.0,0.0,0.6931471805599453,RandomForest + Dummy,conscious,conscious,False,Image,False,1,0,12,0
502,sub-07,rh-pericalcarine,0.5,0.0,0.0,0.6931471805599453,RandomForest + Dummy,conscious,conscious,False,Image,False,1,0,5,0
503,sub-07,rh-pericalcarine,0.5,0.0,0.0,0.6931471805599453,RandomForest + Dummy,conscious,conscious,False,Image,False,1,0,9,0
504,sub-07,rh-pericalcarine,0.5,0.0,0.0,0.6931471805599453,RandomForest + Dummy,conscious,conscious,False,Image,False,1,0,5,0
505,sub-07,rh-pericalcarine,0.5,0.0,0.0,0.6931471805599453,RandomForest + Dummy,conscious,conscious,False,Image,False,5,0,5,0
506,sub-07,rh-pericalcarine,0.5,0.0,0.0,0.6931471805599453,RandomForest + Dummy,conscious,conscious,False,Image,False,5,0,1,0
507,sub-07,rh-pericalcarine,0.5,0.0,0.0,0.6931471805599453,RandomForest + Dummy,conscious,conscious,False,Image,False,5,0,1,0
508,sub-07,rh-pericalcarine,0.5,0.0,0.0,0.6931471805599453,RandomForest + Dummy,conscious,conscious,False,Image,False,5,0,2,0
509,sub-07,rh-pericalcarine,0.5,0.0,0.0,0.6931471805599453,RandomForest + Dummy,conscious,conscious,False,Image,False,5,0,4,0
510,sub-07,rh-pericalcarine,0.5,0.0,0.0,0.6931471805599453,RandomForest + Dummy,conscious,conscious,False,Image,False,5,0,4,0
511,sub-07,rh-pericalcarine,0.5,0.0,0.0,0.6931471805599453,RandomForest + Dummy,conscious,conscious,False,Image,False,5,0,3,0
512,sub-07,rh-pericalcarine,0.5,0.0,0.0,0.6931471805599453,RandomForest + Dummy,conscious,conscious,False,Image,False,5,0,7,0
513,sub-07,rh-pericalcarine,0.5,0.0,0.0,0.6931471805599453,RandomForest + Dummy,conscious,conscious,False,Image,False,5,0,10,0
514,sub-07,rh-pericalcarine,0.5,0.0,0.0,0.6931471805599453,RandomForest + Dummy,conscious,conscious,False,Image,False,5,0,1,0
515,sub-07,rh-pericalcarine,0.5,0.0,0.0,0.6931471805599453,RandomForest + Dummy,conscious,conscious,False,Image,False,5,0,3,0
516,sub-07,rh-pericalcarine,0.5,0.0,0.0,0.6931471805599453,RandomForest + Dummy,conscious,conscious,False,Image,False,5,0,1,0
517,sub-07,rh-pericalcarine,0.5,0.0,0.0,0.6931471805599453,RandomForest + Dummy,conscious,conscious,False,Image,False,5,0,2,0
518,sub-07,rh-pericalcarine,0.5,0.0,0.0,0.6931471805599453,RandomForest + Dummy,conscious,conscious,False,Image,False,5,0,4,0
519,sub-07,rh-pericalcarine,0.5,0.0,0.0,0.6931471805599453,RandomForest + Dummy,conscious,conscious,False,Image,False,5,0,8,0
520,sub-07,rh-pericalcarine,0.5,0.0,0.0,0.6931471805599453,RandomForest + Dummy,conscious,conscious,False,Image,False,5,0,11,0
521,sub-07,rh-pericalcarine,0.5,0.0,0.0,0.6931471805599453,RandomForest + Dummy,conscious,conscious,False,Image,False,5,0,1,0
522,sub-07,rh-pericalcarine,0.5,0.0,0.0,0.6931471805599453,RandomForest + Dummy,conscious,conscious,False,Image,False,5,0,3,0
523,sub-07,rh-pericalcarine,0.5,0.0,0.0,0.6931471805599453,RandomForest + Dummy,conscious,conscious,False,Image,False,5,0,10,0
524,sub-07,rh-pericalcarine,0.5,0.0,0.0,0.6931471805599453,RandomForest + Dummy,conscious,conscious,False,Image,False,5,0,6,0
525,sub-07,rh-pericalcarine,0.5,0.0,0.0,0.6931471805599453,RandomForest + Dummy,conscious,conscious,False,Image,False,5,0,6,0
526,sub-07,rh-pericalcarine,0.5,0.0,0.0,0.6931471805599453,RandomForest + Dummy,conscious,conscious,False,Image,False,5,0,3,0
527,sub-07,rh-pericalcarine,0.5,0.0,0.0,0.6931471805599453,RandomForest + Dummy,conscious,conscious,False,Image,False,5,0,4,0
528,sub-07,rh-pericalcarine,0.5,0.0,0.0,0.6931471805599453,RandomForest + Dummy,conscious,conscious,False,Image,False,5,0,2,0
529,sub-07,rh-pericalcarine,0.5,0.0,0.0,0.6931471805599453,RandomForest + Dummy,conscious,conscious,False,Image,False,5,0,2,0
530,sub-07,rh-pericalcarine,0.5,0.0,0.0,0.6931471805599453,RandomForest + Dummy,conscious,conscious,False,Image,False,5,0,13,0
531,sub-07,rh-pericalcarine,0.5,0.0,0.0,0.6931471805599453,RandomForest + Dummy,conscious,conscious,False,Image,False,5,0,3,0
532,sub-07,rh-pericalcarine,0.5,0.0,0.0,0.6931471805599453,RandomForest + Dummy,conscious,conscious,False,Image,False,5,0,1,0
533,sub-07,rh-pericalcarine,0.5,0.0,0.0,0.6931471805599453,RandomForest + Dummy,conscious,conscious,False,Image,False,5,0,4,0
534,sub-07,rh-pericalcarine,0.5,0.0,0.0,0.6931471805599453,RandomForest + Dummy,conscious,conscious,False,Image,False,5,0,5,0
535,sub-07,rh-pericalcarine,0.5,0.0,0.0,0.6931471805599453,RandomForest + Dummy,conscious,conscious,False,Image,False,5,0,9,0
536,sub-07,rh-pericalcarine,0.5,0.0,0.0,0.6931471805599453,RandomForest + Dummy,conscious,conscious,False,Image,False,5,0,1,0
537,sub-07,rh-pericalcarine,0.5,0.0,0.0,0.6931471805599453,RandomForest + Dummy,conscious,conscious,False,Image,False,5,0,6,0
538,sub-07,rh-pericalcarine,0.5,0.0,0.0,0.6931471805599453,RandomForest + Dummy,conscious,conscious,False,Image,False,5,0,7,0
539,sub-07,rh-pericalcarine,0.5,0.0,0.0,0.6931471805599453,RandomForest + Dummy,conscious,conscious,False,Image,False,5,0,10,0
540,sub-07,rh-pericalcarine,0.5,0.0,0.0,0.6931471805599453,RandomForest + Dummy,conscious,conscious,False,Image,False,5,0,5,0
541,sub-07,rh-pericalcarine,0.5,0.0,0.0,0.6931471805599453,RandomForest + Dummy,conscious,conscious,False,Image,False,5,0,10,0
542,sub-07,rh-pericalcarine,0.5,0.0,0.0,0.6931471805599453,RandomForest + Dummy,conscious,conscious,False,Image,False,5,0,2,0
543,sub-07,rh-pericalcarine,0.5,0.0,0.0,0.6931471805599453,RandomForest + Dummy,conscious,conscious,False,Image,False,5,0,12,0
544,sub-07,rh-pericalcarine,0.5,0.0,0.0,0.6931471805599453,RandomForest + Dummy,conscious,conscious,False,Image,False,5,0,5,0
545,sub-07,rh-pericalcarine,0.5,0.0,0.0,0.6931471805599453,RandomForest + Dummy,conscious,conscious,False,Image,False,5,0,9,0
546,sub-07,rh-pericalcarine,0.5,0.0,0.0,0.6931471805599453,RandomForest + Dummy,conscious,conscious,False,Image,False,5,0,5,0
547,sub-07,rh-pericalcarine,0.5,0.0,0.0,0.6931471805599453,RandomForest + Dummy,conscious,conscious,False,Image,False,1,0,5,0
548,sub-07,rh-pericalcarine,0.5,0.0,0.0,0.6931471805599453,RandomForest + Dummy,conscious,conscious,False,Image,False,1,0,1,0
549,sub-07,rh-pericalcarine,0.5,0.0,0.0,0.6931471805599453,RandomForest + Dummy,conscious,conscious,False,Image,False,1,0,1,0
550,sub-07,rh-pericalcarine,0.5,0.0,0.0,0.6931471805599453,RandomForest + Dummy,conscious,conscious,False,Image,False,1,0,2,0
551,sub-07,rh-pericalcarine,0.5,0.0,0.0,0.6931471805599453,RandomForest + Dummy,conscious,conscious,False,Image,False,1,0,4,0
552,sub-07,rh-pericalcarine,0.5,0.0,0.0,0.6931471805599453,RandomForest + Dummy,conscious,conscious,False,Image,False,1,0,4,0
553,sub-07,rh-pericalcarine,0.5,0.0,0.0,0.6931471805599453,RandomForest + Dummy,conscious,conscious,False,Image,False,1,0,3,0
554,sub-07,rh-pericalcarine,0.5,0.0,0.0,0.6931471805599453,RandomForest + Dummy,conscious,conscious,False,Image,False,1,0,7,0
555,sub-07,rh-pericalcarine,0.5,0.0,0.0,0.6931471805599453,RandomForest + Dummy,conscious,conscious,False,Image,False,1,0,10,0
556,sub-07,rh-pericalcarine,0.5,0.0,0.0,0.6931471805599453,RandomForest + Dummy,conscious,conscious,False,Image,False,1,0,1,0
557,sub-07,rh-pericalcarine,0.5,0.0,0.0,0.6931471805599453,RandomForest + Dummy,conscious,conscious,False,Image,False,1,0,3,0
558,sub-07,rh-pericalcarine,0.5,0.0,0.0,0.6931471805599453,RandomForest + Dummy,conscious,conscious,False,Image,False,1,0,1,0
559,sub-07,rh-pericalcarine,0.5,0.0,0.0,0.6931471805599453,RandomForest + Dummy,conscious,conscious,False,Image,False,1,0,2,0
560,sub-07,rh-pericalcarine,0.5,0.0,0.0,0.6931471805599453,RandomForest + Dummy,conscious,conscious,False,Image,False,1,0,4,0
561,sub-07,rh-pericalcarine,0.5,0.0,0.0,0.6931471805599453,RandomForest + Dummy,conscious,conscious,False,Image,False,1,0,8,0
562,sub-07,rh-pericalcarine,0.5,0.0,0.0,0.6931471805599453,RandomForest + Dummy,conscious,conscious,False,Image,False,1,0,11,0
563,sub-07,rh-pericalcarine,0.5,0.0,0.0,0.6931471805599453,RandomForest + Dummy,conscious,conscious,False,Image,False,1,0,1,0
564,sub-07,rh-pericalcarine,0.5,0.0,0.0,0.6931471805599453,RandomForest + Dummy,conscious,conscious,False,Image,False,1,0,3,0
565,sub-07,rh-pericalcarine,0.5,0.0,0.0,0.6931471805599453,RandomForest + Dummy,conscious,conscious,False,Image,False,1,0,10,0
566,sub-07,rh-pericalcarine,0.5,0.0,0.0,0.6931471805599453,RandomForest + Dummy,conscious,conscious,False,Image,False,1,0,6,0
567,sub-07,rh-pericalcarine,0.5,0.0,0.0,0.6931471805599453,RandomForest + Dummy,conscious,conscious,False,Image,False,1,0,6,0
568,sub-07,rh-pericalcarine,0.5,0.0,0.0,0.6931471805599453,RandomForest + Dummy,conscious,conscious,False,Image,False,1,0,3,0
569,sub-07,rh-pericalcarine,0.5,0.0,0.0,0.6931471805599453,RandomForest + Dummy,conscious,conscious,False,Image,False,1,0,4,0
570,sub-07,rh-pericalcarine,0.5,0.0,0.0,0.6931471805599453,RandomForest + Dummy,conscious,conscious,False,Image,False,1,0,2,0
571,sub-07,rh-pericalcarine,0.5,0.0,0.0,0.6931471805599453,RandomForest + Dummy,conscious,conscious,False,Image,False,1,0,2,0
572,sub-07,rh-pericalcarine,0.5,0.0,0.0,0.6931471805599453,RandomForest + Dummy,conscious,conscious,False,Image,False,1,0,13,0
573,sub-07,rh-pericalcarine,0.5,0.0,0.0,0.6931471805599453,RandomForest + Dummy,conscious,conscious,False,Image,False,1,0,3,0
574,sub-07,rh-pericalcarine,0.5,0.0,0.0,0.6931471805599453,RandomForest + Dummy,conscious,conscious,False,Image,False,1,0,1,0
575,sub-07,rh-pericalcarine,0.5,0.0,0.0,0.6931471805599453,RandomForest + Dummy,conscious,conscious,False,Image,False,1,0,4,0
576,sub-07,rh-pericalcarine,0.5,0.0,0.0,0.6931471805599453,RandomForest + Dummy,conscious,conscious,False,Image,False,1,0,5,0
577,sub-07,rh-pericalcarine,0.5,0.0,0.0,0.6931471805599453,RandomForest + Dummy,conscious,conscious,False,Image,False,1,0,9,0
578,sub-07,rh-pericalcarine,0.5,0.0,0.0,0.6931471805599453,RandomForest + Dummy,conscious,conscious,False,Image,False,1,0,1,0
579,sub-07,rh-pericalcarine,0.5,0.0,0.0,0.6931471805599453,RandomForest + Dummy,conscious,conscious,False,Image,False,1,0,6,0
580,sub-07,rh-pericalcarine,0.5,0.0,0.0,0.6931471805599453,RandomForest + Dummy,conscious,conscious,False,Image,False,1,0,7,0
581,sub-07,rh-pericalcarine,0.5,0.0,0.0,0.6931471805599453,RandomForest + Dummy,conscious,conscious,False,Image,False,1,0,10,0
582,sub-07,rh-pericalcarine,0.5,0.0,0.0,0.6931471805599453,RandomForest + Dummy,conscious,conscious,False,Image,False,1,0,5,0
583,sub-07,rh-pericalcarine,0.5,0.0,0.0,0.6931471805599453,RandomForest + Dummy,conscious,conscious,False,Image,False,1,0,10,0
584,sub-07,rh-pericalcarine,0.5,0.0,0.0,0.6931471805599453,RandomForest + Dummy,conscious,conscious,False,Image,False,1,0,2,0
585,sub-07,rh-pericalcarine,0.5,0.0,0.0,0.6931471805599453,RandomForest + Dummy,conscious,conscious,False,Image,False,1,0,12,0
586,sub-07,rh-pericalcarine,0.5,0.0,0.0,0.6931471805599453,RandomForest + Dummy,conscious,conscious,False,Image,False,1,0,5,0
587,sub-07,rh-pericalcarine,0.5,0.0,0.0,0.6931471805599453,RandomForest + Dummy,conscious,conscious,False,Image,False,1,0,9,0
588,sub-07,rh-pericalcarine,0.5,0.0,0.0,0.6931471805599453,RandomForest + Dummy,conscious,conscious,False,Image,False,1,0,5,0
589,sub-07,rh-pericalcarine,0.5,0.0,0.0,0.6931471805599453,RandomForest + Dummy,conscious,conscious,False,Image,False,1,0,5,0
590,sub-07,rh-pericalcarine,0.5,0.0,0.0,0.6931471805599453,RandomForest + Dummy,conscious,conscious,False,Image,False,1,0,1,0
591,sub-07,rh-pericalcarine,0.5,0.0,0.0,0.6931471805599453,RandomForest + Dummy,conscious,conscious,False,Image,False,1,0,1,0
592,sub-07,rh-pericalcarine,0.5,0.0,0.0,0.6931471805599453,RandomForest + Dummy,conscious,conscious,False,Image,False,1,0,2,0
593,sub-07,rh-pericalcarine,0.5,0.0,0.0,0.6931471805599453,RandomForest + Dummy,conscious,conscious,False,Image,False,1,0,4,0
594,sub-07,rh-pericalcarine,0.5,0.0,0.0,0.6931471805599453,RandomForest + Dummy,conscious,conscious,False,Image,False,1,0,4,0
595,sub-07,rh-pericalcarine,0.5,0.0,0.0,0.6931471805599453,RandomForest + Dummy,conscious,conscious,False,Image,False,1,0,3,0
596,sub-07,rh-pericalcarine,0.5,0.0,0.0,0.6931471805599453,RandomForest + Dummy,conscious,conscious,False,Image,False,1,0,7,0
597,sub-07,rh-pericalcarine,0.5,0.0,0.0,0.6931471805599453,RandomForest + Dummy,conscious,conscious,False,Image,False,1,0,10,0
598,sub-07,rh-pericalcarine,0.5,0.0,0.0,0.6931471805599453,RandomForest + Dummy,conscious,conscious,False,Image,False,1,0,1,0
599,sub-07,rh-pericalcarine,0.5,0.0,0.0,0.6931471805599453,RandomForest + Dummy,conscious,conscious,False,Image,False,1,0,3,0
600,sub-07,rh-pericalcarine,0.5,0.0,0.0,0.6931471805599453,RandomForest + Dummy,conscious,conscious,False,Image,False,1,0,1,0
601,sub-07,rh-pericalcarine,0.5,0.0,0.0,0.6931471805599453,RandomForest + Dummy,conscious,conscious,False,Image,False,1,0,2,0
602,sub-07,rh-pericalcarine,0.5,0.0,0.0,0.6931471805599453,RandomForest + Dummy,conscious,conscious,False,Image,False,1,0,4,0
603,sub-07,rh-pericalcarine,0.5,0.0,0.0,0.6931471805599453,RandomForest + Dummy,conscious,conscious,False,Image,False,1,0,8,0
604,sub-07,rh-pericalcarine,0.5,0.0,0.0,0.6931471805599453,RandomForest + Dummy,conscious,conscious,False,Image,False,1,0,11,0
605,sub-07,rh-pericalcarine,0.5,0.0,0.0,0.6931471805599453,RandomForest + Dummy,conscious,conscious,False,Image,False,1,0,1,0
606,sub-07,rh-pericalcarine,0.5,0.0,0.0,0.6931471805599453,RandomForest + Dummy,conscious,conscious,False,Image,False,1,0,3,0
607,sub-07,rh-pericalcarine,0.5,0.0,0.0,0.6931471805599453,RandomForest + Dummy,conscious,conscious,False,Image,False,1,0,10,0
608,sub-07,rh-pericalcarine,0.5,0.0,0.0,0.6931471805599453,RandomForest + Dummy,conscious,conscious,False,Image,False,1,0,6,0
609,sub-07,rh-pericalcarine,0.5,0.0,0.0,0.6931471805599453,RandomForest + Dummy,conscious,conscious,False,Image,False,1,0,6,0
610,sub-07,rh-pericalcarine,0.5,0.0,0.0,0.6931471805599453,RandomForest + Dummy,conscious,conscious,False,Image,False,1,0,3,0
611,sub-07,rh-pericalcarine,0.5,0.0,0.0,0.6931471805599453,RandomForest + Dummy,conscious,conscious,False,Image,False,1,0,4,0
612,sub-07,rh-pericalcarine,0.5,0.0,0.0,0.6931471805599453,RandomForest + Dummy,conscious,conscious,False,Image,False,1,0,2,0
613,sub-07,rh-pericalcarine,0.5,0.0,0.0,0.6931471805599453,RandomForest + Dummy,conscious,conscious,False,Image,False,1,0,2,0
614,sub-07,rh-pericalcarine,0.5,0.0,0.0,0.6931471805599453,RandomForest + Dummy,conscious,conscious,False,Image,False,1,0,13,0
615,sub-07,rh-pericalcarine,0.5,0.0,0.0,0.6931471805599453,RandomForest + Dummy,conscious,conscious,False,Image,False,1,0,3,0
616,sub-07,rh-pericalcarine,0.5,0.0,0.0,0.6931471805599453,RandomForest + Dummy,conscious,conscious,False,Image,False,1,0,1,0
617,sub-07,rh-pericalcarine,0.5,0.0,0.0,0.6931471805599453,RandomForest + Dummy,conscious,conscious,False,Image,False,1,0,4,0
618,sub-07,rh-pericalcarine,0.5,0.0,0.0,0.6931471805599453,RandomForest + Dummy,conscious,conscious,False,Image,False,1,0,5,0
619,sub-07,rh-pericalcarine,0.5,0.0,0.0,0.6931471805599453,RandomForest + Dummy,conscious,conscious,False,Image,False,1,0,9,0
620,sub-07,rh-pericalcarine,0.5,0.0,0.0,0.6931471805599453,RandomForest + Dummy,conscious,conscious,False,Image,False,1,0,1,0
621,sub-07,rh-pericalcarine,0.5,0.0,0.0,0.6931471805599453,RandomForest + Dummy,conscious,conscious,False,Image,False,1,0,6,0
622,sub-07,rh-pericalcarine,0.5,0.0,0.0,0.6931471805599453,RandomForest + Dummy,conscious,conscious,False,Image,False,1,0,7,0
623,sub-07,rh-pericalcarine,0.5,0.0,0.0,0.6931471805599453,RandomForest + Dummy,conscious,conscious,False,Image,False,1,0,10,0
624,sub-07,rh-pericalcarine,0.5,0.0,0.0,0.6931471805599453,RandomForest + Dummy,conscious,conscious,False,Image,False,1,0,5,0
625,sub-07,rh-pericalcarine,0.5,0.0,0.0,0.6931471805599453,RandomForest + Dummy,conscious,conscious,False,Image,False,1,0,10,0
626,sub-07,rh-pericalcarine,0.5,0.0,0.0,0.6931471805599453,RandomForest + Dummy,conscious,conscious,False,Image,False,1,0,2,0
627,sub-07,rh-pericalcarine,0.5,0.0,0.0,0.6931471805599453,RandomForest + Dummy,conscious,conscious,False,Image,False,1,0,12,0
628,sub-07,rh-pericalcarine,0.5,0.0,0.0,0.6931471805599453,RandomForest + Dummy,conscious,conscious,False,Image,False,1,0,5,0
629,sub-07,rh-pericalcarine,0.5,0.0,0.0,0.6931471805599453,RandomForest + Dummy,conscious,conscious,False,Image,False,1,0,9,0
630,sub-07,rh-pericalcarine,0.5,0.0,0.0,0.6931471805599453,RandomForest + Dummy,conscious,conscious,False,Image,False,1,0,5,0
631,sub-07,rh-pericalcarine,0.5,0.0,0.0,0.6931471805599453,RandomForest + Dummy,conscious,conscious,False,Image,False,7,0,5,0
632,sub-07,rh-pericalcarine,0.5,0.0,0.0,0.6931471805599453,RandomForest + Dummy,conscious,conscious,False,Image,False,7,0,1,0
633,sub-07,rh-pericalcarine,0.5,0.0,0.0,0.6931471805599453,RandomForest + Dummy,conscious,conscious,False,Image,False,7,0,1,0
634,sub-07,rh-pericalcarine,0.5,0.0,0.0,0.6931471805599453,RandomForest + Dummy,conscious,conscious,False,Image,False,7,0,2,0
635,sub-07,rh-pericalcarine,0.5,0.0,0.0,0.6931471805599453,RandomForest + Dummy,conscious,conscious,False,Image,False,7,0,4,0
636,sub-07,rh-pericalcarine,0.5,0.0,0.0,0.6931471805599453,RandomForest + Dummy,conscious,conscious,False,Image,False,7,0,4,0
637,sub-07,rh-pericalcarine,0.5,0.0,0.0,0.6931471805599453,RandomForest + Dummy,conscious,conscious,False,Image,False,7,0,3,0
638,sub-07,rh-pericalcarine,0.5,0.0,0.0,0.6931471805599453,RandomForest + Dummy,conscious,conscious,False,Image,False,7,0,7,0
639,sub-07,rh-pericalcarine,0.5,0.0,0.0,0.6931471805599453,RandomForest + Dummy,conscious,conscious,False,Image,False,7,0,10,0
640,sub-07,rh-pericalcarine,0.5,0.0,0.0,0.6931471805599453,RandomForest + Dummy,conscious,conscious,False,Image,False,7,0,1,0
641,sub-07,rh-pericalcarine,0.5,0.0,0.0,0.6931471805599453,RandomForest + Dummy,conscious,conscious,False,Image,False,7,0,3,0
642,sub-07,rh-pericalcarine,0.5,0.0,0.0,0.6931471805599453,RandomForest + Dummy,conscious,conscious,False,Image,False,7,0,1,0
643,sub-07,rh-pericalcarine,0.5,0.0,0.0,0.6931471805599453,RandomForest + Dummy,conscious,conscious,False,Image,False,7,0,2,0
644,sub-07,rh-pericalcarine,0.5,0.0,0.0,0.6931471805599453,RandomForest + Dummy,conscious,conscious,False,Image,False,7,0,4,0
645,sub-07,rh-pericalcarine,0.5,0.0,0.0,0.6931471805599453,RandomForest + Dummy,conscious,conscious,False,Image,False,7,0,8,0
646,sub-07,rh-pericalcarine,0.5,0.0,0.0,0.6931471805599453,RandomForest + Dummy,conscious,conscious,False,Image,False,7,0,11,0
647,sub-07,rh-pericalcarine,0.5,0.0,0.0,0.6931471805599453,RandomForest + Dummy,conscious,conscious,False,Image,False,7,0,1,0
648,sub-07,rh-pericalcarine,0.5,0.0,0.0,0.6931471805599453,RandomForest + Dummy,conscious,conscious,False,Image,False,7,0,3,0
649,sub-07,rh-pericalcarine,0.5,0.0,0.0,0.6931471805599453,RandomForest + Dummy,conscious,conscious,False,Image,False,7,0,10,0
650,sub-07,rh-pericalcarine,0.5,0.0,0.0,0.6931471805599453,RandomForest + Dummy,conscious,conscious,False,Image,False,7,0,6,0
651,sub-07,rh-pericalcarine,0.5,0.0,0.0,0.6931471805599453,RandomForest + Dummy,conscious,conscious,False,Image,False,7,0,6,0
652,sub-07,rh-pericalcarine,0.5,0.0,0.0,0.6931471805599453,RandomForest + Dummy,conscious,conscious,False,Image,False,7,0,3,0
653,sub-07,rh-pericalcarine,0.5,0.0,0.0,0.6931471805599453,RandomForest + Dummy,conscious,conscious,False,Image,False,7,0,4,0
654,sub-07,rh-pericalcarine,0.5,0.0,0.0,0.6931471805599453,RandomForest + Dummy,conscious,conscious,False,Image,False,7,0,2,0
655,sub-07,rh-pericalcarine,0.5,0.0,0.0,0.6931471805599453,RandomForest + Dummy,conscious,conscious,False,Image,False,7,0,2,0
656,sub-07,rh-pericalcarine,0.5,0.0,0.0,0.6931471805599453,RandomForest + Dummy,conscious,conscious,False,Image,False,7,0,13,0
657,sub-07,rh-pericalcarine,0.5,0.0,0.0,0.6931471805599453,RandomForest + Dummy,conscious,conscious,False,Image,False,7,0,3,0
658,sub-07,rh-pericalcarine,0.5,0.0,0.0,0.6931471805599453,RandomForest + Dummy,conscious,conscious,False,Image,False,7,0,1,0
659,sub-07,rh-pericalcarine,0.5,0.0,0.0,0.6931471805599453,RandomForest + Dummy,conscious,conscious,False,Image,False,7,0,4,0
660,sub-07,rh-pericalcarine,0.5,0.0,0.0,0.6931471805599453,RandomForest + Dummy,conscious,conscious,False,Image,False,7,0,5,0
661,sub-07,rh-pericalcarine,0.5,0.0,0.0,0.6931471805599453,RandomForest + Dummy,conscious,conscious,False,Image,False,7,0,9,0
662,sub-07,rh-pericalcarine,0.5,0.0,0.0,0.6931471805599453,RandomForest + Dummy,conscious,conscious,False,Image,False,7,0,1,0
663,sub-07,rh-pericalcarine,0.5,0.0,0.0,0.6931471805599453,RandomForest + Dummy,conscious,conscious,False,Image,False,7,0,6,0
664,sub-07,rh-pericalcarine,0.5,0.0,0.0,0.6931471805599453,RandomForest + Dummy,conscious,conscious,False,Image,False,7,0,7,0
665,sub-07,rh-pericalcarine,0.5,0.0,0.0,0.6931471805599453,RandomForest + Dummy,conscious,conscious,False,Image,False,7,0,10,0
666,sub-07,rh-pericalcarine,0.5,0.0,0.0,0.6931471805599453,RandomForest + Dummy,conscious,conscious,False,Image,False,7,0,5,0
667,sub-07,rh-pericalcarine,0.5,0.0,0.0,0.6931471805599453,RandomForest + Dummy,conscious,conscious,False,Image,False,7,0,10,0
668,sub-07,rh-pericalcarine,0.5,0.0,0.0,0.6931471805599453,RandomForest + Dummy,conscious,conscious,False,Image,False,7,0,2,0
669,sub-07,rh-pericalcarine,0.5,0.0,0.0,0.6931471805599453,RandomForest + Dummy,conscious,conscious,False,Image,False,7,0,12,0
670,sub-07,rh-pericalcarine,0.5,0.0,0.0,0.6931471805599453,RandomForest + Dummy,conscious,conscious,False,Image,False,7,0,5,0
671,sub-07,rh-pericalcarine,0.5,0.0,0.0,0.6931471805599453,RandomForest + Dummy,conscious,conscious,False,Image,False,7,0,9,0
672,sub-07,rh-pericalcarine,0.5,0.0,0.0,0.6931471805599453,RandomForest + Dummy,conscious,conscious,False,Image,False,7,0,5,0
673,sub-07,rh-pericalcarine,0.5,0.0,0.0,0.6931471805599453,RandomForest + Dummy,conscious,conscious,False,Image,False,2,0,5,0
674,sub-07,rh-pericalcarine,0.5,0.0,0.0,0.6931471805599453,RandomForest + Dummy,conscious,conscious,False,Image,False,2,0,1,0
675,sub-07,rh-pericalcarine,0.5,0.0,0.0,0.6931471805599453,RandomForest + Dummy,conscious,conscious,False,Image,False,2,0,1,0
676,sub-07,rh-pericalcarine,0.5,0.0,0.0,0.6931471805599453,RandomForest + Dummy,conscious,conscious,False,Image,False,2,0,2,0
677,sub-07,rh-pericalcarine,0.5,0.0,0.0,0.6931471805599453,RandomForest + Dummy,conscious,conscious,False,Image,False,2,0,4,0
678,sub-07,rh-pericalcarine,0.5,0.0,0.0,0.6931471805599453,RandomForest + Dummy,conscious,conscious,False,Image,False,2,0,4,0
679,sub-07,rh-pericalcarine,0.5,0.0,0.0,0.6931471805599453,RandomForest + Dummy,conscious,conscious,False,Image,False,2,0,3,0
680,sub-07,rh-pericalcarine,0.5,0.0,0.0,0.6931471805599453,RandomForest + Dummy,conscious,conscious,False,Image,False,2,0,7,0
681,sub-07,rh-pericalcarine,0.5,0.0,0.0,0.6931471805599453,RandomForest + Dummy,conscious,conscious,False,Image,False,2,0,10,0
682,sub-07,rh-pericalcarine,0.5,0.0,0.0,0.6931471805599453,RandomForest + Dummy,conscious,conscious,False,Image,False,2,0,1,0
683,sub-07,rh-pericalcarine,0.5,0.0,0.0,0.6931471805599453,RandomForest + Dummy,conscious,conscious,False,Image,False,2,0,3,0
684,sub-07,rh-pericalcarine,0.5,0.0,0.0,0.6931471805599453,RandomForest + Dummy,conscious,conscious,False,Image,False,2,0,1,0
685,sub-07,rh-pericalcarine,0.5,0.0,0.0,0.6931471805599453,RandomForest + Dummy,conscious,conscious,False,Image,False,2,0,2,0
686,sub-07,rh-pericalcarine,0.5,0.0,0.0,0.6931471805599453,RandomForest + Dummy,conscious,conscious,False,Image,False,2,0,4,0
687,sub-07,rh-pericalcarine,0.5,0.0,0.0,0.6931471805599453,RandomForest + Dummy,conscious,conscious,False,Image,False,2,0,8,0
688,sub-07,rh-pericalcarine,0.5,0.0,0.0,0.6931471805599453,RandomForest + Dummy,conscious,conscious,False,Image,False,2,0,11,0
689,sub-07,rh-pericalcarine,0.5,0.0,0.0,0.6931471805599453,RandomForest + Dummy,conscious,conscious,False,Image,False,2,0,1,0
690,sub-07,rh-pericalcarine,0.5,0.0,0.0,0.6931471805599453,RandomForest + Dummy,conscious,conscious,False,Image,False,2,0,3,0
691,sub-07,rh-pericalcarine,0.5,0.0,0.0,0.6931471805599453,RandomForest + Dummy,conscious,conscious,False,Image,False,2,0,10,0
692,sub-07,rh-pericalcarine,0.5,0.0,0.0,0.6931471805599453,RandomForest + Dummy,conscious,conscious,False,Image,False,2,0,6,0
693,sub-07,rh-pericalcarine,0.5,0.0,0.0,0.6931471805599453,RandomForest + Dummy,conscious,conscious,False,Image,False,2,0,6,0
694,sub-07,rh-pericalcarine,0.5,0.0,0.0,0.6931471805599453,RandomForest + Dummy,conscious,conscious,False,Image,False,2,0,3,0
695,sub-07,rh-pericalcarine,0.5,0.0,0.0,0.6931471805599453,RandomForest + Dummy,conscious,conscious,False,Image,False,2,0,4,0
696,sub-07,rh-pericalcarine,0.5,0.0,0.0,0.6931471805599453,RandomForest + Dummy,conscious,conscious,False,Image,False,2,0,2,0
697,sub-07,rh-pericalcarine,0.5,0.0,0.0,0.6931471805599453,RandomForest + Dummy,conscious,conscious,False,Image,False,2,0,2,0
698,sub-07,rh-pericalcarine,0.5,0.0,0.0,0.6931471805599453,RandomForest + Dummy,conscious,conscious,False,Image,False,2,0,13,0
699,sub-07,rh-pericalcarine,0.5,0.0,0.0,0.6931471805599453,RandomForest + Dummy,conscious,conscious,False,Image,False,2,0,3,0
700,sub-07,rh-pericalcarine,0.5,0.0,0.0,0.6931471805599453,RandomForest + Dummy,conscious,conscious,False,Image,False,2,0,1,0
701,sub-07,rh-pericalcarine,0.5,0.0,0.0,0.6931471805599453,RandomForest + Dummy,conscious,conscious,False,Image,False,2,0,4,0
702,sub-07,rh-pericalcarine,0.5,0.0,0.0,0.6931471805599453,RandomForest + Dummy,conscious,conscious,False,Image,False,2,0,5,0
703,sub-07,rh-pericalcarine,0.5,0.0,0.0,0.6931471805599453,RandomForest + Dummy,conscious,conscious,False,Image,False,2,0,9,0
704,sub-07,rh-pericalcarine,0.5,0.0,0.0,0.6931471805599453,RandomForest + Dummy,conscious,conscious,False,Image,False,2,0,1,0
705,sub-07,rh-pericalcarine,0.5,0.0,0.0,0.6931471805599453,RandomForest + Dummy,conscious,conscious,False,Image,False,2,0,6,0
706,sub-07,rh-pericalcarine,0.5,0.0,0.0,0.6931471805599453,RandomForest + Dummy,conscious,conscious,False,Image,False,2,0,7,0
707,sub-07,rh-pericalcarine,0.5,0.0,0.0,0.6931471805599453,RandomForest + Dummy,conscious,conscious,False,Image,False,2,0,10,0
708,sub-07,rh-pericalcarine,0.5,0.0,0.0,0.6931471805599453,RandomForest + Dummy,conscious,conscious,False,Image,False,2,0,5,0
709,sub-07,rh-pericalcarine,0.5,0.0,0.0,0.6931471805599453,RandomForest + Dummy,conscious,conscious,False,Image,False,2,0,10,0
710,sub-07,rh-pericalcarine,0.5,0.0,0.0,0.6931471805599453,RandomForest + Dummy,conscious,conscious,False,Image,False,2,0,2,0
711,sub-07,rh-pericalcarine,0.5,0.0,0.0,0.6931471805599453,RandomForest + Dummy,conscious,conscious,False,Image,False,2,0,12,0
712,sub-07,rh-pericalcarine,0.5,0.0,0.0,0.6931471805599453,RandomForest + Dummy,conscious,conscious,False,Image,False,2,0,5,0
713,sub-07,rh-pericalcarine,0.5,0.0,0.0,0.6931471805599453,RandomForest + Dummy,conscious,conscious,False,Image,False,2,0,9,0
714,sub-07,rh-pericalcarine,0.5,0.0,0.0,0.6931471805599453,RandomForest + Dummy,conscious,conscious,False,Image,False,2,0,5,0
715,sub-07,rh-pericalcarine,0.5,0.0,0.0,0.6931471805599453,RandomForest + Dummy,conscious,conscious,False,Image,False,2,0,5,0
716,sub-07,rh-pericalcarine,0.5,0.0,0.0,0.6931471805599453,RandomForest + Dummy,conscious,conscious,False,Image,False,2,0,1,0
717,sub-07,rh-pericalcarine,0.5,0.0,0.0,0.6931471805599453,RandomForest + Dummy,conscious,conscious,False,Image,False,2,0,1,0
718,sub-07,rh-pericalcarine,0.5,0.0,0.0,0.6931471805599453,RandomForest + Dummy,conscious,conscious,False,Image,False,2,0,2,0
719,sub-07,rh-pericalcarine,0.5,0.0,0.0,0.6931471805599453,RandomForest + Dummy,conscious,conscious,False,Image,False,2,0,4,0
720,sub-07,rh-pericalcarine,0.5,0.0,0.0,0.6931471805599453,RandomForest + Dummy,conscious,conscious,False,Image,False,2,0,4,0
721,sub-07,rh-pericalcarine,0.5,0.0,0.0,0.6931471805599453,RandomForest + Dummy,conscious,conscious,False,Image,False,2,0,3,0
722,sub-07,rh-pericalcarine,0.5,0.0,0.0,0.6931471805599453,RandomForest + Dummy,conscious,conscious,False,Image,False,2,0,7,0
723,sub-07,rh-pericalcarine,0.5,0.0,0.0,0.6931471805599453,RandomForest + Dummy,conscious,conscious,False,Image,False,2,0,10,0
724,sub-07,rh-pericalcarine,0.5,0.0,0.0,0.6931471805599453,RandomForest + Dummy,conscious,conscious,False,Image,False,2,0,1,0
725,sub-07,rh-pericalcarine,0.5,0.0,0.0,0.6931471805599453,RandomForest + Dummy,conscious,conscious,False,Image,False,2,0,3,0
726,sub-07,rh-pericalcarine,0.5,0.0,0.0,0.6931471805599453,RandomForest + Dummy,conscious,conscious,False,Image,False,2,0,1,0
727,sub-07,rh-pericalcarine,0.5,0.0,0.0,0.6931471805599453,RandomForest + Dummy,conscious,conscious,False,Image,False,2,0,2,0
728,sub-07,rh-pericalcarine,0.5,0.0,0.0,0.6931471805599453,RandomForest + Dummy,conscious,conscious,False,Image,False,2,0,4,0
729,sub-07,rh-pericalcarine,0.5,0.0,0.0,0.6931471805599453,RandomForest + Dummy,conscious,conscious,False,Image,False,2,0,8,0
730,sub-07,rh-pericalcarine,0.5,0.0,0.0,0.6931471805599453,RandomForest + Dummy,conscious,conscious,False,Image,False,2,0,11,0
731,sub-07,rh-pericalcarine,0.5,0.0,0.0,0.6931471805599453,RandomForest + Dummy,conscious,conscious,False,Image,False,2,0,1,0
732,sub-07,rh-pericalcarine,0.5,0.0,0.0,0.6931471805599453,RandomForest + Dummy,conscious,conscious,False,Image,False,2,0,3,0
733,sub-07,rh-pericalcarine,0.5,0.0,0.0,0.6931471805599453,RandomForest + Dummy,conscious,conscious,False,Image,False,2,0,10,0
734,sub-07,rh-pericalcarine,0.5,0.0,0.0,0.6931471805599453,RandomForest + Dummy,conscious,conscious,False,Image,False,2,0,6,0
735,sub-07,rh-pericalcarine,0.5,0.0,0.0,0.6931471805599453,RandomForest + Dummy,conscious,conscious,False,Image,False,2,0,6,0
736,sub-07,rh-pericalcarine,0.5,0.0,0.0,0.6931471805599453,RandomForest + Dummy,conscious,conscious,False,Image,False,2,0,3,0
737,sub-07,rh-pericalcarine,0.5,0.0,0.0,0.6931471805599453,RandomForest + Dummy,conscious,conscious,False,Image,False,2,0,4,0
738,sub-07,rh-pericalcarine,0.5,0.0,0.0,0.6931471805599453,RandomForest + Dummy,conscious,conscious,False,Image,False,2,0,2,0
739,sub-07,rh-pericalcarine,0.5,0.0,0.0,0.6931471805599453,RandomForest + Dummy,conscious,conscious,False,Image,False,2,0,2,0
740,sub-07,rh-pericalcarine,0.5,0.0,0.0,0.6931471805599453,RandomForest + Dummy,conscious,conscious,False,Image,False,2,0,13,0
741,sub-07,rh-pericalcarine,0.5,0.0,0.0,0.6931471805599453,RandomForest + Dummy,conscious,conscious,False,Image,False,2,0,3,0
742,sub-07,rh-pericalcarine,0.5,0.0,0.0,0.6931471805599453,RandomForest + Dummy,conscious,conscious,False,Image,False,2,0,1,0
743,sub-07,rh-pericalcarine,0.5,0.0,0.0,0.6931471805599453,RandomForest + Dummy,conscious,conscious,False,Image,False,2,0,4,0
744,sub-07,rh-pericalcarine,0.5,0.0,0.0,0.6931471805599453,RandomForest + Dummy,conscious,conscious,False,Image,False,2,0,5,0
745,sub-07,rh-pericalcarine,0.5,0.0,0.0,0.6931471805599453,RandomForest + Dummy,conscious,conscious,False,Image,False,2,0,9,0
746,sub-07,rh-pericalcarine,0.5,0.0,0.0,0.6931471805599453,RandomForest + Dummy,conscious,conscious,False,Image,False,2,0,1,0
747,sub-07,rh-pericalcarine,0.5,0.0,0.0,0.6931471805599453,RandomForest + Dummy,conscious,conscious,False,Image,False,2,0,6,0
748,sub-07,rh-pericalcarine,0.5,0.0,0.0,0.6931471805599453,RandomForest + Dummy,conscious,conscious,False,Image,False,2,0,7,0
749,sub-07,rh-pericalcarine,0.5,0.0,0.0,0.6931471805599453,RandomForest + Dummy,conscious,conscious,False,Image,False,2,0,10,0
750,sub-07,rh-pericalcarine,0.5,0.0,0.0,0.6931471805599453,RandomForest + Dummy,conscious,conscious,False,Image,False,2,0,5,0
751,sub-07,rh-pericalcarine,0.5,0.0,0.0,0.6931471805599453,RandomForest + Dummy,conscious,conscious,False,Image,False,2,0,10,0
752,sub-07,rh-pericalcarine,0.5,0.0,0.0,0.6931471805599453,RandomForest + Dummy,conscious,conscious,False,Image,False,2,0,2,0
753,sub-07,rh-pericalcarine,0.5,0.0,0.0,0.6931471805599453,RandomForest + Dummy,conscious,conscious,False,Image,False,2,0,12,0
754,sub-07,rh-pericalcarine,0.5,0.0,0.0,0.6931471805599453,RandomForest + Dummy,conscious,conscious,False,Image,False,2,0,5,0
755,sub-07,rh-pericalcarine,0.5,0.0,0.0,0.6931471805599453,RandomForest + Dummy,conscious,conscious,False,Image,False,2,0,9,0
756,sub-07,rh-pericalcarine,0.5,0.0,0.0,0.6931471805599453,RandomForest + Dummy,conscious,conscious,False,Image,False,2,0,5,0
757,sub-07,rh-pericalcarine,0.5,0.0,0.0,0.6931471805599453,RandomForest + Dummy,conscious,conscious,False,Image,False,2,0,5,0
758,sub-07,rh-pericalcarine,0.5,0.0,0.0,0.6931471805599453,RandomForest + Dummy,conscious,conscious,False,Image,False,2,0,1,0
759,sub-07,rh-pericalcarine,0.5,0.0,0.0,0.6931471805599453,RandomForest + Dummy,conscious,conscious,False,Image,False,2,0,1,0
760,sub-07,rh-pericalcarine,0.5,0.0,0.0,0.6931471805599453,RandomForest + Dummy,conscious,conscious,False,Image,False,2,0,2,0
761,sub-07,rh-pericalcarine,0.5,0.0,0.0,0.6931471805599453,RandomForest + Dummy,conscious,conscious,False,Image,False,2,0,4,0
762,sub-07,rh-pericalcarine,0.5,0.0,0.0,0.6931471805599453,RandomForest + Dummy,conscious,conscious,False,Image,False,2,0,4,0
763,sub-07,rh-pericalcarine,0.5,0.0,0.0,0.6931471805599453,RandomForest + Dummy,conscious,conscious,False,Image,False,2,0,3,0
764,sub-07,rh-pericalcarine,0.5,0.0,0.0,0.6931471805599453,RandomForest + Dummy,conscious,conscious,False,Image,False,2,0,7,0
765,sub-07,rh-pericalcarine,0.5,0.0,0.0,0.6931471805599453,RandomForest + Dummy,conscious,conscious,False,Image,False,2,0,10,0
766,sub-07,rh-pericalcarine,0.5,0.0,0.0,0.6931471805599453,RandomForest + Dummy,conscious,conscious,False,Image,False,2,0,1,0
767,sub-07,rh-pericalcarine,0.5,0.0,0.0,0.6931471805599453,RandomForest + Dummy,conscious,conscious,False,Image,False,2,0,3,0
768,sub-07,rh-pericalcarine,0.5,0.0,0.0,0.6931471805599453,RandomForest + Dummy,conscious,conscious,False,Image,False,2,0,1,0
769,sub-07,rh-pericalcarine,0.5,0.0,0.0,0.6931471805599453,RandomForest + Dummy,conscious,conscious,False,Image,False,2,0,2,0
770,sub-07,rh-pericalcarine,0.5,0.0,0.0,0.6931471805599453,RandomForest + Dummy,conscious,conscious,False,Image,False,2,0,4,0
771,sub-07,rh-pericalcarine,0.5,0.0,0.0,0.6931471805599453,RandomForest + Dummy,conscious,conscious,False,Image,False,2,0,8,0
772,sub-07,rh-pericalcarine,0.5,0.0,0.0,0.6931471805599453,RandomForest + Dummy,conscious,conscious,False,Image,False,2,0,11,0
773,sub-07,rh-pericalcarine,0.5,0.0,0.0,0.6931471805599453,RandomForest + Dummy,conscious,conscious,False,Image,False,2,0,1,0
774,sub-07,rh-pericalcarine,0.5,0.0,0.0,0.6931471805599453,RandomForest + Dummy,conscious,conscious,False,Image,False,2,0,3,0
775,sub-07,rh-pericalcarine,0.5,0.0,0.0,0.6931471805599453,RandomForest + Dummy,conscious,conscious,False,Image,False,2,0,10,0
776,sub-07,rh-pericalcarine,0.5,0.0,0.0,0.6931471805599453,RandomForest + Dummy,conscious,conscious,False,Image,False,2,0,6,0
777,sub-07,rh-pericalcarine,0.5,0.0,0.0,0.6931471805599453,RandomForest + Dummy,conscious,conscious,False,Image,False,2,0,6,0
778,sub-07,rh-pericalcarine,0.5,0.0,0.0,0.6931471805599453,RandomForest + Dummy,conscious,conscious,False,Image,False,2,0,3,0
779,sub-07,rh-pericalcarine,0.5,0.0,0.0,0.6931471805599453,RandomForest + Dummy,conscious,conscious,False,Image,False,2,0,4,0
780,sub-07,rh-pericalcarine,0.5,0.0,0.0,0.6931471805599453,RandomForest + Dummy,conscious,conscious,False,Image,False,2,0,2,0
781,sub-07,rh-pericalcarine,0.5,0.0,0.0,0.6931471805599453,RandomForest + Dummy,conscious,conscious,False,Image,False,2,0,2,0
782,sub-07,rh-pericalcarine,0.5,0.0,0.0,0.6931471805599453,RandomForest + Dummy,conscious,conscious,False,Image,False,2,0,13,0
783,sub-07,rh-pericalcarine,0.5,0.0,0.0,0.6931471805599453,RandomForest + Dummy,conscious,conscious,False,Image,False,2,0,3,0
784,sub-07,rh-pericalcarine,0.5,0.0,0.0,0.6931471805599453,RandomForest + Dummy,conscious,conscious,False,Image,False,2,0,1,0
785,sub-07,rh-pericalcarine,0.5,0.0,0.0,0.6931471805599453,RandomForest + Dummy,conscious,conscious,False,Image,False,2,0,4,0
786,sub-07,rh-pericalcarine,0.5,0.0,0.0,0.6931471805599453,RandomForest + Dummy,conscious,conscious,False,Image,False,2,0,5,0
787,sub-07,rh-pericalcarine,0.5,0.0,0.0,0.6931471805599453,RandomForest + Dummy,conscious,conscious,False,Image,False,2,0,9,0
788,sub-07,rh-pericalcarine,0.5,0.0,0.0,0.6931471805599453,RandomForest + Dummy,conscious,conscious,False,Image,False,2,0,1,0
789,sub-07,rh-pericalcarine,0.5,0.0,0.0,0.6931471805599453,RandomForest + Dummy,conscious,conscious,False,Image,False,2,0,6,0
790,sub-07,rh-pericalcarine,0.5,0.0,0.0,0.6931471805599453,RandomForest + Dummy,conscious,conscious,False,Image,False,2,0,7,0
791,sub-07,rh-pericalcarine,0.5,0.0,0.0,0.6931471805599453,RandomForest + Dummy,conscious,conscious,False,Image,False,2,0,10,0
792,sub-07,rh-pericalcarine,0.5,0.0,0.0,0.6931471805599453,RandomForest + Dummy,conscious,conscious,False,Image,False,2,0,5,0
793,sub-07,rh-pericalcarine,0.5,0.0,0.0,0.6931471805599453,RandomForest + Dummy,conscious,conscious,False,Image,False,2,0,10,0
794,sub-07,rh-pericalcarine,0.5,0.0,0.0,0.6931471805599453,RandomForest + Dummy,conscious,conscious,False,Image,False,2,0,2,0
795,sub-07,rh-pericalcarine,0.5,0.0,0.0,0.6931471805599453,RandomForest + Dummy,conscious,conscious,False,Image,False,2,0,12,0
796,sub-07,rh-pericalcarine,0.5,0.0,0.0,0.6931471805599453,RandomForest + Dummy,conscious,conscious,False,Image,False,2,0,5,0
797,sub-07,rh-pericalcarine,0.5,0.0,0.0,0.6931471805599453,RandomForest + Dummy,conscious,conscious,False,Image,False,2,0,9,0
798,sub-07,rh-pericalcarine,0.5,0.0,0.0,0.6931471805599453,RandomForest + Dummy,conscious,conscious,False,Image,False,2,0,5,0
799,sub-07,rh-pericalcarine,0.5,0.0,0.0,0.6931471805599453,RandomForest + Dummy,conscious,conscious,False,Image,False,1,0,5,0
800,sub-07,rh-pericalcarine,0.5,0.0,0.0,0.6931471805599453,RandomForest + Dummy,conscious,conscious,False,Image,False,1,0,1,0
801,sub-07,rh-pericalcarine,0.5,0.0,0.0,0.6931471805599453,RandomForest + Dummy,conscious,conscious,False,Image,False,1,0,1,0
802,sub-07,rh-pericalcarine,0.5,0.0,0.0,0.6931471805599453,RandomForest + Dummy,conscious,conscious,False,Image,False,1,0,2,0
803,sub-07,rh-pericalcarine,0.5,0.0,0.0,0.6931471805599453,RandomForest + Dummy,conscious,conscious,False,Image,False,1,0,4,0
804,sub-07,rh-pericalcarine,0.5,0.0,0.0,0.6931471805599453,RandomForest + Dummy,conscious,conscious,False,Image,False,1,0,4,0
805,sub-07,rh-pericalcarine,0.5,0.0,0.0,0.6931471805599453,RandomForest + Dummy,conscious,conscious,False,Image,False,1,0,3,0
806,sub-07,rh-pericalcarine,0.5,0.0,0.0,0.6931471805599453,RandomForest + Dummy,conscious,conscious,False,Image,False,1,0,7,0
807,sub-07,rh-pericalcarine,0.5,0.0,0.0,0.6931471805599453,RandomForest + Dummy,conscious,conscious,False,Image,False,1,0,10,0
808,sub-07,rh-pericalcarine,0.5,0.0,0.0,0.6931471805599453,RandomForest + Dummy,conscious,conscious,False,Image,False,1,0,1,0
809,sub-07,rh-pericalcarine,0.5,0.0,0.0,0.6931471805599453,RandomForest + Dummy,conscious,conscious,False,Image,False,1,0,3,0
810,sub-07,rh-pericalcarine,0.5,0.0,0.0,0.6931471805599453,RandomForest + Dummy,conscious,conscious,False,Image,False,1,0,1,0
811,sub-07,rh-pericalcarine,0.5,0.0,0.0,0.6931471805599453,RandomForest + Dummy,conscious,conscious,False,Image,False,1,0,2,0
812,sub-07,rh-pericalcarine,0.5,0.0,0.0,0.6931471805599453,RandomForest + Dummy,conscious,conscious,False,Image,False,1,0,4,0
813,sub-07,rh-pericalcarine,0.5,0.0,0.0,0.6931471805599453,RandomForest + Dummy,conscious,conscious,False,Image,False,1,0,8,0
814,sub-07,rh-pericalcarine,0.5,0.0,0.0,0.6931471805599453,RandomForest + Dummy,conscious,conscious,False,Image,False,1,0,11,0
815,sub-07,rh-pericalcarine,0.5,0.0,0.0,0.6931471805599453,RandomForest + Dummy,conscious,conscious,False,Image,False,1,0,1,0
816,sub-07,rh-pericalcarine,0.5,0.0,0.0,0.6931471805599453,RandomForest + Dummy,conscious,conscious,False,Image,False,1,0,3,0
817,sub-07,rh-pericalcarine,0.5,0.0,0.0,0.6931471805599453,RandomForest + Dummy,conscious,conscious,False,Image,False,1,0,10,0
818,sub-07,rh-pericalcarine,0.5,0.0,0.0,0.6931471805599453,RandomForest + Dummy,conscious,conscious,False,Image,False,1,0,6,0
819,sub-07,rh-pericalcarine,0.5,0.0,0.0,0.6931471805599453,RandomForest + Dummy,conscious,conscious,False,Image,False,1,0,6,0
820,sub-07,rh-pericalcarine,0.5,0.0,0.0,0.6931471805599453,RandomForest + Dummy,conscious,conscious,False,Image,False,1,0,3,0
821,sub-07,rh-pericalcarine,0.5,0.0,0.0,0.6931471805599453,RandomForest + Dummy,conscious,conscious,False,Image,False,1,0,4,0
822,sub-07,rh-pericalcarine,0.5,0.0,0.0,0.6931471805599453,RandomForest + Dummy,conscious,conscious,False,Image,False,1,0,2,0
823,sub-07,rh-pericalcarine,0.5,0.0,0.0,0.6931471805599453,RandomForest + Dummy,conscious,conscious,False,Image,False,1,0,2,0
824,sub-07,rh-pericalcarine,0.5,0.0,0.0,0.6931471805599453,RandomForest + Dummy,conscious,conscious,False,Image,False,1,0,13,0
825,sub-07,rh-pericalcarine,0.5,0.0,0.0,0.6931471805599453,RandomForest + Dummy,conscious,conscious,False,Image,False,1,0,3,0
826,sub-07,rh-pericalcarine,0.5,0.0,0.0,0.6931471805599453,RandomForest + Dummy,conscious,conscious,False,Image,False,1,0,1,0
827,sub-07,rh-pericalcarine,0.5,0.0,0.0,0.6931471805599453,RandomForest + Dummy,conscious,conscious,False,Image,False,1,0,4,0
828,sub-07,rh-pericalcarine,0.5,0.0,0.0,0.6931471805599453,RandomForest + Dummy,conscious,conscious,False,Image,False,1,0,5,0
829,sub-07,rh-pericalcarine,0.5,0.0,0.0,0.6931471805599453,RandomForest + Dummy,conscious,conscious,False,Image,False,1,0,9,0
830,sub-07,rh-pericalcarine,0.5,0.0,0.0,0.6931471805599453,RandomForest + Dummy,conscious,conscious,False,Image,False,1,0,1,0
831,sub-07,rh-pericalcarine,0.5,0.0,0.0,0.6931471805599453,RandomForest + Dummy,conscious,conscious,False,Image,False,1,0,6,0
832,sub-07,rh-pericalcarine,0.5,0.0,0.0,0.6931471805599453,RandomForest + Dummy,conscious,conscious,False,Image,False,1,0,7,0
833,sub-07,rh-pericalcarine,0.5,0.0,0.0,0.6931471805599453,RandomForest + Dummy,conscious,conscious,False,Image,False,1,0,10,0
834,sub-07,rh-pericalcarine,0.5,0.0,0.0,0.6931471805599453,RandomForest + Dummy,conscious,conscious,False,Image,False,1,0,5,0
835,sub-07,rh-pericalcarine,0.5,0.0,0.0,0.6931471805599453,RandomForest + Dummy,conscious,conscious,False,Image,False,1,0,10,0
836,sub-07,rh-pericalcarine,0.5,0.0,0.0,0.6931471805599453,RandomForest + Dummy,conscious,conscious,False,Image,False,1,0,2,0
837,sub-07,rh-pericalcarine,0.5,0.0,0.0,0.6931471805599453,RandomForest + Dummy,conscious,conscious,False,Image,False,1,0,12,0
838,sub-07,rh-pericalcarine,0.5,0.0,0.0,0.6931471805599453,RandomForest + Dummy,conscious,conscious,False,Image,False,1,0,5,0
839,sub-07,rh-pericalcarine,0.5,0.0,0.0,0.6931471805599453,RandomForest + Dummy,conscious,conscious,False,Image,False,1,0,9,0
840,sub-07,rh-pericalcarine,0.5,0.0,0.0,0.6931471805599453,RandomForest + Dummy,conscious,conscious,False,Image,False,1,0,5,0
841,sub-07,rh-pericalcarine,0.5,0.0,0.0,0.6931471805599453,RandomForest + Dummy,conscious,conscious,False,Image,False,2,0,5,0
842,sub-07,rh-pericalcarine,0.5,0.0,0.0,0.6931471805599453,RandomForest + Dummy,conscious,conscious,False,Image,False,2,0,1,0
843,sub-07,rh-pericalcarine,0.5,0.0,0.0,0.6931471805599453,RandomForest + Dummy,conscious,conscious,False,Image,False,2,0,1,0
844,sub-07,rh-pericalcarine,0.5,0.0,0.0,0.6931471805599453,RandomForest + Dummy,conscious,conscious,False,Image,False,2,0,2,0
845,sub-07,rh-pericalcarine,0.5,0.0,0.0,0.6931471805599453,RandomForest + Dummy,conscious,conscious,False,Image,False,2,0,4,0
846,sub-07,rh-pericalcarine,0.5,0.0,0.0,0.6931471805599453,RandomForest + Dummy,conscious,conscious,False,Image,False,2,0,4,0
847,sub-07,rh-pericalcarine,0.5,0.0,0.0,0.6931471805599453,RandomForest + Dummy,conscious,conscious,False,Image,False,2,0,3,0
848,sub-07,rh-pericalcarine,0.5,0.0,0.0,0.6931471805599453,RandomForest + Dummy,conscious,conscious,False,Image,False,2,0,7,0
849,sub-07,rh-pericalcarine,0.5,0.0,0.0,0.6931471805599453,RandomForest + Dummy,conscious,conscious,False,Image,False,2,0,10,0
850,sub-07,rh-pericalcarine,0.5,0.0,0.0,0.6931471805599453,RandomForest + Dummy,conscious,conscious,False,Image,False,2,0,1,0
851,sub-07,rh-pericalcarine,0.5,0.0,0.0,0.6931471805599453,RandomForest + Dummy,conscious,conscious,False,Image,False,2,0,3,0
852,sub-07,rh-pericalcarine,0.5,0.0,0.0,0.6931471805599453,RandomForest + Dummy,conscious,conscious,False,Image,False,2,0,1,0
853,sub-07,rh-pericalcarine,0.5,0.0,0.0,0.6931471805599453,RandomForest + Dummy,conscious,conscious,False,Image,False,2,0,2,0
854,sub-07,rh-pericalcarine,0.5,0.0,0.0,0.6931471805599453,RandomForest + Dummy,conscious,conscious,False,Image,False,2,0,4,0
855,sub-07,rh-pericalcarine,0.5,0.0,0.0,0.6931471805599453,RandomForest + Dummy,conscious,conscious,False,Image,False,2,0,8,0
856,sub-07,rh-pericalcarine,0.5,0.0,0.0,0.6931471805599453,RandomForest + Dummy,conscious,conscious,False,Image,False,2,0,11,0
857,sub-07,rh-pericalcarine,0.5,0.0,0.0,0.6931471805599453,RandomForest + Dummy,conscious,conscious,False,Image,False,2,0,1,0
858,sub-07,rh-pericalcarine,0.5,0.0,0.0,0.6931471805599453,RandomForest + Dummy,conscious,conscious,False,Image,False,2,0,3,0
859,sub-07,rh-pericalcarine,0.5,0.0,0.0,0.6931471805599453,RandomForest + Dummy,conscious,conscious,False,Image,False,2,0,10,0
860,sub-07,rh-pericalcarine,0.5,0.0,0.0,0.6931471805599453,RandomForest + Dummy,conscious,conscious,False,Image,False,2,0,6,0
861,sub-07,rh-pericalcarine,0.5,0.0,0.0,0.6931471805599453,RandomForest + Dummy,conscious,conscious,False,Image,False,2,0,6,0
862,sub-07,rh-pericalcarine,0.5,0.0,0.0,0.6931471805599453,RandomForest + Dummy,conscious,conscious,False,Image,False,2,0,3,0
863,sub-07,rh-pericalcarine,0.5,0.0,0.0,0.6931471805599453,RandomForest + Dummy,conscious,conscious,False,Image,False,2,0,4,0
864,sub-07,rh-pericalcarine,0.5,0.0,0.0,0.6931471805599453,RandomForest + Dummy,conscious,conscious,False,Image,False,2,0,2,0
865,sub-07,rh-pericalcarine,0.5,0.0,0.0,0.6931471805599453,RandomForest + Dummy,conscious,conscious,False,Image,False,2,0,2,0
866,sub-07,rh-pericalcarine,0.5,0.0,0.0,0.6931471805599453,RandomForest + Dummy,conscious,conscious,False,Image,False,2,0,13,0
867,sub-07,rh-pericalcarine,0.5,0.0,0.0,0.6931471805599453,RandomForest + Dummy,conscious,conscious,False,Image,False,2,0,3,0
868,sub-07,rh-pericalcarine,0.5,0.0,0.0,0.6931471805599453,RandomForest + Dummy,conscious,conscious,False,Image,False,2,0,1,0
869,sub-07,rh-pericalcarine,0.5,0.0,0.0,0.6931471805599453,RandomForest + Dummy,conscious,conscious,False,Image,False,2,0,4,0
870,sub-07,rh-pericalcarine,0.5,0.0,0.0,0.6931471805599453,RandomForest + Dummy,conscious,conscious,False,Image,False,2,0,5,0
871,sub-07,rh-pericalcarine,0.5,0.0,0.0,0.6931471805599453,RandomForest + Dummy,conscious,conscious,False,Image,False,2,0,9,0
872,sub-07,rh-pericalcarine,0.5,0.0,0.0,0.6931471805599453,RandomForest + Dummy,conscious,conscious,False,Image,False,2,0,1,0
873,sub-07,rh-pericalcarine,0.5,0.0,0.0,0.6931471805599453,RandomForest + Dummy,conscious,conscious,False,Image,False,2,0,6,0
874,sub-07,rh-pericalcarine,0.5,0.0,0.0,0.6931471805599453,RandomForest + Dummy,conscious,conscious,False,Image,False,2,0,7,0
875,sub-07,rh-pericalcarine,0.5,0.0,0.0,0.6931471805599453,RandomForest + Dummy,conscious,conscious,False,Image,False,2,0,10,0
876,sub-07,rh-pericalcarine,0.5,0.0,0.0,0.6931471805599453,RandomForest + Dummy,conscious,conscious,False,Image,False,2,0,5,0
877,sub-07,rh-pericalcarine,0.5,0.0,0.0,0.6931471805599453,RandomForest + Dummy,conscious,conscious,False,Image,False,2,0,10,0
878,sub-07,rh-pericalcarine,0.5,0.0,0.0,0.6931471805599453,RandomForest + Dummy,conscious,conscious,False,Image,False,2,0,2,0
879,sub-07,rh-pericalcarine,0.5,0.0,0.0,0.6931471805599453,RandomForest + Dummy,conscious,conscious,False,Image,False,2,0,12,0
880,sub-07,rh-pericalcarine,0.5,0.0,0.0,0.6931471805599453,RandomForest + Dummy,conscious,conscious,False,Image,False,2,0,5,0
881,sub-07,rh-pericalcarine,0.5,0.0,0.0,0.6931471805599453,RandomForest + Dummy,conscious,conscious,False,Image,False,2,0,9,0
882,sub-07,rh-pericalcarine,0.5,0.0,0.0,0.6931471805599453,RandomForest + Dummy,conscious,conscious,False,Image,False,2,0,5,0
883,sub-07,rh-pericalcarine,0.5,0.0,0.0,0.6931471805599453,RandomForest + Dummy,conscious,conscious,False,Image,False,4,0,5,0
884,sub-07,rh-pericalcarine,0.5,0.0,0.0,0.6931471805599453,RandomForest + Dummy,conscious,conscious,False,Image,False,4,0,1,0
885,sub-07,rh-pericalcarine,0.5,0.0,0.0,0.6931471805599453,RandomForest + Dummy,conscious,conscious,False,Image,False,4,0,1,0
886,sub-07,rh-pericalcarine,0.5,0.0,0.0,0.6931471805599453,RandomForest + Dummy,conscious,conscious,False,Image,False,4,0,2,0
887,sub-07,rh-pericalcarine,0.5,0.0,0.0,0.6931471805599453,RandomForest + Dummy,conscious,conscious,False,Image,False,4,0,4,0
888,sub-07,rh-pericalcarine,0.5,0.0,0.0,0.6931471805599453,RandomForest + Dummy,conscious,conscious,False,Image,False,4,0,4,0
889,sub-07,rh-pericalcarine,0.5,0.0,0.0,0.6931471805599453,RandomForest + Dummy,conscious,conscious,False,Image,False,4,0,3,0
890,sub-07,rh-pericalcarine,0.5,0.0,0.0,0.6931471805599453,RandomForest + Dummy,conscious,conscious,False,Image,False,4,0,7,0
891,sub-07,rh-pericalcarine,0.5,0.0,0.0,0.6931471805599453,RandomForest + Dummy,conscious,conscious,False,Image,False,4,0,10,0
892,sub-07,rh-pericalcarine,0.5,0.0,0.0,0.6931471805599453,RandomForest + Dummy,conscious,conscious,False,Image,False,4,0,1,0
893,sub-07,rh-pericalcarine,0.5,0.0,0.0,0.6931471805599453,RandomForest + Dummy,conscious,conscious,False,Image,False,4,0,3,0
894,sub-07,rh-pericalcarine,0.5,0.0,0.0,0.6931471805599453,RandomForest + Dummy,conscious,conscious,False,Image,False,4,0,1,0
895,sub-07,rh-pericalcarine,0.5,0.0,0.0,0.6931471805599453,RandomForest + Dummy,conscious,conscious,False,Image,False,4,0,2,0
896,sub-07,rh-pericalcarine,0.5,0.0,0.0,0.6931471805599453,RandomForest + Dummy,conscious,conscious,False,Image,False,4,0,4,0
897,sub-07,rh-pericalcarine,0.5,0.0,0.0,0.6931471805599453,RandomForest + Dummy,conscious,conscious,False,Image,False,4,0,8,0
898,sub-07,rh-pericalcarine,0.5,0.0,0.0,0.6931471805599453,RandomForest + Dummy,conscious,conscious,False,Image,False,4,0,11,0
899,sub-07,rh-pericalcarine,0.5,0.0,0.0,0.6931471805599453,RandomForest + Dummy,conscious,conscious,False,Image,False,4,0,1,0
900,sub-07,rh-pericalcarine,0.5,0.0,0.0,0.6931471805599453,RandomForest + Dummy,conscious,conscious,False,Image,False,4,0,3,0
901,sub-07,rh-pericalcarine,0.5,0.0,0.0,0.6931471805599453,RandomForest + Dummy,conscious,conscious,False,Image,False,4,0,10,0
902,sub-07,rh-pericalcarine,0.5,0.0,0.0,0.6931471805599453,RandomForest + Dummy,conscious,conscious,False,Image,False,4,0,6,0
903,sub-07,rh-pericalcarine,0.5,0.0,0.0,0.6931471805599453,RandomForest + Dummy,conscious,conscious,False,Image,False,4,0,6,0
904,sub-07,rh-pericalcarine,0.5,0.0,0.0,0.6931471805599453,RandomForest + Dummy,conscious,conscious,False,Image,False,4,0,3,0
905,sub-07,rh-pericalcarine,0.5,0.0,0.0,0.6931471805599453,RandomForest + Dummy,conscious,conscious,False,Image,False,4,0,4,0
906,sub-07,rh-pericalcarine,0.5,0.0,0.0,0.6931471805599453,RandomForest + Dummy,conscious,conscious,False,Image,False,4,0,2,0
907,sub-07,rh-pericalcarine,0.5,0.0,0.0,0.6931471805599453,RandomForest + Dummy,conscious,conscious,False,Image,False,4,0,2,0
908,sub-07,rh-pericalcarine,0.5,0.0,0.0,0.6931471805599453,RandomForest + Dummy,conscious,conscious,False,Image,False,4,0,13,0
909,sub-07,rh-pericalcarine,0.5,0.0,0.0,0.6931471805599453,RandomForest + Dummy,conscious,conscious,False,Image,False,4,0,3,0
910,sub-07,rh-pericalcarine,0.5,0.0,0.0,0.6931471805599453,RandomForest + Dummy,conscious,conscious,False,Image,False,4,0,1,0
911,sub-07,rh-pericalcarine,0.5,0.0,0.0,0.6931471805599453,RandomForest + Dummy,conscious,conscious,False,Image,False,4,0,4,0
912,sub-07,rh-pericalcarine,0.5,0.0,0.0,0.6931471805599453,RandomForest + Dummy,conscious,conscious,False,Image,False,4,0,5,0
913,sub-07,rh-pericalcarine,0.5,0.0,0.0,0.6931471805599453,RandomForest + Dummy,conscious,conscious,False,Image,False,4,0,9,0
914,sub-07,rh-pericalcarine,0.5,0.0,0.0,0.6931471805599453,RandomForest + Dummy,conscious,conscious,False,Image,False,4,0,1,0
915,sub-07,rh-pericalcarine,0.5,0.0,0.0,0.6931471805599453,RandomForest + Dummy,conscious,conscious,False,Image,False,4,0,6,0
916,sub-07,rh-pericalcarine,0.5,0.0,0.0,0.6931471805599453,RandomForest + Dummy,conscious,conscious,False,Image,False,4,0,7,0
917,sub-07,rh-pericalcarine,0.5,0.0,0.0,0.6931471805599453,RandomForest + Dummy,conscious,conscious,False,Image,False,4,0,10,0
918,sub-07,rh-pericalcarine,0.5,0.0,0.0,0.6931471805599453,RandomForest + Dummy,conscious,conscious,False,Image,False,4,0,5,0
919,sub-07,rh-pericalcarine,0.5,0.0,0.0,0.6931471805599453,RandomForest + Dummy,conscious,conscious,False,Image,False,4,0,10,0
920,sub-07,rh-pericalcarine,0.5,0.0,0.0,0.6931471805599453,RandomForest + Dummy,conscious,conscious,False,Image,False,4,0,2,0
921,sub-07,rh-pericalcarine,0.5,0.0,0.0,0.6931471805599453,RandomForest + Dummy,conscious,conscious,False,Image,False,4,0,12,0
922,sub-07,rh-pericalcarine,0.5,0.0,0.0,0.6931471805599453,RandomForest + Dummy,conscious,conscious,False,Image,False,4,0,5,0
923,sub-07,rh-pericalcarine,0.5,0.0,0.0,0.6931471805599453,RandomForest + Dummy,conscious,conscious,False,Image,False,4,0,9,0
924,sub-07,rh-pericalcarine,0.5,0.0,0.0,0.6931471805599453,RandomForest + Dummy,conscious,conscious,False,Image,False,4,0,5,0
925,sub-07,rh-pericalcarine,0.5,0.0,0.0,0.6931471805599453,RandomForest + Dummy,conscious,conscious,False,Image,False,3,0,5,0
926,sub-07,rh-pericalcarine,0.5,0.0,0.0,0.6931471805599453,RandomForest + Dummy,conscious,conscious,False,Image,False,3,0,1,0
927,sub-07,rh-pericalcarine,0.5,0.0,0.0,0.6931471805599453,RandomForest + Dummy,conscious,conscious,False,Image,False,3,0,1,0
928,sub-07,rh-pericalcarine,0.5,0.0,0.0,0.6931471805599453,RandomForest + Dummy,conscious,conscious,False,Image,False,3,0,2,0
929,sub-07,rh-pericalcarine,0.5,0.0,0.0,0.6931471805599453,RandomForest + Dummy,conscious,conscious,False,Image,False,3,0,4,0
930,sub-07,rh-pericalcarine,0.5,0.0,0.0,0.6931471805599453,RandomForest + Dummy,conscious,conscious,False,Image,False,3,0,4,0
931,sub-07,rh-pericalcarine,0.5,0.0,0.0,0.6931471805599453,RandomForest + Dummy,conscious,conscious,False,Image,False,3,0,3,0
932,sub-07,rh-pericalcarine,0.5,0.0,0.0,0.6931471805599453,RandomForest + Dummy,conscious,conscious,False,Image,False,3,0,7,0
933,sub-07,rh-pericalcarine,0.5,0.0,0.0,0.6931471805599453,RandomForest + Dummy,conscious,conscious,False,Image,False,3,0,10,0
934,sub-07,rh-pericalcarine,0.5,0.0,0.0,0.6931471805599453,RandomForest + Dummy,conscious,conscious,False,Image,False,3,0,1,0
935,sub-07,rh-pericalcarine,0.5,0.0,0.0,0.6931471805599453,RandomForest + Dummy,conscious,conscious,False,Image,False,3,0,3,0
936,sub-07,rh-pericalcarine,0.5,0.0,0.0,0.6931471805599453,RandomForest + Dummy,conscious,conscious,False,Image,False,3,0,1,0
937,sub-07,rh-pericalcarine,0.5,0.0,0.0,0.6931471805599453,RandomForest + Dummy,conscious,conscious,False,Image,False,3,0,2,0
938,sub-07,rh-pericalcarine,0.5,0.0,0.0,0.6931471805599453,RandomForest + Dummy,conscious,conscious,False,Image,False,3,0,4,0
939,sub-07,rh-pericalcarine,0.5,0.0,0.0,0.6931471805599453,RandomForest + Dummy,conscious,conscious,False,Image,False,3,0,8,0
940,sub-07,rh-pericalcarine,0.5,0.0,0.0,0.6931471805599453,RandomForest + Dummy,conscious,conscious,False,Image,False,3,0,11,0
941,sub-07,rh-pericalcarine,0.5,0.0,0.0,0.6931471805599453,RandomForest + Dummy,conscious,conscious,False,Image,False,3,0,1,0
942,sub-07,rh-pericalcarine,0.5,0.0,0.0,0.6931471805599453,RandomForest + Dummy,conscious,conscious,False,Image,False,3,0,3,0
943,sub-07,rh-pericalcarine,0.5,0.0,0.0,0.6931471805599453,RandomForest + Dummy,conscious,conscious,False,Image,False,3,0,10,0
944,sub-07,rh-pericalcarine,0.5,0.0,0.0,0.6931471805599453,RandomForest + Dummy,conscious,conscious,False,Image,False,3,0,6,0
945,sub-07,rh-pericalcarine,0.5,0.0,0.0,0.6931471805599453,RandomForest + Dummy,conscious,conscious,False,Image,False,3,0,6,0
946,sub-07,rh-pericalcarine,0.5,0.0,0.0,0.6931471805599453,RandomForest + Dummy,conscious,conscious,False,Image,False,3,0,3,0
947,sub-07,rh-pericalcarine,0.5,0.0,0.0,0.6931471805599453,RandomForest + Dummy,conscious,conscious,False,Image,False,3,0,4,0
948,sub-07,rh-pericalcarine,0.5,0.0,0.0,0.6931471805599453,RandomForest + Dummy,conscious,conscious,False,Image,False,3,0,2,0
949,sub-07,rh-pericalcarine,0.5,0.0,0.0,0.6931471805599453,RandomForest + Dummy,conscious,conscious,False,Image,False,3,0,2,0
950,sub-07,rh-pericalcarine,0.5,0.0,0.0,0.6931471805599453,RandomForest + Dummy,conscious,conscious,False,Image,False,3,0,13,0
951,sub-07,rh-pericalcarine,0.5,0.0,0.0,0.6931471805599453,RandomForest + Dummy,conscious,conscious,False,Image,False,3,0,3,0
952,sub-07,rh-pericalcarine,0.5,0.0,0.0,0.6931471805599453,RandomForest + Dummy,conscious,conscious,False,Image,False,3,0,1,0
953,sub-07,rh-pericalcarine,0.5,0.0,0.0,0.6931471805599453,RandomForest + Dummy,conscious,conscious,False,Image,False,3,0,4,0
954,sub-07,rh-pericalcarine,0.5,0.0,0.0,0.6931471805599453,RandomForest + Dummy,conscious,conscious,False,Image,False,3,0,5,0
955,sub-07,rh-pericalcarine,0.5,0.0,0.0,0.6931471805599453,RandomForest + Dummy,conscious,conscious,False,Image,False,3,0,9,0
956,sub-07,rh-pericalcarine,0.5,0.0,0.0,0.6931471805599453,RandomForest + Dummy,conscious,conscious,False,Image,False,3,0,1,0
957,sub-07,rh-pericalcarine,0.5,0.0,0.0,0.6931471805599453,RandomForest + Dummy,conscious,conscious,False,Image,False,3,0,6,0
958,sub-07,rh-pericalcarine,0.5,0.0,0.0,0.6931471805599453,RandomForest + Dummy,conscious,conscious,False,Image,False,3,0,7,0
959,sub-07,rh-pericalcarine,0.5,0.0,0.0,0.6931471805599453,RandomForest + Dummy,conscious,conscious,False,Image,False,3,0,10,0
960,sub-07,rh-pericalcarine,0.5,0.0,0.0,0.6931471805599453,RandomForest + Dummy,conscious,conscious,False,Image,False,3,0,5,0
961,sub-07,rh-pericalcarine,0.5,0.0,0.0,0.6931471805599453,RandomForest + Dummy,conscious,conscious,False,Image,False,3,0,10,0
962,sub-07,rh-pericalcarine,0.5,0.0,0.0,0.6931471805599453,RandomForest + Dummy,conscious,conscious,False,Image,False,3,0,2,0
963,sub-07,rh-pericalcarine,0.5,0.0,0.0,0.6931471805599453,RandomForest + Dummy,conscious,conscious,False,Image,False,3,0,12,0
964,sub-07,rh-pericalcarine,0.5,0.0,0.0,0.6931471805599453,RandomForest + Dummy,conscious,conscious,False,Image,False,3,0,5,0
965,sub-07,rh-pericalcarine,0.5,0.0,0.0,0.6931471805599453,RandomForest + Dummy,conscious,conscious,False,Image,False,3,0,9,0
966,sub-07,rh-pericalcarine,0.5,0.0,0.0,0.6931471805599453,RandomForest + Dummy,conscious,conscious,False,Image,False,3,0,5,0
967,sub-07,rh-pericalcarine,0.5,0.0,0.0,0.6931471805599453,RandomForest + Dummy,conscious,conscious,False,Image,False,4,0,5,0
968,sub-07,rh-pericalcarine,0.5,0.0,0.0,0.6931471805599453,RandomForest + Dummy,conscious,conscious,False,Image,False,4,0,1,0
969,sub-07,rh-pericalcarine,0.5,0.0,0.0,0.6931471805599453,RandomForest + Dummy,conscious,conscious,False,Image,False,4,0,1,0
970,sub-07,rh-pericalcarine,0.5,0.0,0.0,0.6931471805599453,RandomForest + Dummy,conscious,conscious,False,Image,False,4,0,2,0
971,sub-07,rh-pericalcarine,0.5,0.0,0.0,0.6931471805599453,RandomForest + Dummy,conscious,conscious,False,Image,False,4,0,4,0
972,sub-07,rh-pericalcarine,0.5,0.0,0.0,0.6931471805599453,RandomForest + Dummy,conscious,conscious,False,Image,False,4,0,4,0
973,sub-07,rh-pericalcarine,0.5,0.0,0.0,0.6931471805599453,RandomForest + Dummy,conscious,conscious,False,Image,False,4,0,3,0
974,sub-07,rh-pericalcarine,0.5,0.0,0.0,0.6931471805599453,RandomForest + Dummy,conscious,conscious,False,Image,False,4,0,7,0
975,sub-07,rh-pericalcarine,0.5,0.0,0.0,0.6931471805599453,RandomForest + Dummy,conscious,conscious,False,Image,False,4,0,10,0
976,sub-07,rh-pericalcarine,0.5,0.0,0.0,0.6931471805599453,RandomForest + Dummy,conscious,conscious,False,Image,False,4,0,1,0
977,sub-07,rh-pericalcarine,0.5,0.0,0.0,0.6931471805599453,RandomForest + Dummy,conscious,conscious,False,Image,False,4,0,3,0
978,sub-07,rh-pericalcarine,0.5,0.0,0.0,0.6931471805599453,RandomForest + Dummy,conscious,conscious,False,Image,False,4,0,1,0
979,sub-07,rh-pericalcarine,0.5,0.0,0.0,0.6931471805599453,RandomForest + Dummy,conscious,conscious,False,Image,False,4,0,2,0
980,sub-07,rh-pericalcarine,0.5,0.0,0.0,0.6931471805599453,RandomForest + Dummy,conscious,conscious,False,Image,False,4,0,4,0
981,sub-07,rh-pericalcarine,0.5,0.0,0.0,0.6931471805599453,RandomForest + Dummy,conscious,conscious,False,Image,False,4,0,8,0
982,sub-07,rh-pericalcarine,0.5,0.0,0.0,0.6931471805599453,RandomForest + Dummy,conscious,conscious,False,Image,False,4,0,11,0
983,sub-07,rh-pericalcarine,0.5,0.0,0.0,0.6931471805599453,RandomForest + Dummy,conscious,conscious,False,Image,False,4,0,1,0
984,sub-07,rh-pericalcarine,0.5,0.0,0.0,0.6931471805599453,RandomForest + Dummy,conscious,conscious,False,Image,False,4,0,3,0
985,sub-07,rh-pericalcarine,0.5,0.0,0.0,0.6931471805599453,RandomForest + Dummy,conscious,conscious,False,Image,False,4,0,10,0
986,sub-07,rh-pericalcarine,0.5,0.0,0.0,0.6931471805599453,RandomForest + Dummy,conscious,conscious,False,Image,False,4,0,6,0
987,sub-07,rh-pericalcarine,0.5,0.0,0.0,0.6931471805599453,RandomForest + Dummy,conscious,conscious,False,Image,False,4,0,6,0
988,sub-07,rh-pericalcarine,0.5,0.0,0.0,0.6931471805599453,RandomForest + Dummy,conscious,conscious,False,Image,False,4,0,3,0
989,sub-07,rh-pericalcarine,0.5,0.0,0.0,0.6931471805599453,RandomForest + Dummy,conscious,conscious,False,Image,False,4,0,4,0
990,sub-07,rh-pericalcarine,0.5,0.0,0.0,0.6931471805599453,RandomForest + Dummy,conscious,conscious,False,Image,False,4,0,2,0
991,sub-07,rh-pericalcarine,0.5,0.0,0.0,0.6931471805599453,RandomForest + Dummy,conscious,conscious,False,Image,False,4,0,2,0
992,sub-07,rh-pericalcarine,0.5,0.0,0.0,0.6931471805599453,RandomForest + Dummy,conscious,conscious,False,Image,False,4,0,13,0
993,sub-07,rh-pericalcarine,0.5,0.0,0.0,0.6931471805599453,RandomForest + Dummy,conscious,conscious,False,Image,False,4,0,3,0
994,sub-07,rh-pericalcarine,0.5,0.0,0.0,0.6931471805599453,RandomForest + Dummy,conscious,conscious,False,Image,False,4,0,1,0
995,sub-07,rh-pericalcarine,0.5,0.0,0.0,0.6931471805599453,RandomForest + Dummy,conscious,conscious,False,Image,False,4,0,4,0
996,sub-07,rh-pericalcarine,0.5,0.0,0.0,0.6931471805599453,RandomForest + Dummy,conscious,conscious,False,Image,False,4,0,5,0
997,sub-07,rh-pericalcarine,0.5,0.0,0.0,0.6931471805599453,RandomForest + Dummy,conscious,conscious,False,Image,False,4,0,9,0
998,sub-07,rh-pericalcarine,0.5,0.0,0.0,0.6931471805599453,RandomForest + Dummy,conscious,conscious,False,Image,False,4,0,1,0
999,sub-07,rh-pericalcarine,0.5,0.0,0.0,0.6931471805599453,RandomForest + Dummy,conscious,conscious,False,Image,False,4,0,6,0
1000,sub-07,rh-pericalcarine,0.5,0.0,0.0,0.6931471805599453,RandomForest + Dummy,conscious,conscious,False,Image,False,4,0,7,0
1001,sub-07,rh-pericalcarine,0.5,0.0,0.0,0.6931471805599453,RandomForest + Dummy,conscious,conscious,False,Image,False,4,0,10,0
1002,sub-07,rh-pericalcarine,0.5,0.0,0.0,0.6931471805599453,RandomForest + Dummy,conscious,conscious,False,Image,False,4,0,5,0
1003,sub-07,rh-pericalcarine,0.5,0.0,0.0,0.6931471805599453,RandomForest + Dummy,conscious,conscious,False,Image,False,4,0,10,0
1004,sub-07,rh-pericalcarine,0.5,0.0,0.0,0.6931471805599453,RandomForest + Dummy,conscious,conscious,False,Image,False,4,0,2,0
1005,sub-07,rh-pericalcarine,0.5,0.0,0.0,0.6931471805599453,RandomForest + Dummy,conscious,conscious,False,Image,False,4,0,12,0
1006,sub-07,rh-pericalcarine,0.5,0.0,0.0,0.6931471805599453,RandomForest + Dummy,conscious,conscious,False,Image,False,4,0,5,0
1007,sub-07,rh-pericalcarine,0.5,0.0,0.0,0.6931471805599453,RandomForest + Dummy,conscious,conscious,False,Image,False,4,0,9,0
1008,sub-07,rh-pericalcarine,0.5,0.0,0.0,0.6931471805599453,RandomForest + Dummy,conscious,conscious,False,Image,False,4,0,5,0
1009,sub-07,rh-pericalcarine,0.5,0.0,0.0,0.6931471805599453,RandomForest + Dummy,conscious,conscious,False,Image,False,8,0,5,0
1010,sub-07,rh-pericalcarine,0.5,0.0,0.0,0.6931471805599453,RandomForest + Dummy,conscious,conscious,False,Image,False,8,0,1,0
1011,sub-07,rh-pericalcarine,0.5,0.0,0.0,0.6931471805599453,RandomForest + Dummy,conscious,conscious,False,Image,False,8,0,1,0
1012,sub-07,rh-pericalcarine,0.5,0.0,0.0,0.6931471805599453,RandomForest + Dummy,conscious,conscious,False,Image,False,8,0,2,0
1013,sub-07,rh-pericalcarine,0.5,0.0,0.0,0.6931471805599453,RandomForest + Dummy,conscious,conscious,False,Image,False,8,0,4,0
1014,sub-07,rh-pericalcarine,0.5,0.0,0.0,0.6931471805599453,RandomForest + Dummy,conscious,conscious,False,Image,False,8,0,4,0
1015,sub-07,rh-pericalcarine,0.5,0.0,0.0,0.6931471805599453,RandomForest + Dummy,conscious,conscious,False,Image,False,8,0,3,0
1016,sub-07,rh-pericalcarine,0.5,0.0,0.0,0.6931471805599453,RandomForest + Dummy,conscious,conscious,False,Image,False,8,0,7,0
1017,sub-07,rh-pericalcarine,0.5,0.0,0.0,0.6931471805599453,RandomForest + Dummy,conscious,conscious,False,Image,False,8,0,10,0
1018,sub-07,rh-pericalcarine,0.5,0.0,0.0,0.6931471805599453,RandomForest + Dummy,conscious,conscious,False,Image,False,8,0,1,0
1019,sub-07,rh-pericalcarine,0.5,0.0,0.0,0.6931471805599453,RandomForest + Dummy,conscious,conscious,False,Image,False,8,0,3,0
1020,sub-07,rh-pericalcarine,0.5,0.0,0.0,0.6931471805599453,RandomForest + Dummy,conscious,conscious,False,Image,False,8,0,1,0
1021,sub-07,rh-pericalcarine,0.5,0.0,0.0,0.6931471805599453,RandomForest + Dummy,conscious,conscious,False,Image,False,8,0,2,0
1022,sub-07,rh-pericalcarine,0.5,0.0,0.0,0.6931471805599453,RandomForest + Dummy,conscious,conscious,False,Image,False,8,0,4,0
1023,sub-07,rh-pericalcarine,0.5,0.0,0.0,0.6931471805599453,RandomForest + Dummy,conscious,conscious,False,Image,False,8,0,8,0
1024,sub-07,rh-pericalcarine,0.5,0.0,0.0,0.6931471805599453,RandomForest + Dummy,conscious,conscious,False,Image,False,8,0,11,0
1025,sub-07,rh-pericalcarine,0.5,0.0,0.0,0.6931471805599453,RandomForest + Dummy,conscious,conscious,False,Image,False,8,0,1,0
1026,sub-07,rh-pericalcarine,0.5,0.0,0.0,0.6931471805599453,RandomForest + Dummy,conscious,conscious,False,Image,False,8,0,3,0
1027,sub-07,rh-pericalcarine,0.5,0.0,0.0,0.6931471805599453,RandomForest + Dummy,conscious,conscious,False,Image,False,8,0,10,0
1028,sub-07,rh-pericalcarine,0.5,0.0,0.0,0.6931471805599453,RandomForest + Dummy,conscious,conscious,False,Image,False,8,0,6,0
1029,sub-07,rh-pericalcarine,0.5,0.0,0.0,0.6931471805599453,RandomForest + Dummy,conscious,conscious,False,Image,False,8,0,6,0
1030,sub-07,rh-pericalcarine,0.5,0.0,0.0,0.6931471805599453,RandomForest + Dummy,conscious,conscious,False,Image,False,8,0,3,0
1031,sub-07,rh-pericalcarine,0.5,0.0,0.0,0.6931471805599453,RandomForest + Dummy,conscious,conscious,False,Image,False,8,0,4,0
1032,sub-07,rh-pericalcarine,0.5,0.0,0.0,0.6931471805599453,RandomForest + Dummy,conscious,conscious,False,Image,False,8,0,2,0
1033,sub-07,rh-pericalcarine,0.5,0.0,0.0,0.6931471805599453,RandomForest + Dummy,conscious,conscious,False,Image,False,8,0,2,0
1034,sub-07,rh-pericalcarine,0.5,0.0,0.0,0.6931471805599453,RandomForest + Dummy,conscious,conscious,False,Image,False,8,0,13,0
1035,sub-07,rh-pericalcarine,0.5,0.0,0.0,0.6931471805599453,RandomForest + Dummy,conscious,conscious,False,Image,False,8,0,3,0
1036,sub-07,rh-pericalcarine,0.5,0.0,0.0,0.6931471805599453,RandomForest + Dummy,conscious,conscious,False,Image,False,8,0,1,0
1037,sub-07,rh-pericalcarine,0.5,0.0,0.0,0.6931471805599453,RandomForest + Dummy,conscious,conscious,False,Image,False,8,0,4,0
1038,sub-07,rh-pericalcarine,0.5,0.0,0.0,0.6931471805599453,RandomForest + Dummy,conscious,conscious,False,Image,False,8,0,5,0
1039,sub-07,rh-pericalcarine,0.5,0.0,0.0,0.6931471805599453,RandomForest + Dummy,conscious,conscious,False,Image,False,8,0,9,0
1040,sub-07,rh-pericalcarine,0.5,0.0,0.0,0.6931471805599453,RandomForest + Dummy,conscious,conscious,False,Image,False,8,0,1,0
1041,sub-07,rh-pericalcarine,0.5,0.0,0.0,0.6931471805599453,RandomForest + Dummy,conscious,conscious,False,Image,False,8,0,6,0
1042,sub-07,rh-pericalcarine,0.5,0.0,0.0,0.6931471805599453,RandomForest + Dummy,conscious,conscious,False,Image,False,8,0,7,0
1043,sub-07,rh-pericalcarine,0.5,0.0,0.0,0.6931471805599453,RandomForest + Dummy,conscious,conscious,False,Image,False,8,0,10,0
1044,sub-07,rh-pericalcarine,0.5,0.0,0.0,0.6931471805599453,RandomForest + Dummy,conscious,conscious,False,Image,False,8,0,5,0
1045,sub-07,rh-pericalcarine,0.5,0.0,0.0,0.6931471805599453,RandomForest + Dummy,conscious,conscious,False,Image,False,8,0,10,0
1046,sub-07,rh-pericalcarine,0.5,0.0,0.0,0.6931471805599453,RandomForest + Dummy,conscious,conscious,False,Image,False,8,0,2,0
1047,sub-07,rh-pericalcarine,0.5,0.0,0.0,0.6931471805599453,RandomForest + Dummy,conscious,conscious,False,Image,False,8,0,12,0
1048,sub-07,rh-pericalcarine,0.5,0.0,0.0,0.6931471805599453,RandomForest + Dummy,conscious,conscious,False,Image,False,8,0,5,0
1049,sub-07,rh-pericalcarine,0.5,0.0,0.0,0.6931471805599453,RandomForest + Dummy,conscious,conscious,False,Image,False,8,0,9,0
1050,sub-07,rh-pericalcarine,0.5,0.0,0.0,0.6931471805599453,RandomForest + Dummy,conscious,conscious,False,Image,False,8,0,5,0
1051,sub-07,rh-pericalcarine,0.5,0.0,0.0,0.6931471805599453,RandomForest + Dummy,conscious,conscious,False,Image,False,4,0,5,0
1052,sub-07,rh-pericalcarine,0.5,0.0,0.0,0.6931471805599453,RandomForest + Dummy,conscious,conscious,False,Image,False,4,0,1,0
1053,sub-07,rh-pericalcarine,0.5,0.0,0.0,0.6931471805599453,RandomForest + Dummy,conscious,conscious,False,Image,False,4,0,1,0
1054,sub-07,rh-pericalcarine,0.5,0.0,0.0,0.6931471805599453,RandomForest + Dummy,conscious,conscious,False,Image,False,4,0,2,0
1055,sub-07,rh-pericalcarine,0.5,0.0,0.0,0.6931471805599453,RandomForest + Dummy,conscious,conscious,False,Image,False,4,0,4,0
1056,sub-07,rh-pericalcarine,0.5,0.0,0.0,0.6931471805599453,RandomForest + Dummy,conscious,conscious,False,Image,False,4,0,4,0
1057,sub-07,rh-pericalcarine,0.5,0.0,0.0,0.6931471805599453,RandomForest + Dummy,conscious,conscious,False,Image,False,4,0,3,0
1058,sub-07,rh-pericalcarine,0.5,0.0,0.0,0.6931471805599453,RandomForest + Dummy,conscious,conscious,False,Image,False,4,0,7,0
1059,sub-07,rh-pericalcarine,0.5,0.0,0.0,0.6931471805599453,RandomForest + Dummy,conscious,conscious,False,Image,False,4,0,10,0
1060,sub-07,rh-pericalcarine,0.5,0.0,0.0,0.6931471805599453,RandomForest + Dummy,conscious,conscious,False,Image,False,4,0,1,0
1061,sub-07,rh-pericalcarine,0.5,0.0,0.0,0.6931471805599453,RandomForest + Dummy,conscious,conscious,False,Image,False,4,0,3,0
1062,sub-07,rh-pericalcarine,0.5,0.0,0.0,0.6931471805599453,RandomForest + Dummy,conscious,conscious,False,Image,False,4,0,1,0
1063,sub-07,rh-pericalcarine,0.5,0.0,0.0,0.6931471805599453,RandomForest + Dummy,conscious,conscious,False,Image,False,4,0,2,0
1064,sub-07,rh-pericalcarine,0.5,0.0,0.0,0.6931471805599453,RandomForest + Dummy,conscious,conscious,False,Image,False,4,0,4,0
1065,sub-07,rh-pericalcarine,0.5,0.0,0.0,0.6931471805599453,RandomForest + Dummy,conscious,conscious,False,Image,False,4,0,8,0
1066,sub-07,rh-pericalcarine,0.5,0.0,0.0,0.6931471805599453,RandomForest + Dummy,conscious,conscious,False,Image,False,4,0,11,0
1067,sub-07,rh-pericalcarine,0.5,0.0,0.0,0.6931471805599453,RandomForest + Dummy,conscious,conscious,False,Image,False,4,0,1,0
1068,sub-07,rh-pericalcarine,0.5,0.0,0.0,0.6931471805599453,RandomForest + Dummy,conscious,conscious,False,Image,False,4,0,3,0
1069,sub-07,rh-pericalcarine,0.5,0.0,0.0,0.6931471805599453,RandomForest + Dummy,conscious,conscious,False,Image,False,4,0,10,0
1070,sub-07,rh-pericalcarine,0.5,0.0,0.0,0.6931471805599453,RandomForest + Dummy,conscious,conscious,False,Image,False,4,0,6,0
1071,sub-07,rh-pericalcarine,0.5,0.0,0.0,0.6931471805599453,RandomForest + Dummy,conscious,conscious,False,Image,False,4,0,6,0
1072,sub-07,rh-pericalcarine,0.5,0.0,0.0,0.6931471805599453,RandomForest + Dummy,conscious,conscious,False,Image,False,4,0,3,0
1073,sub-07,rh-pericalcarine,0.5,0.0,0.0,0.6931471805599453,RandomForest + Dummy,conscious,conscious,False,Image,False,4,0,4,0
1074,sub-07,rh-pericalcarine,0.5,0.0,0.0,0.6931471805599453,RandomForest + Dummy,conscious,conscious,False,Image,False,4,0,2,0
1075,sub-07,rh-pericalcarine,0.5,0.0,0.0,0.6931471805599453,RandomForest + Dummy,conscious,conscious,False,Image,False,4,0,2,0
1076,sub-07,rh-pericalcarine,0.5,0.0,0.0,0.6931471805599453,RandomForest + Dummy,conscious,conscious,False,Image,False,4,0,13,0
1077,sub-07,rh-pericalcarine,0.5,0.0,0.0,0.6931471805599453,RandomForest + Dummy,conscious,conscious,False,Image,False,4,0,3,0
1078,sub-07,rh-pericalcarine,0.5,0.0,0.0,0.6931471805599453,RandomForest + Dummy,conscious,conscious,False,Image,False,4,0,1,0
1079,sub-07,rh-pericalcarine,0.5,0.0,0.0,0.6931471805599453,RandomForest + Dummy,conscious,conscious,False,Image,False,4,0,4,0
1080,sub-07,rh-pericalcarine,0.5,0.0,0.0,0.6931471805599453,RandomForest + Dummy,conscious,conscious,False,Image,False,4,0,5,0
1081,sub-07,rh-pericalcarine,0.5,0.0,0.0,0.6931471805599453,RandomForest + Dummy,conscious,conscious,False,Image,False,4,0,9,0
1082,sub-07,rh-pericalcarine,0.5,0.0,0.0,0.6931471805599453,RandomForest + Dummy,conscious,conscious,False,Image,False,4,0,1,0
1083,sub-07,rh-pericalcarine,0.5,0.0,0.0,0.6931471805599453,RandomForest + Dummy,conscious,conscious,False,Image,False,4,0,6,0
1084,sub-07,rh-pericalcarine,0.5,0.0,0.0,0.6931471805599453,RandomForest + Dummy,conscious,conscious,False,Image,False,4,0,7,0
1085,sub-07,rh-pericalcarine,0.5,0.0,0.0,0.6931471805599453,RandomForest + Dummy,conscious,conscious,False,Image,False,4,0,10,0
1086,sub-07,rh-pericalcarine,0.5,0.0,0.0,0.6931471805599453,RandomForest + Dummy,conscious,conscious,False,Image,False,4,0,5,0
1087,sub-07,rh-pericalcarine,0.5,0.0,0.0,0.6931471805599453,RandomForest + Dummy,conscious,conscious,False,Image,False,4,0,10,0
1088,sub-07,rh-pericalcarine,0.5,0.0,0.0,0.6931471805599453,RandomForest + Dummy,conscious,conscious,False,Image,False,4,0,2,0
1089,sub-07,rh-pericalcarine,0.5,0.0,0.0,0.6931471805599453,RandomForest + Dummy,conscious,conscious,False,Image,False,4,0,12,0
1090,sub-07,rh-pericalcarine,0.5,0.0,0.0,0.6931471805599453,RandomForest + Dummy,conscious,conscious,False,Image,False,4,0,5,0
1091,sub-07,rh-pericalcarine,0.5,0.0,0.0,0.6931471805599453,RandomForest + Dummy,conscious,conscious,False,Image,False,4,0,9,0
1092,sub-07,rh-pericalcarine,0.5,0.0,0.0,0.6931471805599453,RandomForest + Dummy,conscious,conscious,False,Image,False,4,0,5,0
1093,sub-07,rh-pericalcarine,0.5,0.0,0.0,0.6931471805599453,RandomForest + Dummy,conscious,conscious,False,Image,False,1,0,5,0
1094,sub-07,rh-pericalcarine,0.5,0.0,0.0,0.6931471805599453,RandomForest + Dummy,conscious,conscious,False,Image,False,1,0,1,0
1095,sub-07,rh-pericalcarine,0.5,0.0,0.0,0.6931471805599453,RandomForest + Dummy,conscious,conscious,False,Image,False,1,0,1,0
1096,sub-07,rh-pericalcarine,0.5,0.0,0.0,0.6931471805599453,RandomForest + Dummy,conscious,conscious,False,Image,False,1,0,2,0
1097,sub-07,rh-pericalcarine,0.5,0.0,0.0,0.6931471805599453,RandomForest + Dummy,conscious,conscious,False,Image,False,1,0,4,0
1098,sub-07,rh-pericalcarine,0.5,0.0,0.0,0.6931471805599453,RandomForest + Dummy,conscious,conscious,False,Image,False,1,0,4,0
1099,sub-07,rh-pericalcarine,0.5,0.0,0.0,0.6931471805599453,RandomForest + Dummy,conscious,conscious,False,Image,False,1,0,3,0
1100,sub-07,rh-pericalcarine,0.5,0.0,0.0,0.6931471805599453,RandomForest + Dummy,conscious,conscious,False,Image,False,1,0,7,0
1101,sub-07,rh-pericalcarine,0.5,0.0,0.0,0.6931471805599453,RandomForest + Dummy,conscious,conscious,False,Image,False,1,0,10,0
1102,sub-07,rh-pericalcarine,0.5,0.0,0.0,0.6931471805599453,RandomForest + Dummy,conscious,conscious,False,Image,False,1,0,1,0
1103,sub-07,rh-pericalcarine,0.5,0.0,0.0,0.6931471805599453,RandomForest + Dummy,conscious,conscious,False,Image,False,1,0,3,0
1104,sub-07,rh-pericalcarine,0.5,0.0,0.0,0.6931471805599453,RandomForest + Dummy,conscious,conscious,False,Image,False,1,0,1,0
1105,sub-07,rh-pericalcarine,0.5,0.0,0.0,0.6931471805599453,RandomForest + Dummy,conscious,conscious,False,Image,False,1,0,2,0
1106,sub-07,rh-pericalcarine,0.5,0.0,0.0,0.6931471805599453,RandomForest + Dummy,conscious,conscious,False,Image,False,1,0,4,0
1107,sub-07,rh-pericalcarine,0.5,0.0,0.0,0.6931471805599453,RandomForest + Dummy,conscious,conscious,False,Image,False,1,0,8,0
1108,sub-07,rh-pericalcarine,0.5,0.0,0.0,0.6931471805599453,RandomForest + Dummy,conscious,conscious,False,Image,False,1,0,11,0
1109,sub-07,rh-pericalcarine,0.5,0.0,0.0,0.6931471805599453,RandomForest + Dummy,conscious,conscious,False,Image,False,1,0,1,0
1110,sub-07,rh-pericalcarine,0.5,0.0,0.0,0.6931471805599453,RandomForest + Dummy,conscious,conscious,False,Image,False,1,0,3,0
1111,sub-07,rh-pericalcarine,0.5,0.0,0.0,0.6931471805599453,RandomForest + Dummy,conscious,conscious,False,Image,False,1,0,10,0
1112,sub-07,rh-pericalcarine,0.5,0.0,0.0,0.6931471805599453,RandomForest + Dummy,conscious,conscious,False,Image,False,1,0,6,0
1113,sub-07,rh-pericalcarine,0.5,0.0,0.0,0.6931471805599453,RandomForest + Dummy,conscious,conscious,False,Image,False,1,0,6,0
1114,sub-07,rh-pericalcarine,0.5,0.0,0.0,0.6931471805599453,RandomForest + Dummy,conscious,conscious,False,Image,False,1,0,3,0
1115,sub-07,rh-pericalcarine,0.5,0.0,0.0,0.6931471805599453,RandomForest + Dummy,conscious,conscious,False,Image,False,1,0,4,0
1116,sub-07,rh-pericalcarine,0.5,0.0,0.0,0.6931471805599453,RandomForest + Dummy,conscious,conscious,False,Image,False,1,0,2,0
1117,sub-07,rh-pericalcarine,0.5,0.0,0.0,0.6931471805599453,RandomForest + Dummy,conscious,conscious,False,Image,False,1,0,2,0
1118,sub-07,rh-pericalcarine,0.5,0.0,0.0,0.6931471805599453,RandomForest + Dummy,conscious,conscious,False,Image,False,1,0,13,0
1119,sub-07,rh-pericalcarine,0.5,0.0,0.0,0.6931471805599453,RandomForest + Dummy,conscious,conscious,False,Image,False,1,0,3,0
1120,sub-07,rh-pericalcarine,0.5,0.0,0.0,0.6931471805599453,RandomForest + Dummy,conscious,conscious,False,Image,False,1,0,1,0
1121,sub-07,rh-pericalcarine,0.5,0.0,0.0,0.6931471805599453,RandomForest + Dummy,conscious,conscious,False,Image,False,1,0,4,0
1122,sub-07,rh-pericalcarine,0.5,0.0,0.0,0.6931471805599453,RandomForest + Dummy,conscious,conscious,False,Image,False,1,0,5,0
1123,sub-07,rh-pericalcarine,0.5,0.0,0.0,0.6931471805599453,RandomForest + Dummy,conscious,conscious,False,Image,False,1,0,9,0
1124,sub-07,rh-pericalcarine,0.5,0.0,0.0,0.6931471805599453,RandomForest + Dummy,conscious,conscious,False,Image,False,1,0,1,0
1125,sub-07,rh-pericalcarine,0.5,0.0,0.0,0.6931471805599453,RandomForest + Dummy,conscious,conscious,False,Image,False,1,0,6,0
1126,sub-07,rh-pericalcarine,0.5,0.0,0.0,0.6931471805599453,RandomForest + Dummy,conscious,conscious,False,Image,False,1,0,7,0
1127,sub-07,rh-pericalcarine,0.5,0.0,0.0,0.6931471805599453,RandomForest + Dummy,conscious,conscious,False,Image,False,1,0,10,0
1128,sub-07,rh-pericalcarine,0.5,0.0,0.0,0.6931471805599453,RandomForest + Dummy,conscious,conscious,False,Image,False,1,0,5,0
1129,sub-07,rh-pericalcarine,0.5,0.0,0.0,0.6931471805599453,RandomForest + Dummy,conscious,conscious,False,Image,False,1,0,10,0
1130,sub-07,rh-pericalcarine,0.5,0.0,0.0,0.6931471805599453,RandomForest + Dummy,conscious,conscious,False,Image,False,1,0,2,0
1131,sub-07,rh-pericalcarine,0.5,0.0,0.0,0.6931471805599453,RandomForest + Dummy,conscious,conscious,False,Image,False,1,0,12,0
1132,sub-07,rh-pericalcarine,0.5,0.0,0.0,0.6931471805599453,RandomForest + Dummy,conscious,conscious,False,Image,False,1,0,5,0
1133,sub-07,rh-pericalcarine,0.5,0.0,0.0,0.6931471805599453,RandomForest + Dummy,conscious,conscious,False,Image,False,1,0,9,0
1134,sub-07,rh-pericalcarine,0.5,0.0,0.0,0.6931471805599453,RandomForest + Dummy,conscious,conscious,False,Image,False,1,0,5,0
1135,sub-07,rh-pericalcarine,0.5,0.0,0.0,0.6931471805599453,RandomForest + Dummy,conscious,conscious,False,Image,False,3,0,5,0
1136,sub-07,rh-pericalcarine,0.5,0.0,0.0,0.6931471805599453,RandomForest + Dummy,conscious,conscious,False,Image,False,3,0,1,0
1137,sub-07,rh-pericalcarine,0.5,0.0,0.0,0.6931471805599453,RandomForest + Dummy,conscious,conscious,False,Image,False,3,0,1,0
1138,sub-07,rh-pericalcarine,0.5,0.0,0.0,0.6931471805599453,RandomForest + Dummy,conscious,conscious,False,Image,False,3,0,2,0
1139,sub-07,rh-pericalcarine,0.5,0.0,0.0,0.6931471805599453,RandomForest + Dummy,conscious,conscious,False,Image,False,3,0,4,0
1140,sub-07,rh-pericalcarine,0.5,0.0,0.0,0.6931471805599453,RandomForest + Dummy,conscious,conscious,False,Image,False,3,0,4,0
1141,sub-07,rh-pericalcarine,0.5,0.0,0.0,0.6931471805599453,RandomForest + Dummy,conscious,conscious,False,Image,False,3,0,3,0
1142,sub-07,rh-pericalcarine,0.5,0.0,0.0,0.6931471805599453,RandomForest + Dummy,conscious,conscious,False,Image,False,3,0,7,0
1143,sub-07,rh-pericalcarine,0.5,0.0,0.0,0.6931471805599453,RandomForest + Dummy,conscious,conscious,False,Image,False,3,0,10,0
1144,sub-07,rh-pericalcarine,0.5,0.0,0.0,0.6931471805599453,RandomForest + Dummy,conscious,conscious,False,Image,False,3,0,1,0
1145,sub-07,rh-pericalcarine,0.5,0.0,0.0,0.6931471805599453,RandomForest + Dummy,conscious,conscious,False,Image,False,3,0,3,0
1146,sub-07,rh-pericalcarine,0.5,0.0,0.0,0.6931471805599453,RandomForest + Dummy,conscious,conscious,False,Image,False,3,0,1,0
1147,sub-07,rh-pericalcarine,0.5,0.0,0.0,0.6931471805599453,RandomForest + Dummy,conscious,conscious,False,Image,False,3,0,2,0
1148,sub-07,rh-pericalcarine,0.5,0.0,0.0,0.6931471805599453,RandomForest + Dummy,conscious,conscious,False,Image,False,3,0,4,0
1149,sub-07,rh-pericalcarine,0.5,0.0,0.0,0.6931471805599453,RandomForest + Dummy,conscious,conscious,False,Image,False,3,0,8,0
1150,sub-07,rh-pericalcarine,0.5,0.0,0.0,0.6931471805599453,RandomForest + Dummy,conscious,conscious,False,Image,False,3,0,11,0
1151,sub-07,rh-pericalcarine,0.5,0.0,0.0,0.6931471805599453,RandomForest + Dummy,conscious,conscious,False,Image,False,3,0,1,0
1152,sub-07,rh-pericalcarine,0.5,0.0,0.0,0.6931471805599453,RandomForest + Dummy,conscious,conscious,False,Image,False,3,0,3,0
1153,sub-07,rh-pericalcarine,0.5,0.0,0.0,0.6931471805599453,RandomForest + Dummy,conscious,conscious,False,Image,False,3,0,10,0
1154,sub-07,rh-pericalcarine,0.5,0.0,0.0,0.6931471805599453,RandomForest + Dummy,conscious,conscious,False,Image,False,3,0,6,0
1155,sub-07,rh-pericalcarine,0.5,0.0,0.0,0.6931471805599453,RandomForest + Dummy,conscious,conscious,False,Image,False,3,0,6,0
1156,sub-07,rh-pericalcarine,0.5,0.0,0.0,0.6931471805599453,RandomForest + Dummy,conscious,conscious,False,Image,False,3,0,3,0
1157,sub-07,rh-pericalcarine,0.5,0.0,0.0,0.6931471805599453,RandomForest + Dummy,conscious,conscious,False,Image,False,3,0,4,0
1158,sub-07,rh-pericalcarine,0.5,0.0,0.0,0.6931471805599453,RandomForest + Dummy,conscious,conscious,False,Image,False,3,0,2,0
1159,sub-07,rh-pericalcarine,0.5,0.0,0.0,0.6931471805599453,RandomForest + Dummy,conscious,conscious,False,Image,False,3,0,2,0
1160,sub-07,rh-pericalcarine,0.5,0.0,0.0,0.6931471805599453,RandomForest + Dummy,conscious,conscious,False,Image,False,3,0,13,0
1161,sub-07,rh-pericalcarine,0.5,0.0,0.0,0.6931471805599453,RandomForest + Dummy,conscious,conscious,False,Image,False,3,0,3,0
1162,sub-07,rh-pericalcarine,0.5,0.0,0.0,0.6931471805599453,RandomForest + Dummy,conscious,conscious,False,Image,False,3,0,1,0
1163,sub-07,rh-pericalcarine,0.5,0.0,0.0,0.6931471805599453,RandomForest + Dummy,conscious,conscious,False,Image,False,3,0,4,0
1164,sub-07,rh-pericalcarine,0.5,0.0,0.0,0.6931471805599453,RandomForest + Dummy,conscious,conscious,False,Image,False,3,0,5,0
1165,sub-07,rh-pericalcarine,0.5,0.0,0.0,0.6931471805599453,RandomForest + Dummy,conscious,conscious,False,Image,False,3,0,9,0
1166,sub-07,rh-pericalcarine,0.5,0.0,0.0,0.6931471805599453,RandomForest + Dummy,conscious,conscious,False,Image,False,3,0,1,0
1167,sub-07,rh-pericalcarine,0.5,0.0,0.0,0.6931471805599453,RandomForest + Dummy,conscious,conscious,False,Image,False,3,0,6,0
1168,sub-07,rh-pericalcarine,0.5,0.0,0.0,0.6931471805599453,RandomForest + Dummy,conscious,conscious,False,Image,False,3,0,7,0
1169,sub-07,rh-pericalcarine,0.5,0.0,0.0,0.6931471805599453,RandomForest + Dummy,conscious,conscious,False,Image,False,3,0,10,0
1170,sub-07,rh-pericalcarine,0.5,0.0,0.0,0.6931471805599453,RandomForest + Dummy,conscious,conscious,False,Image,False,3,0,5,0
1171,sub-07,rh-pericalcarine,0.5,0.0,0.0,0.6931471805599453,RandomForest + Dummy,conscious,conscious,False,Image,False,3,0,10,0
1172,sub-07,rh-pericalcarine,0.5,0.0,0.0,0.6931471805599453,RandomForest + Dummy,conscious,conscious,False,Image,False,3,0,2,0
1173,sub-07,rh-pericalcarine,0.5,0.0,0.0,0.6931471805599453,RandomForest + Dummy,conscious,conscious,False,Image,False,3,0,12,0
1174,sub-07,rh-pericalcarine,0.5,0.0,0.0,0.6931471805599453,RandomForest + Dummy,conscious,conscious,False,Image,False,3,0,5,0
1175,sub-07,rh-pericalcarine,0.5,0.0,0.0,0.6931471805599453,RandomForest + Dummy,conscious,conscious,False,Image,False,3,0,9,0
1176,sub-07,rh-pericalcarine,0.5,0.0,0.0,0.6931471805599453,RandomForest + Dummy,conscious,conscious,False,Image,False,3,0,5,0
1177,sub-07,rh-pericalcarine,0.5,0.0,0.0,0.6931471805599453,RandomForest + Dummy,conscious,conscious,False,Image,False,6,0,5,0
1178,sub-07,rh-pericalcarine,0.5,0.0,0.0,0.6931471805599453,RandomForest + Dummy,conscious,conscious,False,Image,False,6,0,1,0
1179,sub-07,rh-pericalcarine,0.5,0.0,0.0,0.6931471805599453,RandomForest + Dummy,conscious,conscious,False,Image,False,6,0,1,0
1180,sub-07,rh-pericalcarine,0.5,0.0,0.0,0.6931471805599453,RandomForest + Dummy,conscious,conscious,False,Image,False,6,0,2,0
1181,sub-07,rh-pericalcarine,0.5,0.0,0.0,0.6931471805599453,RandomForest + Dummy,conscious,conscious,False,Image,False,6,0,4,0
1182,sub-07,rh-pericalcarine,0.5,0.0,0.0,0.6931471805599453,RandomForest + Dummy,conscious,conscious,False,Image,False,6,0,4,0
1183,sub-07,rh-pericalcarine,0.5,0.0,0.0,0.6931471805599453,RandomForest + Dummy,conscious,conscious,False,Image,False,6,0,3,0
1184,sub-07,rh-pericalcarine,0.5,0.0,0.0,0.6931471805599453,RandomForest + Dummy,conscious,conscious,False,Image,False,6,0,7,0
1185,sub-07,rh-pericalcarine,0.5,0.0,0.0,0.6931471805599453,RandomForest + Dummy,conscious,conscious,False,Image,False,6,0,10,0
1186,sub-07,rh-pericalcarine,0.5,0.0,0.0,0.6931471805599453,RandomForest + Dummy,conscious,conscious,False,Image,False,6,0,1,0
1187,sub-07,rh-pericalcarine,0.5,0.0,0.0,0.6931471805599453,RandomForest + Dummy,conscious,conscious,False,Image,False,6,0,3,0
1188,sub-07,rh-pericalcarine,0.5,0.0,0.0,0.6931471805599453,RandomForest + Dummy,conscious,conscious,False,Image,False,6,0,1,0
1189,sub-07,rh-pericalcarine,0.5,0.0,0.0,0.6931471805599453,RandomForest + Dummy,conscious,conscious,False,Image,False,6,0,2,0
1190,sub-07,rh-pericalcarine,0.5,0.0,0.0,0.6931471805599453,RandomForest + Dummy,conscious,conscious,False,Image,False,6,0,4,0
1191,sub-07,rh-pericalcarine,0.5,0.0,0.0,0.6931471805599453,RandomForest + Dummy,conscious,conscious,False,Image,False,6,0,8,0
1192,sub-07,rh-pericalcarine,0.5,0.0,0.0,0.6931471805599453,RandomForest + Dummy,conscious,conscious,False,Image,False,6,0,11,0
1193,sub-07,rh-pericalcarine,0.5,0.0,0.0,0.6931471805599453,RandomForest + Dummy,conscious,conscious,False,Image,False,6,0,1,0
1194,sub-07,rh-pericalcarine,0.5,0.0,0.0,0.6931471805599453,RandomForest + Dummy,conscious,conscious,False,Image,False,6,0,3,0
1195,sub-07,rh-pericalcarine,0.5,0.0,0.0,0.6931471805599453,RandomForest + Dummy,conscious,conscious,False,Image,False,6,0,10,0
1196,sub-07,rh-pericalcarine,0.5,0.0,0.0,0.6931471805599453,RandomForest + Dummy,conscious,conscious,False,Image,False,6,0,6,0
1197,sub-07,rh-pericalcarine,0.5,0.0,0.0,0.6931471805599453,RandomForest + Dummy,conscious,conscious,False,Image,False,6,0,6,0
1198,sub-07,rh-pericalcarine,0.5,0.0,0.0,0.6931471805599453,RandomForest + Dummy,conscious,conscious,False,Image,False,6,0,3,0
1199,sub-07,rh-pericalcarine,0.5,0.0,0.0,0.6931471805599453,RandomForest + Dummy,conscious,conscious,False,Image,False,6,0,4,0
1200,sub-07,rh-pericalcarine,0.5,0.0,0.0,0.6931471805599453,RandomForest + Dummy,conscious,conscious,False,Image,False,6,0,2,0
1201,sub-07,rh-pericalcarine,0.5,0.0,0.0,0.6931471805599453,RandomForest + Dummy,conscious,conscious,False,Image,False,6,0,2,0
1202,sub-07,rh-pericalcarine,0.5,0.0,0.0,0.6931471805599453,RandomForest + Dummy,conscious,conscious,False,Image,False,6,0,13,0
1203,sub-07,rh-pericalcarine,0.5,0.0,0.0,0.6931471805599453,RandomForest + Dummy,conscious,conscious,False,Image,False,6,0,3,0
1204,sub-07,rh-pericalcarine,0.5,0.0,0.0,0.6931471805599453,RandomForest + Dummy,conscious,conscious,False,Image,False,6,0,1,0
1205,sub-07,rh-pericalcarine,0.5,0.0,0.0,0.6931471805599453,RandomForest + Dummy,conscious,conscious,False,Image,False,6,0,4,0
1206,sub-07,rh-pericalcarine,0.5,0.0,0.0,0.6931471805599453,RandomForest + Dummy,conscious,conscious,False,Image,False,6,0,5,0
1207,sub-07,rh-pericalcarine,0.5,0.0,0.0,0.6931471805599453,RandomForest + Dummy,conscious,conscious,False,Image,False,6,0,9,0
1208,sub-07,rh-pericalcarine,0.5,0.0,0.0,0.6931471805599453,RandomForest + Dummy,conscious,conscious,False,Image,False,6,0,1,0
1209,sub-07,rh-pericalcarine,0.5,0.0,0.0,0.6931471805599453,RandomForest + Dummy,conscious,conscious,False,Image,False,6,0,6,0
1210,sub-07,rh-pericalcarine,0.5,0.0,0.0,0.6931471805599453,RandomForest + Dummy,conscious,conscious,False,Image,False,6,0,7,0
1211,sub-07,rh-pericalcarine,0.5,0.0,0.0,0.6931471805599453,RandomForest + Dummy,conscious,conscious,False,Image,False,6,0,10,0
1212,sub-07,rh-pericalcarine,0.5,0.0,0.0,0.6931471805599453,RandomForest + Dummy,conscious,conscious,False,Image,False,6,0,5,0
1213,sub-07,rh-pericalcarine,0.5,0.0,0.0,0.6931471805599453,RandomForest + Dummy,conscious,conscious,False,Image,False,6,0,10,0
1214,sub-07,rh-pericalcarine,0.5,0.0,0.0,0.6931471805599453,RandomForest + Dummy,conscious,conscious,False,Image,False,6,0,2,0
1215,sub-07,rh-pericalcarine,0.5,0.0,0.0,0.6931471805599453,RandomForest + Dummy,conscious,conscious,False,Image,False,6,0,12,0
1216,sub-07,rh-pericalcarine,0.5,0.0,0.0,0.6931471805599453,RandomForest + Dummy,conscious,conscious,False,Image,False,6,0,5,0
1217,sub-07,rh-pericalcarine,0.5,0.0,0.0,0.6931471805599453,RandomForest + Dummy,conscious,conscious,False,Image,False,6,0,9,0
1218,sub-07,rh-pericalcarine,0.5,0.0,0.0,0.6931471805599453,RandomForest + Dummy,conscious,conscious,False,Image,False,6,0,5,0
1219,sub-07,rh-pericalcarine,0.5,0.0,0.0,0.6931471805599453,RandomForest + Dummy,conscious,conscious,False,Image,False,2,0,5,0
1220,sub-07,rh-pericalcarine,0.5,0.0,0.0,0.6931471805599453,RandomForest + Dummy,conscious,conscious,False,Image,False,2,0,1,0
1221,sub-07,rh-pericalcarine,0.5,0.0,0.0,0.6931471805599453,RandomForest + Dummy,conscious,conscious,False,Image,False,2,0,1,0
1222,sub-07,rh-pericalcarine,0.5,0.0,0.0,0.6931471805599453,RandomForest + Dummy,conscious,conscious,False,Image,False,2,0,2,0
1223,sub-07,rh-pericalcarine,0.5,0.0,0.0,0.6931471805599453,RandomForest + Dummy,conscious,conscious,False,Image,False,2,0,4,0
1224,sub-07,rh-pericalcarine,0.5,0.0,0.0,0.6931471805599453,RandomForest + Dummy,conscious,conscious,False,Image,False,2,0,4,0
1225,sub-07,rh-pericalcarine,0.5,0.0,0.0,0.6931471805599453,RandomForest + Dummy,conscious,conscious,False,Image,False,2,0,3,0
1226,sub-07,rh-pericalcarine,0.5,0.0,0.0,0.6931471805599453,RandomForest + Dummy,conscious,conscious,False,Image,False,2,0,7,0
1227,sub-07,rh-pericalcarine,0.5,0.0,0.0,0.6931471805599453,RandomForest + Dummy,conscious,conscious,False,Image,False,2,0,10,0
1228,sub-07,rh-pericalcarine,0.5,0.0,0.0,0.6931471805599453,RandomForest + Dummy,conscious,conscious,False,Image,False,2,0,1,0
1229,sub-07,rh-pericalcarine,0.5,0.0,0.0,0.6931471805599453,RandomForest + Dummy,conscious,conscious,False,Image,False,2,0,3,0
1230,sub-07,rh-pericalcarine,0.5,0.0,0.0,0.6931471805599453,RandomForest + Dummy,conscious,conscious,False,Image,False,2,0,1,0
1231,sub-07,rh-pericalcarine,0.5,0.0,0.0,0.6931471805599453,RandomForest + Dummy,conscious,conscious,False,Image,False,2,0,2,0
1232,sub-07,rh-pericalcarine,0.5,0.0,0.0,0.6931471805599453,RandomForest + Dummy,conscious,conscious,False,Image,False,2,0,4,0
1233,sub-07,rh-pericalcarine,0.5,0.0,0.0,0.6931471805599453,RandomForest + Dummy,conscious,conscious,False,Image,False,2,0,8,0
1234,sub-07,rh-pericalcarine,0.5,0.0,0.0,0.6931471805599453,RandomForest + Dummy,conscious,conscious,False,Image,False,2,0,11,0
1235,sub-07,rh-pericalcarine,0.5,0.0,0.0,0.6931471805599453,RandomForest + Dummy,conscious,conscious,False,Image,False,2,0,1,0
1236,sub-07,rh-pericalcarine,0.5,0.0,0.0,0.6931471805599453,RandomForest + Dummy,conscious,conscious,False,Image,False,2,0,3,0
1237,sub-07,rh-pericalcarine,0.5,0.0,0.0,0.6931471805599453,RandomForest + Dummy,conscious,conscious,False,Image,False,2,0,10,0
1238,sub-07,rh-pericalcarine,0.5,0.0,0.0,0.6931471805599453,RandomForest + Dummy,conscious,conscious,False,Image,False,2,0,6,0
1239,sub-07,rh-pericalcarine,0.5,0.0,0.0,0.6931471805599453,RandomForest + Dummy,conscious,conscious,False,Image,False,2,0,6,0
1240,sub-07,rh-pericalcarine,0.5,0.0,0.0,0.6931471805599453,RandomForest + Dummy,conscious,conscious,False,Image,False,2,0,3,0
1241,sub-07,rh-pericalcarine,0.5,0.0,0.0,0.6931471805599453,RandomForest + Dummy,conscious,conscious,False,Image,False,2,0,4,0
1242,sub-07,rh-pericalcarine,0.5,0.0,0.0,0.6931471805599453,RandomForest + Dummy,conscious,conscious,False,Image,False,2,0,2,0
1243,sub-07,rh-pericalcarine,0.5,0.0,0.0,0.6931471805599453,RandomForest + Dummy,conscious,conscious,False,Image,False,2,0,2,0
1244,sub-07,rh-pericalcarine,0.5,0.0,0.0,0.6931471805599453,RandomForest + Dummy,conscious,conscious,False,Image,False,2,0,13,0
1245,sub-07,rh-pericalcarine,0.5,0.0,0.0,0.6931471805599453,RandomForest + Dummy,conscious,conscious,False,Image,False,2,0,3,0
1246,sub-07,rh-pericalcarine,0.5,0.0,0.0,0.6931471805599453,RandomForest + Dummy,conscious,conscious,False,Image,False,2,0,1,0
1247,sub-07,rh-pericalcarine,0.5,0.0,0.0,0.6931471805599453,RandomForest + Dummy,conscious,conscious,False,Image,False,2,0,4,0
1248,sub-07,rh-pericalcarine,0.5,0.0,0.0,0.6931471805599453,RandomForest + Dummy,conscious,conscious,False,Image,False,2,0,5,0
1249,sub-07,rh-pericalcarine,0.5,0.0,0.0,0.6931471805599453,RandomForest + Dummy,conscious,conscious,False,Image,False,2,0,9,0
1250,sub-07,rh-pericalcarine,0.5,0.0,0.0,0.6931471805599453,RandomForest + Dummy,conscious,conscious,False,Image,False,2,0,1,0
1251,sub-07,rh-pericalcarine,0.5,0.0,0.0,0.6931471805599453,RandomForest + Dummy,conscious,conscious,False,Image,False,2,0,6,0
1252,sub-07,rh-pericalcarine,0.5,0.0,0.0,0.6931471805599453,RandomForest + Dummy,conscious,conscious,False,Image,False,2,0,7,0
1253,sub-07,rh-pericalcarine,0.5,0.0,0.0,0.6931471805599453,RandomForest + Dummy,conscious,conscious,False,Image,False,2,0,10,0
1254,sub-07,rh-pericalcarine,0.5,0.0,0.0,0.6931471805599453,RandomForest + Dummy,conscious,conscious,False,Image,False,2,0,5,0
1255,sub-07,rh-pericalcarine,0.5,0.0,0.0,0.6931471805599453,RandomForest + Dummy,conscious,conscious,False,Image,False,2,0,10,0
1256,sub-07,rh-pericalcarine,0.5,0.0,0.0,0.6931471805599453,RandomForest + Dummy,conscious,conscious,False,Image,False,2,0,2,0
1257,sub-07,rh-pericalcarine,0.5,0.0,0.0,0.6931471805599453,RandomForest + Dummy,conscious,conscious,False,Image,False,2,0,12,0
1258,sub-07,rh-pericalcarine,0.5,0.0,0.0,0.6931471805599453,RandomForest + Dummy,conscious,conscious,False,Image,False,2,0,5,0
1259,sub-07,rh-pericalcarine,0.5,0.0,0.0,0.6931471805599453,RandomForest + Dummy,conscious,conscious,False,Image,False,2,0,9,0
1260,sub-07,rh-pericalcarine,0.5,0.0,0.0,0.6931471805599453,RandomForest + Dummy,conscious,conscious,False,Image,False,2,0,5,0
1261,sub-07,rh-pericalcarine,0.5,0.0,0.0,0.6931471805599453,RandomForest + Dummy,conscious,conscious,False,Image,False,5,0,5,0
1262,sub-07,rh-pericalcarine,0.5,0.0,0.0,0.6931471805599453,RandomForest + Dummy,conscious,conscious,False,Image,False,5,0,1,0
1263,sub-07,rh-pericalcarine,0.5,0.0,0.0,0.6931471805599453,RandomForest + Dummy,conscious,conscious,False,Image,False,5,0,1,0
1264,sub-07,rh-pericalcarine,0.5,0.0,0.0,0.6931471805599453,RandomForest + Dummy,conscious,conscious,False,Image,False,5,0,2,0
1265,sub-07,rh-pericalcarine,0.5,0.0,0.0,0.6931471805599453,RandomForest + Dummy,conscious,conscious,False,Image,False,5,0,4,0
1266,sub-07,rh-pericalcarine,0.5,0.0,0.0,0.6931471805599453,RandomForest + Dummy,conscious,conscious,False,Image,False,5,0,4,0
1267,sub-07,rh-pericalcarine,0.5,0.0,0.0,0.6931471805599453,RandomForest + Dummy,conscious,conscious,False,Image,False,5,0,3,0
1268,sub-07,rh-pericalcarine,0.5,0.0,0.0,0.6931471805599453,RandomForest + Dummy,conscious,conscious,False,Image,False,5,0,7,0
1269,sub-07,rh-pericalcarine,0.5,0.0,0.0,0.6931471805599453,RandomForest + Dummy,conscious,conscious,False,Image,False,5,0,10,0
1270,sub-07,rh-pericalcarine,0.5,0.0,0.0,0.6931471805599453,RandomForest + Dummy,conscious,conscious,False,Image,False,5,0,1,0
1271,sub-07,rh-pericalcarine,0.5,0.0,0.0,0.6931471805599453,RandomForest + Dummy,conscious,conscious,False,Image,False,5,0,3,0
1272,sub-07,rh-pericalcarine,0.5,0.0,0.0,0.6931471805599453,RandomForest + Dummy,conscious,conscious,False,Image,False,5,0,1,0
1273,sub-07,rh-pericalcarine,0.5,0.0,0.0,0.6931471805599453,RandomForest + Dummy,conscious,conscious,False,Image,False,5,0,2,0
1274,sub-07,rh-pericalcarine,0.5,0.0,0.0,0.6931471805599453,RandomForest + Dummy,conscious,conscious,False,Image,False,5,0,4,0
1275,sub-07,rh-pericalcarine,0.5,0.0,0.0,0.6931471805599453,RandomForest + Dummy,conscious,conscious,False,Image,False,5,0,8,0
1276,sub-07,rh-pericalcarine,0.5,0.0,0.0,0.6931471805599453,RandomForest + Dummy,conscious,conscious,False,Image,False,5,0,11,0
1277,sub-07,rh-pericalcarine,0.5,0.0,0.0,0.6931471805599453,RandomForest + Dummy,conscious,conscious,False,Image,False,5,0,1,0
1278,sub-07,rh-pericalcarine,0.5,0.0,0.0,0.6931471805599453,RandomForest + Dummy,conscious,conscious,False,Image,False,5,0,3,0
1279,sub-07,rh-pericalcarine,0.5,0.0,0.0,0.6931471805599453,RandomForest + Dummy,conscious,conscious,False,Image,False,5,0,10,0
1280,sub-07,rh-pericalcarine,0.5,0.0,0.0,0.6931471805599453,RandomForest + Dummy,conscious,conscious,False,Image,False,5,0,6,0
1281,sub-07,rh-pericalcarine,0.5,0.0,0.0,0.6931471805599453,RandomForest + Dummy,conscious,conscious,False,Image,False,5,0,6,0
1282,sub-07,rh-pericalcarine,0.5,0.0,0.0,0.6931471805599453,RandomForest + Dummy,conscious,conscious,False,Image,False,5,0,3,0
1283,sub-07,rh-pericalcarine,0.5,0.0,0.0,0.6931471805599453,RandomForest + Dummy,conscious,conscious,False,Image,False,5,0,4,0
1284,sub-07,rh-pericalcarine,0.5,0.0,0.0,0.6931471805599453,RandomForest + Dummy,conscious,conscious,False,Image,False,5,0,2,0
1285,sub-07,rh-pericalcarine,0.5,0.0,0.0,0.6931471805599453,RandomForest + Dummy,conscious,conscious,False,Image,False,5,0,2,0
1286,sub-07,rh-pericalcarine,0.5,0.0,0.0,0.6931471805599453,RandomForest + Dummy,conscious,conscious,False,Image,False,5,0,13,0
1287,sub-07,rh-pericalcarine,0.5,0.0,0.0,0.6931471805599453,RandomForest + Dummy,conscious,conscious,False,Image,False,5,0,3,0
1288,sub-07,rh-pericalcarine,0.5,0.0,0.0,0.6931471805599453,RandomForest + Dummy,conscious,conscious,False,Image,False,5,0,1,0
1289,sub-07,rh-pericalcarine,0.5,0.0,0.0,0.6931471805599453,RandomForest + Dummy,conscious,conscious,False,Image,False,5,0,4,0
1290,sub-07,rh-pericalcarine,0.5,0.0,0.0,0.6931471805599453,RandomForest + Dummy,conscious,conscious,False,Image,False,5,0,5,0
1291,sub-07,rh-pericalcarine,0.5,0.0,0.0,0.6931471805599453,RandomForest + Dummy,conscious,conscious,False,Image,False,5,0,9,0
1292,sub-07,rh-pericalcarine,0.5,0.0,0.0,0.6931471805599453,RandomForest + Dummy,conscious,conscious,False,Image,False,5,0,1,0
1293,sub-07,rh-pericalcarine,0.5,0.0,0.0,0.6931471805599453,RandomForest + Dummy,conscious,conscious,False,Image,False,5,0,6,0
1294,sub-07,rh-pericalcarine,0.5,0.0,0.0,0.6931471805599453,RandomForest + Dummy,conscious,conscious,False,Image,False,5,0,7,0
1295,sub-07,rh-pericalcarine,0.5,0.0,0.0,0.6931471805599453,RandomForest + Dummy,conscious,conscious,False,Image,False,5,0,10,0
1296,sub-07,rh-pericalcarine,0.5,0.0,0.0,0.6931471805599453,RandomForest + Dummy,conscious,conscious,False,Image,False,5,0,5,0
1297,sub-07,rh-pericalcarine,0.5,0.0,0.0,0.6931471805599453,RandomForest + Dummy,conscious,conscious,False,Image,False,5,0,10,0
1298,sub-07,rh-pericalcarine,0.5,0.0,0.0,0.6931471805599453,RandomForest + Dummy,conscious,conscious,False,Image,False,5,0,2,0
1299,sub-07,rh-pericalcarine,0.5,0.0,0.0,0.6931471805599453,RandomForest + Dummy,conscious,conscious,False,Image,False,5,0,12,0
1300,sub-07,rh-pericalcarine,0.5,0.0,0.0,0.6931471805599453,RandomForest + Dummy,conscious,conscious,False,Image,False,5,0,5,0
1301,sub-07,rh-pericalcarine,0.5,0.0,0.0,0.6931471805599453,RandomForest + Dummy,conscious,conscious,False,Image,False,5,0,9,0
1302,sub-07,rh-pericalcarine,0.5,0.0,0.0,0.6931471805599453,RandomForest + Dummy,conscious,conscious,False,Image,False,5,0,5,0
1303,sub-07,rh-pericalcarine,0.5,0.0,0.0,0.6931471805599453,RandomForest + Dummy,conscious,conscious,False,Image,False,2,0,5,0
1304,sub-07,rh-pericalcarine,0.5,0.0,0.0,0.6931471805599453,RandomForest + Dummy,conscious,conscious,False,Image,False,2,0,1,0
1305,sub-07,rh-pericalcarine,0.5,0.0,0.0,0.6931471805599453,RandomForest + Dummy,conscious,conscious,False,Image,False,2,0,1,0
1306,sub-07,rh-pericalcarine,0.5,0.0,0.0,0.6931471805599453,RandomForest + Dummy,conscious,conscious,False,Image,False,2,0,2,0
1307,sub-07,rh-pericalcarine,0.5,0.0,0.0,0.6931471805599453,RandomForest + Dummy,conscious,conscious,False,Image,False,2,0,4,0
1308,sub-07,rh-pericalcarine,0.5,0.0,0.0,0.6931471805599453,RandomForest + Dummy,conscious,conscious,False,Image,False,2,0,4,0
1309,sub-07,rh-pericalcarine,0.5,0.0,0.0,0.6931471805599453,RandomForest + Dummy,conscious,conscious,False,Image,False,2,0,3,0
1310,sub-07,rh-pericalcarine,0.5,0.0,0.0,0.6931471805599453,RandomForest + Dummy,conscious,conscious,False,Image,False,2,0,7,0
1311,sub-07,rh-pericalcarine,0.5,0.0,0.0,0.6931471805599453,RandomForest + Dummy,conscious,conscious,False,Image,False,2,0,10,0
1312,sub-07,rh-pericalcarine,0.5,0.0,0.0,0.6931471805599453,RandomForest + Dummy,conscious,conscious,False,Image,False,2,0,1,0
1313,sub-07,rh-pericalcarine,0.5,0.0,0.0,0.6931471805599453,RandomForest + Dummy,conscious,conscious,False,Image,False,2,0,3,0
1314,sub-07,rh-pericalcarine,0.5,0.0,0.0,0.6931471805599453,RandomForest + Dummy,conscious,conscious,False,Image,False,2,0,1,0
1315,sub-07,rh-pericalcarine,0.5,0.0,0.0,0.6931471805599453,RandomForest + Dummy,conscious,conscious,False,Image,False,2,0,2,0
1316,sub-07,rh-pericalcarine,0.5,0.0,0.0,0.6931471805599453,RandomForest + Dummy,conscious,conscious,False,Image,False,2,0,4,0
1317,sub-07,rh-pericalcarine,0.5,0.0,0.0,0.6931471805599453,RandomForest + Dummy,conscious,conscious,False,Image,False,2,0,8,0
1318,sub-07,rh-pericalcarine,0.5,0.0,0.0,0.6931471805599453,RandomForest + Dummy,conscious,conscious,False,Image,False,2,0,11,0
1319,sub-07,rh-pericalcarine,0.5,0.0,0.0,0.6931471805599453,RandomForest + Dummy,conscious,conscious,False,Image,False,2,0,1,0
1320,sub-07,rh-pericalcarine,0.5,0.0,0.0,0.6931471805599453,RandomForest + Dummy,conscious,conscious,False,Image,False,2,0,3,0
1321,sub-07,rh-pericalcarine,0.5,0.0,0.0,0.6931471805599453,RandomForest + Dummy,conscious,conscious,False,Image,False,2,0,10,0
1322,sub-07,rh-pericalcarine,0.5,0.0,0.0,0.6931471805599453,RandomForest + Dummy,conscious,conscious,False,Image,False,2,0,6,0
1323,sub-07,rh-pericalcarine,0.5,0.0,0.0,0.6931471805599453,RandomForest + Dummy,conscious,conscious,False,Image,False,2,0,6,0
1324,sub-07,rh-pericalcarine,0.5,0.0,0.0,0.6931471805599453,RandomForest + Dummy,conscious,conscious,False,Image,False,2,0,3,0
1325,sub-07,rh-pericalcarine,0.5,0.0,0.0,0.6931471805599453,RandomForest + Dummy,conscious,conscious,False,Image,False,2,0,4,0
1326,sub-07,rh-pericalcarine,0.5,0.0,0.0,0.6931471805599453,RandomForest + Dummy,conscious,conscious,False,Image,False,2,0,2,0
1327,sub-07,rh-pericalcarine,0.5,0.0,0.0,0.6931471805599453,RandomForest + Dummy,conscious,conscious,False,Image,False,2,0,2,0
1328,sub-07,rh-pericalcarine,0.5,0.0,0.0,0.6931471805599453,RandomForest + Dummy,conscious,conscious,False,Image,False,2,0,13,0
1329,sub-07,rh-pericalcarine,0.5,0.0,0.0,0.6931471805599453,RandomForest + Dummy,conscious,conscious,False,Image,False,2,0,3,0
1330,sub-07,rh-pericalcarine,0.5,0.0,0.0,0.6931471805599453,RandomForest + Dummy,conscious,conscious,False,Image,False,2,0,1,0
1331,sub-07,rh-pericalcarine,0.5,0.0,0.0,0.6931471805599453,RandomForest + Dummy,conscious,conscious,False,Image,False,2,0,4,0
1332,sub-07,rh-pericalcarine,0.5,0.0,0.0,0.6931471805599453,RandomForest + Dummy,conscious,conscious,False,Image,False,2,0,5,0
1333,sub-07,rh-pericalcarine,0.5,0.0,0.0,0.6931471805599453,RandomForest + Dummy,conscious,conscious,False,Image,False,2,0,9,0
1334,sub-07,rh-pericalcarine,0.5,0.0,0.0,0.6931471805599453,RandomForest + Dummy,conscious,conscious,False,Image,False,2,0,1,0
1335,sub-07,rh-pericalcarine,0.5,0.0,0.0,0.6931471805599453,RandomForest + Dummy,conscious,conscious,False,Image,False,2,0,6,0
1336,sub-07,rh-pericalcarine,0.5,0.0,0.0,0.6931471805599453,RandomForest + Dummy,conscious,conscious,False,Image,False,2,0,7,0
1337,sub-07,rh-pericalcarine,0.5,0.0,0.0,0.6931471805599453,RandomForest + Dummy,conscious,conscious,False,Image,False,2,0,10,0
1338,sub-07,rh-pericalcarine,0.5,0.0,0.0,0.6931471805599453,RandomForest + Dummy,conscious,conscious,False,Image,False,2,0,5,0
1339,sub-07,rh-pericalcarine,0.5,0.0,0.0,0.6931471805599453,RandomForest + Dummy,conscious,conscious,False,Image,False,2,0,10,0
1340,sub-07,rh-pericalcarine,0.5,0.0,0.0,0.6931471805599453,RandomForest + Dummy,conscious,conscious,False,Image,False,2,0,2,0
1341,sub-07,rh-pericalcarine,0.5,0.0,0.0,0.6931471805599453,RandomForest + Dummy,conscious,conscious,False,Image,False,2,0,12,0
1342,sub-07,rh-pericalcarine,0.5,0.0,0.0,0.6931471805599453,RandomForest + Dummy,conscious,conscious,False,Image,False,2,0,5,0
1343,sub-07,rh-pericalcarine,0.5,0.0,0.0,0.6931471805599453,RandomForest + Dummy,conscious,conscious,False,Image,False,2,0,9,0
1344,sub-07,rh-pericalcarine,0.5,0.0,0.0,0.6931471805599453,RandomForest + Dummy,conscious,conscious,False,Image,False,2,0,5,0
1345,sub-07,rh-pericalcarine,0.5,0.0,0.0,0.6931471805599453,RandomForest + Dummy,conscious,conscious,False,Image,False,2,0,5,0
1346,sub-07,rh-pericalcarine,0.5,0.0,0.0,0.6931471805599453,RandomForest + Dummy,conscious,conscious,False,Image,False,2,0,1,0
1347,sub-07,rh-pericalcarine,0.5,0.0,0.0,0.6931471805599453,RandomForest + Dummy,conscious,conscious,False,Image,False,2,0,1,0
1348,sub-07,rh-pericalcarine,0.5,0.0,0.0,0.6931471805599453,RandomForest + Dummy,conscious,conscious,False,Image,False,2,0,2,0
1349,sub-07,rh-pericalcarine,0.5,0.0,0.0,0.6931471805599453,RandomForest + Dummy,conscious,conscious,False,Image,False,2,0,4,0
1350,sub-07,rh-pericalcarine,0.5,0.0,0.0,0.6931471805599453,RandomForest + Dummy,conscious,conscious,False,Image,False,2,0,4,0
1351,sub-07,rh-pericalcarine,0.5,0.0,0.0,0.6931471805599453,RandomForest + Dummy,conscious,conscious,False,Image,False,2,0,3,0
1352,sub-07,rh-pericalcarine,0.5,0.0,0.0,0.6931471805599453,RandomForest + Dummy,conscious,conscious,False,Image,False,2,0,7,0
1353,sub-07,rh-pericalcarine,0.5,0.0,0.0,0.6931471805599453,RandomForest + Dummy,conscious,conscious,False,Image,False,2,0,10,0
1354,sub-07,rh-pericalcarine,0.5,0.0,0.0,0.6931471805599453,RandomForest + Dummy,conscious,conscious,False,Image,False,2,0,1,0
1355,sub-07,rh-pericalcarine,0.5,0.0,0.0,0.6931471805599453,RandomForest + Dummy,conscious,conscious,False,Image,False,2,0,3,0
1356,sub-07,rh-pericalcarine,0.5,0.0,0.0,0.6931471805599453,RandomForest + Dummy,conscious,conscious,False,Image,False,2,0,1,0
1357,sub-07,rh-pericalcarine,0.5,0.0,0.0,0.6931471805599453,RandomForest + Dummy,conscious,conscious,False,Image,False,2,0,2,0
1358,sub-07,rh-pericalcarine,0.5,0.0,0.0,0.6931471805599453,RandomForest + Dummy,conscious,conscious,False,Image,False,2,0,4,0
1359,sub-07,rh-pericalcarine,0.5,0.0,0.0,0.6931471805599453,RandomForest + Dummy,conscious,conscious,False,Image,False,2,0,8,0
1360,sub-07,rh-pericalcarine,0.5,0.0,0.0,0.6931471805599453,RandomForest + Dummy,conscious,conscious,False,Image,False,2,0,11,0
1361,sub-07,rh-pericalcarine,0.5,0.0,0.0,0.6931471805599453,RandomForest + Dummy,conscious,conscious,False,Image,False,2,0,1,0
1362,sub-07,rh-pericalcarine,0.5,0.0,0.0,0.6931471805599453,RandomForest + Dummy,conscious,conscious,False,Image,False,2,0,3,0
1363,sub-07,rh-pericalcarine,0.5,0.0,0.0,0.6931471805599453,RandomForest + Dummy,conscious,conscious,False,Image,False,2,0,10,0
1364,sub-07,rh-pericalcarine,0.5,0.0,0.0,0.6931471805599453,RandomForest + Dummy,conscious,conscious,False,Image,False,2,0,6,0
1365,sub-07,rh-pericalcarine,0.5,0.0,0.0,0.6931471805599453,RandomForest + Dummy,conscious,conscious,False,Image,False,2,0,6,0
1366,sub-07,rh-pericalcarine,0.5,0.0,0.0,0.6931471805599453,RandomForest + Dummy,conscious,conscious,False,Image,False,2,0,3,0
1367,sub-07,rh-pericalcarine,0.5,0.0,0.0,0.6931471805599453,RandomForest + Dummy,conscious,conscious,False,Image,False,2,0,4,0
1368,sub-07,rh-pericalcarine,0.5,0.0,0.0,0.6931471805599453,RandomForest + Dummy,conscious,conscious,False,Image,False,2,0,2,0
1369,sub-07,rh-pericalcarine,0.5,0.0,0.0,0.6931471805599453,RandomForest + Dummy,conscious,conscious,False,Image,False,2,0,2,0
1370,sub-07,rh-pericalcarine,0.5,0.0,0.0,0.6931471805599453,RandomForest + Dummy,conscious,conscious,False,Image,False,2,0,13,0
1371,sub-07,rh-pericalcarine,0.5,0.0,0.0,0.6931471805599453,RandomForest + Dummy,conscious,conscious,False,Image,False,2,0,3,0
1372,sub-07,rh-pericalcarine,0.5,0.0,0.0,0.6931471805599453,RandomForest + Dummy,conscious,conscious,False,Image,False,2,0,1,0
1373,sub-07,rh-pericalcarine,0.5,0.0,0.0,0.6931471805599453,RandomForest + Dummy,conscious,conscious,False,Image,False,2,0,4,0
1374,sub-07,rh-pericalcarine,0.5,0.0,0.0,0.6931471805599453,RandomForest + Dummy,conscious,conscious,False,Image,False,2,0,5,0
1375,sub-07,rh-pericalcarine,0.5,0.0,0.0,0.6931471805599453,RandomForest + Dummy,conscious,conscious,False,Image,False,2,0,9,0
1376,sub-07,rh-pericalcarine,0.5,0.0,0.0,0.6931471805599453,RandomForest + Dummy,conscious,conscious,False,Image,False,2,0,1,0
1377,sub-07,rh-pericalcarine,0.5,0.0,0.0,0.6931471805599453,RandomForest + Dummy,conscious,conscious,False,Image,False,2,0,6,0
1378,sub-07,rh-pericalcarine,0.5,0.0,0.0,0.6931471805599453,RandomForest + Dummy,conscious,conscious,False,Image,False,2,0,7,0
1379,sub-07,rh-pericalcarine,0.5,0.0,0.0,0.6931471805599453,RandomForest + Dummy,conscious,conscious,False,Image,False,2,0,10,0
1380,sub-07,rh-pericalcarine,0.5,0.0,0.0,0.6931471805599453,RandomForest + Dummy,conscious,conscious,False,Image,False,2,0,5,0
1381,sub-07,rh-pericalcarine,0.5,0.0,0.0,0.6931471805599453,RandomForest + Dummy,conscious,conscious,False,Image,False,2,0,10,0
1382,sub-07,rh-pericalcarine,0.5,0.0,0.0,0.6931471805599453,RandomForest + Dummy,conscious,conscious,False,Image,False,2,0,2,0
1383,sub-07,rh-pericalcarine,0.5,0.0,0.0,0.6931471805599453,RandomForest + Dummy,conscious,conscious,False,Image,False,2,0,12,0
1384,sub-07,rh-pericalcarine,0.5,0.0,0.0,0.6931471805599453,RandomForest + Dummy,conscious,conscious,False,Image,False,2,0,5,0
1385,sub-07,rh-pericalcarine,0.5,0.0,0.0,0.6931471805599453,RandomForest + Dummy,conscious,conscious,False,Image,False,2,0,9,0
1386,sub-07,rh-pericalcarine,0.5,0.0,0.0,0.6931471805599453,RandomForest + Dummy,conscious,conscious,False,Image,False,2,0,5,0
1387,sub-07,rh-pericalcarine,0.5,0.0,0.0,0.6931471805599453,RandomForest + Dummy,conscious,conscious,False,Image,False,5,0,5,0
1388,sub-07,rh-pericalcarine,0.5,0.0,0.0,0.6931471805599453,RandomForest + Dummy,conscious,conscious,False,Image,False,5,0,1,0
1389,sub-07,rh-pericalcarine,0.5,0.0,0.0,0.6931471805599453,RandomForest + Dummy,conscious,conscious,False,Image,False,5,0,1,0
1390,sub-07,rh-pericalcarine,0.5,0.0,0.0,0.6931471805599453,RandomForest + Dummy,conscious,conscious,False,Image,False,5,0,2,0
1391,sub-07,rh-pericalcarine,0.5,0.0,0.0,0.6931471805599453,RandomForest + Dummy,conscious,conscious,False,Image,False,5,0,4,0
1392,sub-07,rh-pericalcarine,0.5,0.0,0.0,0.6931471805599453,RandomForest + Dummy,conscious,conscious,False,Image,False,5,0,4,0
1393,sub-07,rh-pericalcarine,0.5,0.0,0.0,0.6931471805599453,RandomForest + Dummy,conscious,conscious,False,Image,False,5,0,3,0
1394,sub-07,rh-pericalcarine,0.5,0.0,0.0,0.6931471805599453,RandomForest + Dummy,conscious,conscious,False,Image,False,5,0,7,0
1395,sub-07,rh-pericalcarine,0.5,0.0,0.0,0.6931471805599453,RandomForest + Dummy,conscious,conscious,False,Image,False,5,0,10,0
1396,sub-07,rh-pericalcarine,0.5,0.0,0.0,0.6931471805599453,RandomForest + Dummy,conscious,conscious,False,Image,False,5,0,1,0
1397,sub-07,rh-pericalcarine,0.5,0.0,0.0,0.6931471805599453,RandomForest + Dummy,conscious,conscious,False,Image,False,5,0,3,0
1398,sub-07,rh-pericalcarine,0.5,0.0,0.0,0.6931471805599453,RandomForest + Dummy,conscious,conscious,False,Image,False,5,0,1,0
1399,sub-07,rh-pericalcarine,0.5,0.0,0.0,0.6931471805599453,RandomForest + Dummy,conscious,conscious,False,Image,False,5,0,2,0
1400,sub-07,rh-pericalcarine,0.5,0.0,0.0,0.6931471805599453,RandomForest + Dummy,conscious,conscious,False,Image,False,5,0,4,0
1401,sub-07,rh-pericalcarine,0.5,0.0,0.0,0.6931471805599453,RandomForest + Dummy,conscious,conscious,False,Image,False,5,0,8,0
1402,sub-07,rh-pericalcarine,0.5,0.0,0.0,0.6931471805599453,RandomForest + Dummy,conscious,conscious,False,Image,False,5,0,11,0
1403,sub-07,rh-pericalcarine,0.5,0.0,0.0,0.6931471805599453,RandomForest + Dummy,conscious,conscious,False,Image,False,5,0,1,0
1404,sub-07,rh-pericalcarine,0.5,0.0,0.0,0.6931471805599453,RandomForest + Dummy,conscious,conscious,False,Image,False,5,0,3,0
1405,sub-07,rh-pericalcarine,0.5,0.0,0.0,0.6931471805599453,RandomForest + Dummy,conscious,conscious,False,Image,False,5,0,10,0
1406,sub-07,rh-pericalcarine,0.5,0.0,0.0,0.6931471805599453,RandomForest + Dummy,conscious,conscious,False,Image,False,5,0,6,0
1407,sub-07,rh-pericalcarine,0.5,0.0,0.0,0.6931471805599453,RandomForest + Dummy,conscious,conscious,False,Image,False,5,0,6,0
1408,sub-07,rh-pericalcarine,0.5,0.0,0.0,0.6931471805599453,RandomForest + Dummy,conscious,conscious,False,Image,False,5,0,3,0
1409,sub-07,rh-pericalcarine,0.5,0.0,0.0,0.6931471805599453,RandomForest + Dummy,conscious,conscious,False,Image,False,5,0,4,0
1410,sub-07,rh-pericalcarine,0.5,0.0,0.0,0.6931471805599453,RandomForest + Dummy,conscious,conscious,False,Image,False,5,0,2,0
1411,sub-07,rh-pericalcarine,0.5,0.0,0.0,0.6931471805599453,RandomForest + Dummy,conscious,conscious,False,Image,False,5,0,2,0
1412,sub-07,rh-pericalcarine,0.5,0.0,0.0,0.6931471805599453,RandomForest + Dummy,conscious,conscious,False,Image,False,5,0,13,0
1413,sub-07,rh-pericalcarine,0.5,0.0,0.0,0.6931471805599453,RandomForest + Dummy,conscious,conscious,False,Image,False,5,0,3,0
1414,sub-07,rh-pericalcarine,0.5,0.0,0.0,0.6931471805599453,RandomForest + Dummy,conscious,conscious,False,Image,False,5,0,1,0
1415,sub-07,rh-pericalcarine,0.5,0.0,0.0,0.6931471805599453,RandomForest + Dummy,conscious,conscious,False,Image,False,5,0,4,0
1416,sub-07,rh-pericalcarine,0.5,0.0,0.0,0.6931471805599453,RandomForest + Dummy,conscious,conscious,False,Image,False,5,0,5,0
1417,sub-07,rh-pericalcarine,0.5,0.0,0.0,0.6931471805599453,RandomForest + Dummy,conscious,conscious,False,Image,False,5,0,9,0
1418,sub-07,rh-pericalcarine,0.5,0.0,0.0,0.6931471805599453,RandomForest + Dummy,conscious,conscious,False,Image,False,5,0,1,0
1419,sub-07,rh-pericalcarine,0.5,0.0,0.0,0.6931471805599453,RandomForest + Dummy,conscious,conscious,False,Image,False,5,0,6,0
1420,sub-07,rh-pericalcarine,0.5,0.0,0.0,0.6931471805599453,RandomForest + Dummy,conscious,conscious,False,Image,False,5,0,7,0
1421,sub-07,rh-pericalcarine,0.5,0.0,0.0,0.6931471805599453,RandomForest + Dummy,conscious,conscious,False,Image,False,5,0,10,0
1422,sub-07,rh-pericalcarine,0.5,0.0,0.0,0.6931471805599453,RandomForest + Dummy,conscious,conscious,False,Image,False,5,0,5,0
1423,sub-07,rh-pericalcarine,0.5,0.0,0.0,0.6931471805599453,RandomForest + Dummy,conscious,conscious,False,Image,False,5,0,10,0
1424,sub-07,rh-pericalcarine,0.5,0.0,0.0,0.6931471805599453,RandomForest + Dummy,conscious,conscious,False,Image,False,5,0,2,0
1425,sub-07,rh-pericalcarine,0.5,0.0,0.0,0.6931471805599453,RandomForest + Dummy,conscious,conscious,False,Image,False,5,0,12,0
1426,sub-07,rh-pericalcarine,0.5,0.0,0.0,0.6931471805599453,RandomForest + Dummy,conscious,conscious,False,Image,False,5,0,5,0
1427,sub-07,rh-pericalcarine,0.5,0.0,0.0,0.6931471805599453,RandomForest + Dummy,conscious,conscious,False,Image,False,5,0,9,0
1428,sub-07,rh-pericalcarine,0.5,0.0,0.0,0.6931471805599453,RandomForest + Dummy,conscious,conscious,False,Image,False,5,0,5,0
1429,sub-07,rh-pericalcarine,0.5,0.0,0.0,0.6931471805599453,RandomForest + Dummy,conscious,conscious,False,Image,False,3,0,5,0
1430,sub-07,rh-pericalcarine,0.5,0.0,0.0,0.6931471805599453,RandomForest + Dummy,conscious,conscious,False,Image,False,3,0,1,0
1431,sub-07,rh-pericalcarine,0.5,0.0,0.0,0.6931471805599453,RandomForest + Dummy,conscious,conscious,False,Image,False,3,0,1,0
1432,sub-07,rh-pericalcarine,0.5,0.0,0.0,0.6931471805599453,RandomForest + Dummy,conscious,conscious,False,Image,False,3,0,2,0
1433,sub-07,rh-pericalcarine,0.5,0.0,0.0,0.6931471805599453,RandomForest + Dummy,conscious,conscious,False,Image,False,3,0,4,0
1434,sub-07,rh-pericalcarine,0.5,0.0,0.0,0.6931471805599453,RandomForest + Dummy,conscious,conscious,False,Image,False,3,0,4,0
1435,sub-07,rh-pericalcarine,0.5,0.0,0.0,0.6931471805599453,RandomForest + Dummy,conscious,conscious,False,Image,False,3,0,3,0
1436,sub-07,rh-pericalcarine,0.5,0.0,0.0,0.6931471805599453,RandomForest + Dummy,conscious,conscious,False,Image,False,3,0,7,0
1437,sub-07,rh-pericalcarine,0.5,0.0,0.0,0.6931471805599453,RandomForest + Dummy,conscious,conscious,False,Image,False,3,0,10,0
1438,sub-07,rh-pericalcarine,0.5,0.0,0.0,0.6931471805599453,RandomForest + Dummy,conscious,conscious,False,Image,False,3,0,1,0
1439,sub-07,rh-pericalcarine,0.5,0.0,0.0,0.6931471805599453,RandomForest + Dummy,conscious,conscious,False,Image,False,3,0,3,0
1440,sub-07,rh-pericalcarine,0.5,0.0,0.0,0.6931471805599453,RandomForest + Dummy,conscious,conscious,False,Image,False,3,0,1,0
1441,sub-07,rh-pericalcarine,0.5,0.0,0.0,0.6931471805599453,RandomForest + Dummy,conscious,conscious,False,Image,False,3,0,2,0
1442,sub-07,rh-pericalcarine,0.5,0.0,0.0,0.6931471805599453,RandomForest + Dummy,conscious,conscious,False,Image,False,3,0,4,0
1443,sub-07,rh-pericalcarine,0.5,0.0,0.0,0.6931471805599453,RandomForest + Dummy,conscious,conscious,False,Image,False,3,0,8,0
1444,sub-07,rh-pericalcarine,0.5,0.0,0.0,0.6931471805599453,RandomForest + Dummy,conscious,conscious,False,Image,False,3,0,11,0
1445,sub-07,rh-pericalcarine,0.5,0.0,0.0,0.6931471805599453,RandomForest + Dummy,conscious,conscious,False,Image,False,3,0,1,0
1446,sub-07,rh-pericalcarine,0.5,0.0,0.0,0.6931471805599453,RandomForest + Dummy,conscious,conscious,False,Image,False,3,0,3,0
1447,sub-07,rh-pericalcarine,0.5,0.0,0.0,0.6931471805599453,RandomForest + Dummy,conscious,conscious,False,Image,False,3,0,10,0
1448,sub-07,rh-pericalcarine,0.5,0.0,0.0,0.6931471805599453,RandomForest + Dummy,conscious,conscious,False,Image,False,3,0,6,0
1449,sub-07,rh-pericalcarine,0.5,0.0,0.0,0.6931471805599453,RandomForest + Dummy,conscious,conscious,False,Image,False,3,0,6,0
1450,sub-07,rh-pericalcarine,0.5,0.0,0.0,0.6931471805599453,RandomForest + Dummy,conscious,conscious,False,Image,False,3,0,3,0
1451,sub-07,rh-pericalcarine,0.5,0.0,0.0,0.6931471805599453,RandomForest + Dummy,conscious,conscious,False,Image,False,3,0,4,0
1452,sub-07,rh-pericalcarine,0.5,0.0,0.0,0.6931471805599453,RandomForest + Dummy,conscious,conscious,False,Image,False,3,0,2,0
1453,sub-07,rh-pericalcarine,0.5,0.0,0.0,0.6931471805599453,RandomForest + Dummy,conscious,conscious,False,Image,False,3,0,2,0
1454,sub-07,rh-pericalcarine,0.5,0.0,0.0,0.6931471805599453,RandomForest + Dummy,conscious,conscious,False,Image,False,3,0,13,0
1455,sub-07,rh-pericalcarine,0.5,0.0,0.0,0.6931471805599453,RandomForest + Dummy,conscious,conscious,False,Image,False,3,0,3,0
1456,sub-07,rh-pericalcarine,0.5,0.0,0.0,0.6931471805599453,RandomForest + Dummy,conscious,conscious,False,Image,False,3,0,1,0
1457,sub-07,rh-pericalcarine,0.5,0.0,0.0,0.6931471805599453,RandomForest + Dummy,conscious,conscious,False,Image,False,3,0,4,0
1458,sub-07,rh-pericalcarine,0.5,0.0,0.0,0.6931471805599453,RandomForest + Dummy,conscious,conscious,False,Image,False,3,0,5,0
1459,sub-07,rh-pericalcarine,0.5,0.0,0.0,0.6931471805599453,RandomForest + Dummy,conscious,conscious,False,Image,False,3,0,9,0
1460,sub-07,rh-pericalcarine,0.5,0.0,0.0,0.6931471805599453,RandomForest + Dummy,conscious,conscious,False,Image,False,3,0,1,0
1461,sub-07,rh-pericalcarine,0.5,0.0,0.0,0.6931471805599453,RandomForest + Dummy,conscious,conscious,False,Image,False,3,0,6,0
1462,sub-07,rh-pericalcarine,0.5,0.0,0.0,0.6931471805599453,RandomForest + Dummy,conscious,conscious,False,Image,False,3,0,7,0
1463,sub-07,rh-pericalcarine,0.5,0.0,0.0,0.6931471805599453,RandomForest + Dummy,conscious,conscious,False,Image,False,3,0,10,0
1464,sub-07,rh-pericalcarine,0.5,0.0,0.0,0.6931471805599453,RandomForest + Dummy,conscious,conscious,False,Image,False,3,0,5,0
1465,sub-07,rh-pericalcarine,0.5,0.0,0.0,0.6931471805599453,RandomForest + Dummy,conscious,conscious,False,Image,False,3,0,10,0
1466,sub-07,rh-pericalcarine,0.5,0.0,0.0,0.6931471805599453,RandomForest + Dummy,conscious,conscious,False,Image,False,3,0,2,0
1467,sub-07,rh-pericalcarine,0.5,0.0,0.0,0.6931471805599453,RandomForest + Dummy,conscious,conscious,False,Image,False,3,0,12,0
1468,sub-07,rh-pericalcarine,0.5,0.0,0.0,0.6931471805599453,RandomForest + Dummy,conscious,conscious,False,Image,False,3,0,5,0
1469,sub-07,rh-pericalcarine,0.5,0.0,0.0,0.6931471805599453,RandomForest + Dummy,conscious,conscious,False,Image,False,3,0,9,0
1470,sub-07,rh-pericalcarine,0.5,0.0,0.0,0.6931471805599453,RandomForest + Dummy,conscious,conscious,False,Image,False,3,0,5,0
