fold,sub,roi,roc_auc,mattews_correcoef,f1_score,log_loss,model,condition_target,condition_source,flip,language,transfer,tn,tp,fn,fp
1,sub-07,rh-parahippocampal,0.2,-0.3,0.28571428571428575,0.7146335526440446,None + Linear-SVM,conscious,conscious,False,Image,False,1,1,4,1
2,sub-07,rh-parahippocampal,0.5,0.0,0.0,0.9706655715287198,None + Linear-SVM,conscious,conscious,False,Image,False,2,0,1,0
3,sub-07,rh-parahippocampal,1.0,0.0,0.0,0.9134847272728094,None + Linear-SVM,conscious,conscious,False,Image,False,2,0,1,0
4,sub-07,rh-parahippocampal,0.25,-0.5773502691896258,0.0,0.8333887459474706,None + Linear-SVM,conscious,conscious,False,Image,False,1,0,2,1
5,sub-07,rh-parahippocampal,0.375,0.0,0.5714285714285715,0.7190863992055224,None + Linear-SVM,conscious,conscious,False,Image,False,1,2,2,1
6,sub-07,rh-parahippocampal,0.5,0.31622776601683794,0.4,0.6478583062921354,None + Linear-SVM,conscious,conscious,False,Image,False,2,1,3,0
7,sub-07,rh-parahippocampal,0.16666666666666666,-0.6123724356957946,0.0,0.7888169366188369,None + Linear-SVM,conscious,conscious,False,Image,False,1,0,3,1
8,sub-07,rh-parahippocampal,0.3571428571428571,-0.05976143046671968,0.5454545454545454,0.6316581092123847,None + Linear-SVM,conscious,conscious,False,Image,False,1,3,4,1
9,sub-07,rh-parahippocampal,0.25,-0.07559289460184544,0.5333333333333333,0.5718766788904333,None + Linear-SVM,conscious,conscious,False,Image,False,1,4,6,1
10,sub-07,rh-parahippocampal,0.0,-0.5,0.0,1.0579309548464113,None + Linear-SVM,conscious,conscious,False,Image,False,1,0,1,1
11,sub-07,rh-parahippocampal,0.16666666666666666,-0.6123724356957946,0.0,0.7806882440809556,None + Linear-SVM,conscious,conscious,False,Image,False,1,0,3,1
12,sub-07,rh-parahippocampal,0.0,-0.5,0.0,0.9935660548588245,None + Linear-SVM,conscious,conscious,False,Image,False,1,0,1,1
13,sub-07,rh-parahippocampal,0.25,-0.5773502691896258,0.0,0.8177322968623851,None + Linear-SVM,conscious,conscious,False,Image,False,1,0,2,1
14,sub-07,rh-parahippocampal,0.375,0.0,0.5714285714285715,0.6581766435453892,None + Linear-SVM,conscious,conscious,False,Image,False,1,2,2,1
15,sub-07,rh-parahippocampal,0.4375,0.0,0.6153846153846154,0.5467189354678605,None + Linear-SVM,conscious,conscious,False,Image,False,1,4,4,1
16,sub-07,rh-parahippocampal,0.40909090909090906,0.03289758474798845,0.6666666666666665,0.5363528450019989,None + Linear-SVM,conscious,conscious,False,Image,False,1,6,5,1
17,sub-07,rh-parahippocampal,0.5,0.0,0.0,0.9533661661080862,None + Linear-SVM,conscious,conscious,False,Image,False,2,0,1,0
18,sub-07,rh-parahippocampal,0.5,-0.16666666666666666,0.4,0.7191401417307169,None + Linear-SVM,conscious,conscious,False,Image,False,1,1,2,1
19,sub-07,rh-parahippocampal,0.2,-0.25819888974716115,0.30769230769230765,0.5905558238222793,None + Linear-SVM,conscious,conscious,False,Image,False,1,2,8,1
20,sub-07,rh-parahippocampal,0.25,-0.3333333333333333,0.25,0.6510121108097422,None + Linear-SVM,conscious,conscious,False,Image,False,1,1,5,1
21,sub-07,rh-parahippocampal,0.25,-0.14907119849998599,0.4444444444444444,0.685087854404727,None + Linear-SVM,conscious,conscious,False,Image,False,1,2,4,1
22,sub-07,rh-parahippocampal,0.3333333333333333,-0.16666666666666666,0.4,0.7114659910295571,None + Linear-SVM,conscious,conscious,False,Image,False,1,1,2,1
23,sub-07,rh-parahippocampal,0.375,0.0,0.5714285714285715,0.6629511420418988,None + Linear-SVM,conscious,conscious,False,Image,False,1,2,2,1
24,sub-07,rh-parahippocampal,0.0,-0.5773502691896258,0.0,0.847645574831434,None + Linear-SVM,conscious,conscious,False,Image,False,1,0,2,1
25,sub-07,rh-parahippocampal,0.0,-0.5773502691896258,0.0,0.8714722629600891,None + Linear-SVM,conscious,conscious,False,Image,False,1,0,2,1
26,sub-07,rh-parahippocampal,0.3076923076923077,-0.026207120918047958,0.6,0.5362829427246737,None + Linear-SVM,conscious,conscious,False,Image,False,1,6,7,1
27,sub-07,rh-parahippocampal,0.3333333333333333,-0.16666666666666666,0.4,0.7402506386600515,None + Linear-SVM,conscious,conscious,False,Image,False,1,1,2,1
28,sub-07,rh-parahippocampal,0.5,0.0,0.0,0.9627256519921152,None + Linear-SVM,conscious,conscious,False,Image,False,2,0,1,0
29,sub-07,rh-parahippocampal,0.375,0.0,0.5714285714285715,0.6654934203894053,None + Linear-SVM,conscious,conscious,False,Image,False,1,2,2,1
30,sub-07,rh-parahippocampal,0.4,0.09128709291752768,0.6666666666666665,0.6336410547729512,None + Linear-SVM,conscious,conscious,False,Image,False,1,3,2,1
31,sub-07,rh-parahippocampal,0.5,0.04303314829119352,0.6666666666666667,0.5738436166850779,None + Linear-SVM,conscious,conscious,False,Image,False,1,5,4,1
32,sub-07,rh-parahippocampal,0.5,0.0,0.0,0.9537049923540003,None + Linear-SVM,conscious,conscious,False,Image,False,2,0,1,0
33,sub-07,rh-parahippocampal,0.5,0.3333333333333333,0.5,0.594405989889547,None + Linear-SVM,conscious,conscious,False,Image,False,2,2,4,0
34,sub-07,rh-parahippocampal,0.14285714285714285,-0.35714285714285715,0.22222222222222224,0.6510235003795254,None + Linear-SVM,conscious,conscious,False,Image,False,1,1,6,1
35,sub-07,rh-parahippocampal,0.05,-0.4,0.16666666666666669,0.7879331616533634,None + Linear-SVM,conscious,conscious,False,Image,False,1,1,9,1
36,sub-07,rh-parahippocampal,0.1,-0.3,0.28571428571428575,0.7045930410055583,None + Linear-SVM,conscious,conscious,False,Image,False,1,1,4,1
37,sub-07,rh-parahippocampal,0.25,-0.07559289460184544,0.5333333333333333,0.5966025277342993,None + Linear-SVM,conscious,conscious,False,Image,False,1,4,6,1
38,sub-07,rh-parahippocampal,0.5,0.0,0.0,0.7807641070437323,None + Linear-SVM,conscious,conscious,False,Image,False,2,0,2,0
39,sub-07,rh-parahippocampal,0.20833333333333334,-0.12171612389003691,0.47058823529411764,0.5595457909589302,None + Linear-SVM,conscious,conscious,False,Image,False,1,4,8,1
40,sub-07,rh-parahippocampal,0.2,-0.3,0.28571428571428575,0.7059097960723666,None + Linear-SVM,conscious,conscious,False,Image,False,1,1,4,1
41,sub-07,rh-parahippocampal,0.2222222222222222,-0.1336306209562122,0.46153846153846156,0.653750492891757,None + Linear-SVM,conscious,conscious,False,Image,False,1,3,6,1
42,sub-07,rh-parahippocampal,0.4,0.09128709291752768,0.6666666666666665,0.6682937242599417,None + Linear-SVM,conscious,conscious,False,Image,False,1,3,2,1
43,sub-07,rh-parahippocampal,0.8,0.4472135954999579,0.7499999999999999,0.5772100607343504,None + Linear-SVM,conscious,conscious,False,Image,False,1,3,2,0
44,sub-07,rh-parahippocampal,1.0,0.0,0.0,0.5871218577283492,None + Linear-SVM,conscious,conscious,False,Image,False,1,0,1,0
45,sub-07,rh-parahippocampal,1.0,0.0,0.0,0.5322251012397582,None + Linear-SVM,conscious,conscious,False,Image,False,1,0,1,0
46,sub-07,rh-parahippocampal,1.0,0.5,0.6666666666666666,0.5501440132793044,None + Linear-SVM,conscious,conscious,False,Image,False,1,1,1,0
47,sub-07,rh-parahippocampal,0.75,0.4082482904638631,0.6666666666666666,0.540295771966778,None + Linear-SVM,conscious,conscious,False,Image,False,1,2,2,0
48,sub-07,rh-parahippocampal,1.0,0.6123724356957946,0.8571428571428571,0.4682366080862438,None + Linear-SVM,conscious,conscious,False,Image,False,1,3,1,0
49,sub-07,rh-parahippocampal,1.0,0.5773502691896258,0.8,0.5359803748845616,None + Linear-SVM,conscious,conscious,False,Image,False,1,2,1,0
50,sub-07,rh-parahippocampal,0.8571428571428571,0.4879500364742666,0.8333333333333333,0.4881457946547225,None + Linear-SVM,conscious,conscious,False,Image,False,1,5,2,0
51,sub-07,rh-parahippocampal,1.0,0.6708203932499369,0.9473684210526316,0.49107705045901806,None + Linear-SVM,conscious,conscious,False,Image,False,1,9,1,0
52,sub-07,rh-parahippocampal,0.0,0.0,0.0,0.7047299166894215,None + Linear-SVM,conscious,conscious,False,Image,False,1,0,1,0
53,sub-07,rh-parahippocampal,1.0,0.5773502691896258,0.8,0.5485326699579511,None + Linear-SVM,conscious,conscious,False,Image,False,1,2,1,0
54,sub-07,rh-parahippocampal,1.0,0.0,0.0,0.6467442630918891,None + Linear-SVM,conscious,conscious,False,Image,False,1,0,1,0
55,sub-07,rh-parahippocampal,1.0,0.5,0.6666666666666666,0.572688356436429,None + Linear-SVM,conscious,conscious,False,Image,False,1,1,1,0
56,sub-07,rh-parahippocampal,1.0,0.6123724356957946,0.8571428571428571,0.49016217159012704,None + Linear-SVM,conscious,conscious,False,Image,False,1,3,1,0
57,sub-07,rh-parahippocampal,1.0,0.6614378277661476,0.9333333333333333,0.44085633639593746,None + Linear-SVM,conscious,conscious,False,Image,False,1,7,1,0
58,sub-07,rh-parahippocampal,1.0,0.674199862463242,0.9523809523809523,0.4588950621453138,None + Linear-SVM,conscious,conscious,False,Image,False,1,10,1,0
59,sub-07,rh-parahippocampal,1.0,0.0,0.0,0.6057339877405966,None + Linear-SVM,conscious,conscious,False,Image,False,1,0,1,0
60,sub-07,rh-parahippocampal,1.0,0.5773502691896258,0.8,0.4859450910220922,None + Linear-SVM,conscious,conscious,False,Image,False,1,2,1,0
61,sub-07,rh-parahippocampal,0.9,0.5163977794943222,0.888888888888889,0.4921415922844907,None + Linear-SVM,conscious,conscious,False,Image,False,1,8,2,0
62,sub-07,rh-parahippocampal,0.8333333333333334,0.47140452079103173,0.8,0.5085201133518658,None + Linear-SVM,conscious,conscious,False,Image,False,1,4,2,0
63,sub-07,rh-parahippocampal,0.8333333333333334,0.47140452079103173,0.8,0.5452639318779847,None + Linear-SVM,conscious,conscious,False,Image,False,1,4,2,0
64,sub-07,rh-parahippocampal,1.0,0.5773502691896258,0.8,0.4841268651653183,None + Linear-SVM,conscious,conscious,False,Image,False,1,2,1,0
65,sub-07,rh-parahippocampal,1.0,0.6123724356957946,0.8571428571428571,0.4928210051272856,None + Linear-SVM,conscious,conscious,False,Image,False,1,3,1,0
66,sub-07,rh-parahippocampal,1.0,0.5,0.6666666666666666,0.583112450544288,None + Linear-SVM,conscious,conscious,False,Image,False,1,1,1,0
67,sub-07,rh-parahippocampal,1.0,0.5,0.6666666666666666,0.6032546200044483,None + Linear-SVM,conscious,conscious,False,Image,False,1,1,1,0
68,sub-07,rh-parahippocampal,1.0,0.6793662204867574,0.9600000000000001,0.46693021953719877,None + Linear-SVM,conscious,conscious,False,Image,False,1,12,1,0
69,sub-07,rh-parahippocampal,0.6666666666666666,0.3333333333333333,0.5,0.5454235119009916,None + Linear-SVM,conscious,conscious,False,Image,False,1,1,2,0
70,sub-07,rh-parahippocampal,1.0,0.0,0.0,0.5934203582127437,None + Linear-SVM,conscious,conscious,False,Image,False,1,0,1,0
71,sub-07,rh-parahippocampal,0.75,0.4082482904638631,0.6666666666666666,0.5092589631322831,None + Linear-SVM,conscious,conscious,False,Image,False,1,2,2,0
72,sub-07,rh-parahippocampal,1.0,0.6324555320336759,0.888888888888889,0.47163926129951594,None + Linear-SVM,conscious,conscious,False,Image,False,1,4,1,0
73,sub-07,rh-parahippocampal,0.8888888888888888,0.5091750772173156,0.8750000000000001,0.4599545823796835,None + Linear-SVM,conscious,conscious,False,Image,False,1,7,2,0
74,sub-07,rh-parahippocampal,1.0,0.0,0.0,0.6243454052619334,None + Linear-SVM,conscious,conscious,False,Image,False,1,0,1,0
75,sub-07,rh-parahippocampal,0.8333333333333334,0.47140452079103173,0.8,0.461593515059097,None + Linear-SVM,conscious,conscious,False,Image,False,1,4,2,0
76,sub-07,rh-parahippocampal,0.8571428571428571,0.4879500364742666,0.8333333333333333,0.5215979997392706,None + Linear-SVM,conscious,conscious,False,Image,False,1,5,2,0
77,sub-07,rh-parahippocampal,0.6,0.28867513459481287,0.6666666666666666,0.661462583463306,None + Linear-SVM,conscious,conscious,False,Image,False,1,5,5,0
78,sub-07,rh-parahippocampal,1.0,0.6324555320336759,0.888888888888889,0.5229386834583072,None + Linear-SVM,conscious,conscious,False,Image,False,1,4,1,0
79,sub-07,rh-parahippocampal,0.8,0.4183300132670378,0.8235294117647058,0.521228412460177,None + Linear-SVM,conscious,conscious,False,Image,False,1,7,3,0
80,sub-07,rh-parahippocampal,1.0,0.5,0.6666666666666666,0.5158148378898589,None + Linear-SVM,conscious,conscious,False,Image,False,1,1,1,0
81,sub-07,rh-parahippocampal,0.9166666666666666,0.5270462766947299,0.9090909090909091,0.48912817583541673,None + Linear-SVM,conscious,conscious,False,Image,False,1,10,2,0
82,sub-07,rh-parahippocampal,0.8,0.4472135954999579,0.7499999999999999,0.5375787204179563,None + Linear-SVM,conscious,conscious,False,Image,False,1,3,2,0
83,sub-07,rh-parahippocampal,0.7777777777777778,0.408248290463863,0.8,0.5423443321432394,None + Linear-SVM,conscious,conscious,False,Image,False,1,6,3,0
84,sub-07,rh-parahippocampal,0.8,0.4472135954999579,0.7499999999999999,0.5298829708562701,None + Linear-SVM,conscious,conscious,False,Image,False,1,3,2,0
85,sub-07,rh-parahippocampal,0.33333333333333337,-0.3105295017040594,0.22222222222222224,0.8689796289881321,None + Linear-SVM,conscious,conscious,False,Image,False,3,1,4,3
86,sub-07,rh-parahippocampal,0.8333333333333334,-0.16666666666666666,0.0,1.0057335078616116,None + Linear-SVM,conscious,conscious,False,Image,False,5,0,1,1
87,sub-07,rh-parahippocampal,1.0,0.0,0.0,0.9996879893391613,None + Linear-SVM,conscious,conscious,False,Image,False,6,0,1,0
88,sub-07,rh-parahippocampal,0.41666666666666663,-0.3333333333333333,0.0,0.955807911936004,None + Linear-SVM,conscious,conscious,False,Image,False,4,0,2,2
89,sub-07,rh-parahippocampal,0.4583333333333333,0.0,0.4444444444444445,0.8470162153447639,None + Linear-SVM,conscious,conscious,False,Image,False,3,2,2,3
90,sub-07,rh-parahippocampal,0.6666666666666666,0.3563483225498992,0.5714285714285715,0.8103482898523551,None + Linear-SVM,conscious,conscious,False,Image,False,5,2,2,1
91,sub-07,rh-parahippocampal,0.5,-0.15811388300841897,0.28571428571428575,0.8787885472821579,None + Linear-SVM,conscious,conscious,False,Image,False,3,1,2,3
92,sub-07,rh-parahippocampal,0.5238095238095238,0.09759000729485333,0.5,0.7504995939292195,None + Linear-SVM,conscious,conscious,False,Image,False,4,3,4,2
93,sub-07,rh-parahippocampal,0.31666666666666665,-0.3133397807202561,0.26666666666666666,0.6979618989368302,None + Linear-SVM,conscious,conscious,False,Image,False,3,2,8,3
94,sub-07,rh-parahippocampal,0.16666666666666663,-0.47140452079103173,0.0,1.0373049076934906,None + Linear-SVM,conscious,conscious,False,Image,False,2,0,1,4
95,sub-07,rh-parahippocampal,0.3333333333333333,-0.15811388300841897,0.28571428571428575,0.9011242708415695,None + Linear-SVM,conscious,conscious,False,Image,False,3,1,2,3
96,sub-07,rh-parahippocampal,0.5,-0.2581988897471611,0.0,1.0224791930260682,None + Linear-SVM,conscious,conscious,False,Image,False,4,0,1,2
97,sub-07,rh-parahippocampal,0.5,-0.3333333333333333,0.0,0.9368775742046633,None + Linear-SVM,conscious,conscious,False,Image,False,4,0,2,2
98,sub-07,rh-parahippocampal,0.625,0.16666666666666666,0.5,0.8140130236782805,None + Linear-SVM,conscious,conscious,False,Image,False,4,2,2,2
99,sub-07,rh-parahippocampal,0.625,0.16666666666666666,0.5714285714285715,0.6825000356417944,None + Linear-SVM,conscious,conscious,False,Image,False,4,4,4,2
100,sub-07,rh-parahippocampal,0.48484848484848486,-0.04351941398892446,0.5263157894736842,0.674859896122503,None + Linear-SVM,conscious,conscious,False,Image,False,3,5,6,3
101,sub-07,rh-parahippocampal,0.6666666666666667,-0.2581988897471611,0.0,1.0111584902722683,None + Linear-SVM,conscious,conscious,False,Image,False,4,0,1,2
102,sub-07,rh-parahippocampal,0.7222222222222222,0.0,0.3333333333333333,0.8552963742603945,None + Linear-SVM,conscious,conscious,False,Image,False,4,1,2,2
103,sub-07,rh-parahippocampal,0.41666666666666663,-0.2581988897471611,0.4444444444444445,0.6826528296051625,None + Linear-SVM,conscious,conscious,False,Image,False,2,4,6,4
104,sub-07,rh-parahippocampal,0.4444444444444444,-0.1690308509457033,0.3636363636363636,0.792145794515274,None + Linear-SVM,conscious,conscious,False,Image,False,3,2,4,3
105,sub-07,rh-parahippocampal,0.4444444444444444,0.0,0.5,0.7855534414444624,None + Linear-SVM,conscious,conscious,False,Image,False,3,3,3,3
106,sub-07,rh-parahippocampal,0.7777777777777779,0.5,0.6666666666666666,0.8486633773321205,None + Linear-SVM,conscious,conscious,False,Image,False,5,2,1,1
107,sub-07,rh-parahippocampal,0.625,0.16666666666666666,0.5,0.8131886892802933,None + Linear-SVM,conscious,conscious,False,Image,False,4,2,2,2
108,sub-07,rh-parahippocampal,0.16666666666666663,-0.5773502691896258,0.0,0.9677539128591753,None + Linear-SVM,conscious,conscious,False,Image,False,2,0,2,4
109,sub-07,rh-parahippocampal,0.16666666666666663,-0.5773502691896258,0.0,0.9487605703685942,None + Linear-SVM,conscious,conscious,False,Image,False,2,0,2,4
110,sub-07,rh-parahippocampal,0.4230769230769231,-0.1086310236566852,0.4761904761904762,0.6291508574663169,None + Linear-SVM,conscious,conscious,False,Image,False,3,5,8,3
111,sub-07,rh-parahippocampal,0.5,-0.15811388300841897,0.28571428571428575,0.8803279426571576,None + Linear-SVM,conscious,conscious,False,Image,False,3,1,2,3
112,sub-07,rh-parahippocampal,0.6666666666666667,-0.2581988897471611,0.0,1.017269531895786,None + Linear-SVM,conscious,conscious,False,Image,False,4,0,1,2
113,sub-07,rh-parahippocampal,0.4583333333333333,-0.0890870806374748,0.28571428571428575,0.8537096654923497,None + Linear-SVM,conscious,conscious,False,Image,False,4,1,3,2
114,sub-07,rh-parahippocampal,0.5666666666666667,0.06900655593423542,0.4444444444444445,0.7823488768490587,None + Linear-SVM,conscious,conscious,False,Image,False,4,2,3,2
115,sub-07,rh-parahippocampal,0.6851851851851851,0.21821789023599236,0.6250000000000001,0.6744743235602934,None + Linear-SVM,conscious,conscious,False,Image,False,4,5,4,2
116,sub-07,rh-parahippocampal,0.5,-0.2581988897471611,0.0,1.0289603279670225,None + Linear-SVM,conscious,conscious,False,Image,False,4,0,1,2
117,sub-07,rh-parahippocampal,0.611111111111111,0.1690308509457033,0.5454545454545454,0.7479266096698348,None + Linear-SVM,conscious,conscious,False,Image,False,4,3,3,2
118,sub-07,rh-parahippocampal,0.3333333333333333,-0.21957751641341997,0.3333333333333333,0.7908868636676405,None + Linear-SVM,conscious,conscious,False,Image,False,3,2,5,3
119,sub-07,rh-parahippocampal,0.4,-0.09759000729485331,0.47058823529411764,0.7417225816185068,None + Linear-SVM,conscious,conscious,False,Image,False,3,4,6,3
120,sub-07,rh-parahippocampal,0.3666666666666667,-0.3105295017040594,0.22222222222222224,0.8005004667092738,None + Linear-SVM,conscious,conscious,False,Image,False,3,1,4,3
121,sub-07,rh-parahippocampal,0.3666666666666667,-0.09759000729485331,0.47058823529411764,0.7116246959505057,None + Linear-SVM,conscious,conscious,False,Image,False,3,4,6,3
122,sub-07,rh-parahippocampal,0.7500000000000001,0.3333333333333333,0.5,0.9220955855990873,None + Linear-SVM,conscious,conscious,False,Image,False,5,1,1,1
123,sub-07,rh-parahippocampal,0.4861111111111111,0.08058229640253803,0.5263157894736842,0.6486378186465838,None + Linear-SVM,conscious,conscious,False,Image,False,4,5,7,2
124,sub-07,rh-parahippocampal,0.43333333333333335,0.06900655593423542,0.4444444444444445,0.7986480978758116,None + Linear-SVM,conscious,conscious,False,Image,False,4,2,3,2
125,sub-07,rh-parahippocampal,0.4814814814814815,0.1111111111111111,0.5333333333333333,0.69407359532811,None + Linear-SVM,conscious,conscious,False,Image,False,4,4,5,2
126,sub-07,rh-parahippocampal,0.39999999999999997,-0.26666666666666666,0.3636363636363636,0.8164552163988965,None + Linear-SVM,conscious,conscious,False,Image,False,2,2,3,4
127,sub-07,rh-parahippocampal,0.68,0.408248290463863,0.6666666666666665,0.6709463871695861,None + Linear-SVM,conscious,conscious,False,Image,False,4,3,2,1
128,sub-07,rh-parahippocampal,1.0,0.0,0.0,0.7421417314632546,None + Linear-SVM,conscious,conscious,False,Image,False,5,0,1,0
129,sub-07,rh-parahippocampal,1.0,0.0,0.0,0.721821399605599,None + Linear-SVM,conscious,conscious,False,Image,False,5,0,1,0
130,sub-07,rh-parahippocampal,0.9,0.3,0.5,0.7102176118419008,None + Linear-SVM,conscious,conscious,False,Image,False,4,1,1,1
131,sub-07,rh-parahippocampal,0.85,0.5976143046671968,0.6666666666666666,0.6520421972982378,None + Linear-SVM,conscious,conscious,False,Image,False,5,2,2,0
132,sub-07,rh-parahippocampal,0.9500000000000001,0.7905694150420948,0.8571428571428571,0.62966832938596,None + Linear-SVM,conscious,conscious,False,Image,False,5,3,1,0
133,sub-07,rh-parahippocampal,0.8666666666666667,0.4666666666666667,0.6666666666666666,0.6672882248070382,None + Linear-SVM,conscious,conscious,False,Image,False,4,2,1,1
134,sub-07,rh-parahippocampal,0.8285714285714286,0.50709255283711,0.7692307692307692,0.5825073801251903,None + Linear-SVM,conscious,conscious,False,Image,False,4,5,2,1
135,sub-07,rh-parahippocampal,0.9400000000000001,0.6614378277661477,0.8235294117647058,0.5754247101169027,None + Linear-SVM,conscious,conscious,False,Image,False,5,7,3,0
136,sub-07,rh-parahippocampal,0.6,-0.31622776601683794,0.0,0.7626888396960513,None + Linear-SVM,conscious,conscious,False,Image,False,3,0,1,2
137,sub-07,rh-parahippocampal,0.8666666666666667,0.4666666666666667,0.6666666666666666,0.6742222874473399,None + Linear-SVM,conscious,conscious,False,Image,False,4,2,1,1
138,sub-07,rh-parahippocampal,0.8,-0.2,0.0,0.7379591344770257,None + Linear-SVM,conscious,conscious,False,Image,False,4,0,1,1
139,sub-07,rh-parahippocampal,0.9,0.3,0.5,0.720628450656848,None + Linear-SVM,conscious,conscious,False,Image,False,4,1,1,1
140,sub-07,rh-parahippocampal,0.9500000000000001,0.7905694150420948,0.8571428571428571,0.6380312035977604,None + Linear-SVM,conscious,conscious,False,Image,False,5,3,1,0
141,sub-07,rh-parahippocampal,0.9750000000000001,0.8539125638299666,0.9333333333333333,0.5604129645380967,None + Linear-SVM,conscious,conscious,False,Image,False,5,7,1,0
142,sub-07,rh-parahippocampal,0.9272727272727272,0.674199862463242,0.8421052631578948,0.5442038814977082,None + Linear-SVM,conscious,conscious,False,Image,False,5,8,3,0
143,sub-07,rh-parahippocampal,1.0,0.0,0.0,0.7417687097064115,None + Linear-SVM,conscious,conscious,False,Image,False,5,0,1,0
144,sub-07,rh-parahippocampal,0.9333333333333333,0.7453559924999299,0.8,0.6558260850878253,None + Linear-SVM,conscious,conscious,False,Image,False,5,2,1,0
145,sub-07,rh-parahippocampal,0.8200000000000001,0.472455591261534,0.7777777777777777,0.5847476661635522,None + Linear-SVM,conscious,conscious,False,Image,False,4,7,3,1
146,sub-07,rh-parahippocampal,0.8333333333333333,0.4666666666666667,0.7272727272727272,0.6229481245128381,None + Linear-SVM,conscious,conscious,False,Image,False,4,4,2,1
147,sub-07,rh-parahippocampal,0.7666666666666667,0.4666666666666667,0.7272727272727272,0.6132266902210716,None + Linear-SVM,conscious,conscious,False,Image,False,4,4,2,1
148,sub-07,rh-parahippocampal,1.0,0.7453559924999299,0.8,0.660422770527519,None + Linear-SVM,conscious,conscious,False,Image,False,5,2,1,0
149,sub-07,rh-parahippocampal,0.9500000000000001,0.7905694150420948,0.8571428571428571,0.6487137121975948,None + Linear-SVM,conscious,conscious,False,Image,False,5,3,1,0
150,sub-07,rh-parahippocampal,0.9,0.3,0.5,0.6957630219878675,None + Linear-SVM,conscious,conscious,False,Image,False,4,1,1,1
151,sub-07,rh-parahippocampal,0.8,0.3,0.5,0.72097271633336,None + Linear-SVM,conscious,conscious,False,Image,False,4,1,1,1
152,sub-07,rh-parahippocampal,0.9230769230769231,0.5547001962252291,0.761904761904762,0.5492413466505748,None + Linear-SVM,conscious,conscious,False,Image,False,5,8,5,0
153,sub-07,rh-parahippocampal,0.8666666666666667,0.4666666666666667,0.6666666666666666,0.6774463009585024,None + Linear-SVM,conscious,conscious,False,Image,False,4,2,1,1
154,sub-07,rh-parahippocampal,1.0,0.0,0.0,0.7414867589436783,None + Linear-SVM,conscious,conscious,False,Image,False,5,0,1,0
155,sub-07,rh-parahippocampal,0.85,0.31622776601683794,0.5714285714285715,0.6493441050152626,None + Linear-SVM,conscious,conscious,False,Image,False,4,2,2,1
156,sub-07,rh-parahippocampal,0.9600000000000001,0.816496580927726,0.888888888888889,0.6175930797542791,None + Linear-SVM,conscious,conscious,False,Image,False,5,4,1,0
157,sub-07,rh-parahippocampal,0.8222222222222223,0.5594309277855158,0.823529411764706,0.5543981637935451,None + Linear-SVM,conscious,conscious,False,Image,False,4,7,2,1
158,sub-07,rh-parahippocampal,0.8,-0.2,0.0,0.7472711619627397,None + Linear-SVM,conscious,conscious,False,Image,False,4,0,1,1
159,sub-07,rh-parahippocampal,0.9,0.4666666666666667,0.7272727272727272,0.5838092335995495,None + Linear-SVM,conscious,conscious,False,Image,False,4,4,2,1
160,sub-07,rh-parahippocampal,0.7714285714285714,0.50709255283711,0.7692307692307692,0.601437892802911,None + Linear-SVM,conscious,conscious,False,Image,False,4,5,2,1
161,sub-07,rh-parahippocampal,0.74,0.472455591261534,0.7777777777777777,0.6301302901251218,None + Linear-SVM,conscious,conscious,False,Image,False,4,7,3,1
162,sub-07,rh-parahippocampal,0.8400000000000001,0.6,0.8000000000000002,0.6374932183256548,None + Linear-SVM,conscious,conscious,False,Image,False,4,4,1,1
163,sub-07,rh-parahippocampal,0.84,0.472455591261534,0.7777777777777777,0.5751010402412755,None + Linear-SVM,conscious,conscious,False,Image,False,4,7,3,1
164,sub-07,rh-parahippocampal,1.0,0.6454972243679028,0.6666666666666666,0.6965404640030904,None + Linear-SVM,conscious,conscious,False,Image,False,5,1,1,0
165,sub-07,rh-parahippocampal,0.85,0.42600643361512924,0.761904761904762,0.5720023113689475,None + Linear-SVM,conscious,conscious,False,Image,False,4,8,4,1
166,sub-07,rh-parahippocampal,0.8400000000000001,0.408248290463863,0.6666666666666665,0.6392099627221345,None + Linear-SVM,conscious,conscious,False,Image,False,4,3,2,1
167,sub-07,rh-parahippocampal,0.7777777777777778,0.4472135954999579,0.75,0.6106873192609078,None + Linear-SVM,conscious,conscious,False,Image,False,4,6,3,1
168,sub-07,rh-parahippocampal,0.8400000000000001,0.408248290463863,0.6666666666666665,0.6447186793841647,None + Linear-SVM,conscious,conscious,False,Image,False,4,3,2,1
169,sub-07,rh-parahippocampal,0.52,0.0,0.3636363636363636,0.814306466462915,None + Linear-SVM,conscious,conscious,False,Image,False,6,2,3,4
170,sub-07,rh-parahippocampal,1.0,0.0,0.0,0.9274145539304149,None + Linear-SVM,conscious,conscious,False,Image,False,10,0,1,0
171,sub-07,rh-parahippocampal,1.0,0.0,0.0,0.920991147996165,None + Linear-SVM,conscious,conscious,False,Image,False,10,0,1,0
172,sub-07,rh-parahippocampal,0.8,0.15811388300841897,0.3333333333333333,0.8837431214213695,None + Linear-SVM,conscious,conscious,False,Image,False,7,1,1,3
173,sub-07,rh-parahippocampal,0.6499999999999999,0.18856180831641267,0.4444444444444445,0.8343516438848534,None + Linear-SVM,conscious,conscious,False,Image,False,7,2,2,3
174,sub-07,rh-parahippocampal,0.9,0.41079191812887456,0.6,0.8053991068481716,None + Linear-SVM,conscious,conscious,False,Image,False,7,3,1,3
175,sub-07,rh-parahippocampal,0.7,0.13333333333333333,0.3333333333333333,0.8467487401787879,None + Linear-SVM,conscious,conscious,False,Image,False,8,1,2,2
176,sub-07,rh-parahippocampal,0.7285714285714285,0.2714285714285714,0.5714285714285714,0.7441397720035331,None + Linear-SVM,conscious,conscious,False,Image,False,7,4,3,3
177,sub-07,rh-parahippocampal,0.78,0.4,0.7,0.6986861903195841,None + Linear-SVM,conscious,conscious,False,Image,False,7,7,3,3
178,sub-07,rh-parahippocampal,0.30000000000000004,-0.3464101615137754,0.0,0.9449718432498071,None + Linear-SVM,conscious,conscious,False,Image,False,4,0,1,6
179,sub-07,rh-parahippocampal,0.7333333333333333,0.03042903097250923,0.28571428571428575,0.8491048618164428,None + Linear-SVM,conscious,conscious,False,Image,False,7,1,2,3
180,sub-07,rh-parahippocampal,0.6,-0.23904572186687872,0.0,0.9342632086002749,None + Linear-SVM,conscious,conscious,False,Image,False,6,0,1,4
181,sub-07,rh-parahippocampal,0.9,0.25819888974716115,0.4,0.8862289537326355,None + Linear-SVM,conscious,conscious,False,Image,False,8,1,1,2
182,sub-07,rh-parahippocampal,0.8,0.18856180831641267,0.4444444444444445,0.8227778244127012,None + Linear-SVM,conscious,conscious,False,Image,False,7,2,2,3
183,sub-07,rh-parahippocampal,0.8500000000000001,0.55,0.75,0.7099918441993662,None + Linear-SVM,conscious,conscious,False,Image,False,8,6,2,2
184,sub-07,rh-parahippocampal,0.7181818181818183,0.33636363636363636,0.6666666666666666,0.6816167865124703,None + Linear-SVM,conscious,conscious,False,Image,False,7,7,4,3
185,sub-07,rh-parahippocampal,1.0,0.0,0.0,0.9284268223801281,None + Linear-SVM,conscious,conscious,False,Image,False,10,0,1,0
186,sub-07,rh-parahippocampal,0.8666666666666667,0.31754264805429416,0.5,0.8416764379168286,None + Linear-SVM,conscious,conscious,False,Image,False,7,2,1,3
187,sub-07,rh-parahippocampal,0.6799999999999999,0.30151134457776363,0.631578947368421,0.6993144403246122,None + Linear-SVM,conscious,conscious,False,Image,False,7,6,4,3
188,sub-07,rh-parahippocampal,0.65,0.2581988897471611,0.5714285714285715,0.7689967749051482,None + Linear-SVM,conscious,conscious,False,Image,False,6,4,2,4
189,sub-07,rh-parahippocampal,0.6333333333333333,0.2,0.5,0.7931733419386011,None + Linear-SVM,conscious,conscious,False,Image,False,7,3,3,3
190,sub-07,rh-parahippocampal,0.8999999999999999,0.42600643361512924,0.5714285714285715,0.8455932502033581,None + Linear-SVM,conscious,conscious,False,Image,False,8,2,1,2
191,sub-07,rh-parahippocampal,0.875,0.3,0.5,0.8125464426335162,None + Linear-SVM,conscious,conscious,False,Image,False,8,2,2,2
192,sub-07,rh-parahippocampal,0.75,0.25819888974716115,0.4,0.8824723876194321,None + Linear-SVM,conscious,conscious,False,Image,False,8,1,1,2
193,sub-07,rh-parahippocampal,0.35,-0.37796447300922725,0.0,0.9134906133088919,None + Linear-SVM,conscious,conscious,False,Image,False,5,0,2,5
194,sub-07,rh-parahippocampal,0.8307692307692307,0.4153846153846154,0.6956521739130435,0.6530651912368703,None + Linear-SVM,conscious,conscious,False,Image,False,8,8,5,2
195,sub-07,rh-parahippocampal,0.8333333333333333,0.2253744679276044,0.4444444444444444,0.8432358410441517,None + Linear-SVM,conscious,conscious,False,Image,False,6,2,1,4
196,sub-07,rh-parahippocampal,1.0,0.0,0.0,0.9287447776759684,None + Linear-SVM,conscious,conscious,False,Image,False,10,0,1,0
197,sub-07,rh-parahippocampal,0.7000000000000001,0.18856180831641267,0.4444444444444445,0.8183791741177843,None + Linear-SVM,conscious,conscious,False,Image,False,7,2,2,3
198,sub-07,rh-parahippocampal,0.86,0.4,0.6,0.7824972451171984,None + Linear-SVM,conscious,conscious,False,Image,False,8,3,2,2
199,sub-07,rh-parahippocampal,0.8222222222222221,0.47193990372426947,0.7058823529411765,0.7000881997640037,None + Linear-SVM,conscious,conscious,False,Image,False,8,6,3,2
200,sub-07,rh-parahippocampal,0.7,-0.19364916731037085,0.0,0.9343147566536921,None + Linear-SVM,conscious,conscious,False,Image,False,7,0,1,3
201,sub-07,rh-parahippocampal,0.7166666666666667,0.2,0.5,0.7557816647884483,None + Linear-SVM,conscious,conscious,False,Image,False,7,3,3,3
202,sub-07,rh-parahippocampal,0.6285714285714286,0.1690308509457033,0.5333333333333333,0.7469212511337342,None + Linear-SVM,conscious,conscious,False,Image,False,6,4,3,4
203,sub-07,rh-parahippocampal,0.47000000000000003,0.0,0.4444444444444445,0.7565212613389827,None + Linear-SVM,conscious,conscious,False,Image,False,6,4,6,4
204,sub-07,rh-parahippocampal,0.68,0.1,0.4000000000000001,0.7921080345344059,None + Linear-SVM,conscious,conscious,False,Image,False,7,2,3,3
205,sub-07,rh-parahippocampal,0.61,0.30151134457776363,0.631578947368421,0.7031535396450741,None + Linear-SVM,conscious,conscious,False,Image,False,7,6,4,3
206,sub-07,rh-parahippocampal,1.0,0.674199862463242,0.6666666666666666,0.883324712038383,None + Linear-SVM,conscious,conscious,False,Image,False,10,1,1,0
207,sub-07,rh-parahippocampal,0.625,0.2833333333333333,0.6363636363636365,0.6901675978261625,None + Linear-SVM,conscious,conscious,False,Image,False,7,7,5,3
208,sub-07,rh-parahippocampal,0.64,0.1,0.4000000000000001,0.7990629828547622,None + Linear-SVM,conscious,conscious,False,Image,False,7,2,3,3
209,sub-07,rh-parahippocampal,0.6444444444444444,0.15555555555555556,0.5555555555555556,0.7216729225789882,None + Linear-SVM,conscious,conscious,False,Image,False,6,5,4,4
210,sub-07,rh-parahippocampal,0.66,0.28867513459481287,0.5454545454545454,0.8003540635714107,None + Linear-SVM,conscious,conscious,False,Image,False,7,3,2,3
211,sub-07,rh-parahippocampal,0.33333333333333337,-0.14907119849998599,0.28571428571428575,0.7338477562330091,None + Linear-SVM,conscious,conscious,False,Image,False,2,1,4,1
212,sub-07,rh-parahippocampal,0.6666666666666667,-0.3333333333333333,0.0,0.9079388615141499,None + Linear-SVM,conscious,conscious,False,Image,False,2,0,1,1
213,sub-07,rh-parahippocampal,1.0,0.0,0.0,0.8820370208996573,None + Linear-SVM,conscious,conscious,False,Image,False,3,0,1,0
214,sub-07,rh-parahippocampal,0.5,0.16666666666666666,0.5,0.8126398901010774,None + Linear-SVM,conscious,conscious,False,Image,False,2,1,1,1
215,sub-07,rh-parahippocampal,0.41666666666666663,0.16666666666666666,0.5714285714285715,0.7073904143009203,None + Linear-SVM,conscious,conscious,False,Image,False,2,2,2,1
216,sub-07,rh-parahippocampal,0.6666666666666667,0.16666666666666666,0.5714285714285715,0.6661511589962678,None + Linear-SVM,conscious,conscious,False,Image,False,2,2,2,1
217,sub-07,rh-parahippocampal,0.4444444444444445,0.0,0.4,0.7682543738418611,None + Linear-SVM,conscious,conscious,False,Image,False,2,1,2,1
218,sub-07,rh-parahippocampal,0.5238095238095238,0.0890870806374748,0.5454545454545454,0.6253974434733462,None + Linear-SVM,conscious,conscious,False,Image,False,2,3,4,1
219,sub-07,rh-parahippocampal,0.3666666666666667,-0.27247463045653303,0.16666666666666669,0.5920775265599096,None + Linear-SVM,conscious,conscious,False,Image,False,2,1,9,1
220,sub-07,rh-parahippocampal,0.33333333333333337,-0.3333333333333333,0.0,0.9619079119274605,None + Linear-SVM,conscious,conscious,False,Image,False,2,0,1,1
221,sub-07,rh-parahippocampal,0.4444444444444445,0.0,0.4,0.772688712194176,None + Linear-SVM,conscious,conscious,False,Image,False,2,1,2,1
222,sub-07,rh-parahippocampal,0.33333333333333337,-0.3333333333333333,0.0,0.9442640374632232,None + Linear-SVM,conscious,conscious,False,Image,False,2,0,1,1
223,sub-07,rh-parahippocampal,0.33333333333333337,-0.4082482904638631,0.0,0.8297374144649708,None + Linear-SVM,conscious,conscious,False,Image,False,2,0,2,1
224,sub-07,rh-parahippocampal,0.5,-0.09128709291752768,0.3333333333333333,0.6849282809170878,None + Linear-SVM,conscious,conscious,False,Image,False,2,1,3,1
225,sub-07,rh-parahippocampal,0.5833333333333334,0.14907119849998599,0.6153846153846154,0.5726805034315847,None + Linear-SVM,conscious,conscious,False,Image,False,2,4,4,1
226,sub-07,rh-parahippocampal,0.5151515151515151,0.025949964805384102,0.5000000000000001,0.571126622463386,None + Linear-SVM,conscious,conscious,False,Image,False,2,4,7,1
227,sub-07,rh-parahippocampal,0.6666666666666667,-0.3333333333333333,0.0,0.9193322438335879,None + Linear-SVM,conscious,conscious,False,Image,False,2,0,1,1
228,sub-07,rh-parahippocampal,0.5555555555555556,0.0,0.4,0.7555958348597276,None + Linear-SVM,conscious,conscious,False,Image,False,2,1,2,1
229,sub-07,rh-parahippocampal,0.4666666666666667,-0.03042903097250923,0.4285714285714285,0.6087455510552384,None + Linear-SVM,conscious,conscious,False,Image,False,2,3,7,1
230,sub-07,rh-parahippocampal,0.4444444444444445,0.0,0.4444444444444444,0.656003324775122,None + Linear-SVM,conscious,conscious,False,Image,False,2,2,4,1
231,sub-07,rh-parahippocampal,0.44444444444444453,0.0,0.4444444444444444,0.6800472435920145,None + Linear-SVM,conscious,conscious,False,Image,False,2,2,4,1
232,sub-07,rh-parahippocampal,0.5555555555555556,0.0,0.4,0.7190505473857639,None + Linear-SVM,conscious,conscious,False,Image,False,2,1,2,1
233,sub-07,rh-parahippocampal,0.5,0.16666666666666666,0.5714285714285715,0.6841041328145172,None + Linear-SVM,conscious,conscious,False,Image,False,2,2,2,1
234,sub-07,rh-parahippocampal,0.33333333333333337,-0.4082482904638631,0.0,0.8335610213701485,None + Linear-SVM,conscious,conscious,False,Image,False,2,0,2,1
235,sub-07,rh-parahippocampal,0.33333333333333337,-0.4082482904638631,0.0,0.849653838429154,None + Linear-SVM,conscious,conscious,False,Image,False,2,0,2,1
236,sub-07,rh-parahippocampal,0.46153846153846156,-0.021591675854376522,0.4444444444444444,0.5524126074838941,None + Linear-SVM,conscious,conscious,False,Image,False,2,4,9,1
237,sub-07,rh-parahippocampal,0.4444444444444445,0.0,0.4,0.7537116799566604,None + Linear-SVM,conscious,conscious,False,Image,False,2,1,2,1
238,sub-07,rh-parahippocampal,0.6666666666666667,-0.3333333333333333,0.0,0.9185020145237156,None + Linear-SVM,conscious,conscious,False,Image,False,2,0,1,1
239,sub-07,rh-parahippocampal,0.5,0.16666666666666666,0.5714285714285715,0.7084635510830244,None + Linear-SVM,conscious,conscious,False,Image,False,2,2,2,1
240,sub-07,rh-parahippocampal,0.4,-0.14907119849998599,0.28571428571428575,0.6483458419660018,None + Linear-SVM,conscious,conscious,False,Image,False,2,1,4,1
241,sub-07,rh-parahippocampal,0.5555555555555556,0.09759000729485331,0.5714285714285714,0.5734404772412838,None + Linear-SVM,conscious,conscious,False,Image,False,2,4,5,1
242,sub-07,rh-parahippocampal,0.33333333333333337,-0.3333333333333333,0.0,0.9301890164348097,None + Linear-SVM,conscious,conscious,False,Image,False,2,0,1,1
243,sub-07,rh-parahippocampal,0.6111111111111112,0.15811388300841897,0.6,0.6353595599287638,None + Linear-SVM,conscious,conscious,False,Image,False,2,3,3,1
244,sub-07,rh-parahippocampal,0.4285714285714286,-0.047619047619047616,0.4,0.6607020173885712,None + Linear-SVM,conscious,conscious,False,Image,False,2,2,5,1
245,sub-07,rh-parahippocampal,0.2666666666666667,-0.5270462766947299,0.0,0.764042560562531,None + Linear-SVM,conscious,conscious,False,Image,False,2,0,10,1
246,sub-07,rh-parahippocampal,0.4,-0.14907119849998599,0.28571428571428575,0.6799196124084698,None + Linear-SVM,conscious,conscious,False,Image,False,2,1,4,1
247,sub-07,rh-parahippocampal,0.4,-0.03042903097250923,0.4285714285714285,0.6189104428274614,None + Linear-SVM,conscious,conscious,False,Image,False,2,3,7,1
248,sub-07,rh-parahippocampal,0.6666666666666667,0.16666666666666666,0.5,0.7979020982523028,None + Linear-SVM,conscious,conscious,False,Image,False,2,1,1,1
249,sub-07,rh-parahippocampal,0.4166666666666667,0.0,0.47058823529411764,0.5706638499615979,None + Linear-SVM,conscious,conscious,False,Image,False,2,4,8,1
250,sub-07,rh-parahippocampal,0.4,-0.14907119849998599,0.28571428571428575,0.6964487689650358,None + Linear-SVM,conscious,conscious,False,Image,False,2,1,4,1
251,sub-07,rh-parahippocampal,0.4444444444444445,0.0,0.46153846153846156,0.6442016315226579,None + Linear-SVM,conscious,conscious,False,Image,False,2,3,6,1
252,sub-07,rh-parahippocampal,0.4,-0.14907119849998599,0.28571428571428575,0.6877125179970938,None + Linear-SVM,conscious,conscious,False,Image,False,2,1,4,1
253,sub-07,rh-parahippocampal,0.4666666666666667,0.06666666666666667,0.5,0.7018665636347561,None + Linear-SVM,conscious,conscious,False,Image,False,2,2,3,1
254,sub-07,rh-parahippocampal,0.6666666666666667,-0.3333333333333333,0.0,0.8373060990018815,None + Linear-SVM,conscious,conscious,False,Image,False,2,0,1,1
255,sub-07,rh-parahippocampal,1.0,0.0,0.0,0.79917753605184,None + Linear-SVM,conscious,conscious,False,Image,False,3,0,1,0
256,sub-07,rh-parahippocampal,0.6666666666666667,0.16666666666666666,0.5,0.7498113704717626,None + Linear-SVM,conscious,conscious,False,Image,False,2,1,1,1
257,sub-07,rh-parahippocampal,0.5833333333333334,0.16666666666666666,0.5714285714285715,0.6843216580437411,None + Linear-SVM,conscious,conscious,False,Image,False,2,2,2,1
258,sub-07,rh-parahippocampal,0.8333333333333334,0.5477225575051661,0.6666666666666666,0.6416589077179491,None + Linear-SVM,conscious,conscious,False,Image,False,3,2,2,0
259,sub-07,rh-parahippocampal,0.6666666666666667,0.0,0.4,0.695732722284791,None + Linear-SVM,conscious,conscious,False,Image,False,2,1,2,1
260,sub-07,rh-parahippocampal,0.5714285714285714,0.0890870806374748,0.5454545454545454,0.595821802781087,None + Linear-SVM,conscious,conscious,False,Image,False,2,3,4,1
261,sub-07,rh-parahippocampal,0.4666666666666667,0.05773502691896257,0.5333333333333333,0.576120006447004,None + Linear-SVM,conscious,conscious,False,Image,False,2,4,6,1
262,sub-07,rh-parahippocampal,0.33333333333333337,-0.3333333333333333,0.0,0.8930630111040234,None + Linear-SVM,conscious,conscious,False,Image,False,2,0,1,1
263,sub-07,rh-parahippocampal,0.4444444444444445,0.0,0.4,0.7192515643745349,None + Linear-SVM,conscious,conscious,False,Image,False,2,1,2,1
264,sub-07,rh-parahippocampal,0.6666666666666667,-0.3333333333333333,0.0,0.8416418984005464,None + Linear-SVM,conscious,conscious,False,Image,False,2,0,1,1
265,sub-07,rh-parahippocampal,0.5,0.16666666666666666,0.5,0.771607221478189,None + Linear-SVM,conscious,conscious,False,Image,False,2,1,1,1
266,sub-07,rh-parahippocampal,0.6666666666666667,0.16666666666666666,0.5714285714285715,0.658839088415618,None + Linear-SVM,conscious,conscious,False,Image,False,2,2,2,1
267,sub-07,rh-parahippocampal,0.7916666666666666,0.4629100498862757,0.6666666666666666,0.5425547428374474,None + Linear-SVM,conscious,conscious,False,Image,False,3,4,4,0
268,sub-07,rh-parahippocampal,0.6060606060606061,0.10050378152592121,0.5882352941176471,0.5474772625579694,None + Linear-SVM,conscious,conscious,False,Image,False,2,5,6,1
269,sub-07,rh-parahippocampal,0.6666666666666667,-0.3333333333333333,0.0,0.8544924918671952,None + Linear-SVM,conscious,conscious,False,Image,False,2,0,1,1
270,sub-07,rh-parahippocampal,0.6666666666666667,0.0,0.4,0.6730266019001455,None + Linear-SVM,conscious,conscious,False,Image,False,2,1,2,1
271,sub-07,rh-parahippocampal,0.5,0.05773502691896257,0.5333333333333333,0.5762274402902514,None + Linear-SVM,conscious,conscious,False,Image,False,2,4,6,1
272,sub-07,rh-parahippocampal,0.6111111111111112,0.15811388300841897,0.6,0.6215981416012131,None + Linear-SVM,conscious,conscious,False,Image,False,2,3,3,1
273,sub-07,rh-parahippocampal,0.5555555555555556,0.15811388300841897,0.6,0.6451412001753096,None + Linear-SVM,conscious,conscious,False,Image,False,2,3,3,1
274,sub-07,rh-parahippocampal,0.888888888888889,0.7071067811865476,0.8,0.6778972509785562,None + Linear-SVM,conscious,conscious,False,Image,False,3,2,1,0
275,sub-07,rh-parahippocampal,0.6666666666666667,0.16666666666666666,0.5714285714285715,0.6596873134643287,None + Linear-SVM,conscious,conscious,False,Image,False,2,2,2,1
276,sub-07,rh-parahippocampal,0.6666666666666667,0.16666666666666666,0.5,0.7660653926330487,None + Linear-SVM,conscious,conscious,False,Image,False,2,1,1,1
277,sub-07,rh-parahippocampal,0.5,0.16666666666666666,0.5,0.7772478074156144,None + Linear-SVM,conscious,conscious,False,Image,False,2,1,1,1
278,sub-07,rh-parahippocampal,0.6153846153846154,0.10087125544480041,0.6,0.5366473614090365,None + Linear-SVM,conscious,conscious,False,Image,False,2,6,7,1
279,sub-07,rh-parahippocampal,0.6666666666666667,0.0,0.4,0.7152611630967582,None + Linear-SVM,conscious,conscious,False,Image,False,2,1,2,1
280,sub-07,rh-parahippocampal,0.6666666666666667,-0.3333333333333333,0.0,0.8360919290983599,None + Linear-SVM,conscious,conscious,False,Image,False,2,0,1,1
281,sub-07,rh-parahippocampal,0.75,0.16666666666666666,0.5714285714285715,0.6541866148238504,None + Linear-SVM,conscious,conscious,False,Image,False,2,2,2,1
282,sub-07,rh-parahippocampal,0.6000000000000001,0.06666666666666667,0.5,0.6299082370606899,None + Linear-SVM,conscious,conscious,False,Image,False,2,2,3,1
283,sub-07,rh-parahippocampal,0.7777777777777779,0.4879500364742666,0.7142857142857143,0.5429421045620331,None + Linear-SVM,conscious,conscious,False,Image,False,3,5,4,0
284,sub-07,rh-parahippocampal,0.6666666666666667,-0.3333333333333333,0.0,0.850233917515695,None + Linear-SVM,conscious,conscious,False,Image,False,2,0,1,1
285,sub-07,rh-parahippocampal,0.6666666666666666,0.15811388300841897,0.6,0.5835731211791413,None + Linear-SVM,conscious,conscious,False,Image,False,2,3,3,1
286,sub-07,rh-parahippocampal,0.5714285714285714,0.0890870806374748,0.5454545454545454,0.6175777190283014,None + Linear-SVM,conscious,conscious,False,Image,False,2,3,4,1
287,sub-07,rh-parahippocampal,0.5,0.14085904245475275,0.625,0.6967910836675208,None + Linear-SVM,conscious,conscious,False,Image,False,2,5,5,1
288,sub-07,rh-parahippocampal,0.5333333333333334,0.06666666666666667,0.5,0.6474783399459811,None + Linear-SVM,conscious,conscious,False,Image,False,2,2,3,1
289,sub-07,rh-parahippocampal,0.5333333333333333,0.14085904245475275,0.625,0.587857673872725,None + Linear-SVM,conscious,conscious,False,Image,False,2,5,5,1
290,sub-07,rh-parahippocampal,0.8333333333333334,0.6123724356957946,0.6666666666666666,0.739979779877431,None + Linear-SVM,conscious,conscious,False,Image,False,3,1,1,0
291,sub-07,rh-parahippocampal,0.5555555555555556,0.1336306209562122,0.631578947368421,0.5574264754402664,None + Linear-SVM,conscious,conscious,False,Image,False,2,6,6,1
292,sub-07,rh-parahippocampal,0.5333333333333333,0.06666666666666667,0.5,0.6658441995730435,None + Linear-SVM,conscious,conscious,False,Image,False,2,2,3,1
293,sub-07,rh-parahippocampal,0.4814814814814815,0.0,0.46153846153846156,0.622490675695707,None + Linear-SVM,conscious,conscious,False,Image,False,2,3,6,1
294,sub-07,rh-parahippocampal,0.6666666666666667,0.2581988897471611,0.6666666666666665,0.6464882945147779,None + Linear-SVM,conscious,conscious,False,Image,False,2,3,2,1
295,sub-07,rh-parahippocampal,0.4,0.0,0.4444444444444445,0.7372555599315831,None + Linear-SVM,conscious,conscious,False,Image,False,3,2,3,2
296,sub-07,rh-parahippocampal,0.8,-0.2,0.0,0.8800421239583219,None + Linear-SVM,conscious,conscious,False,Image,False,4,0,1,1
297,sub-07,rh-parahippocampal,1.0,0.0,0.0,0.8666994351582255,None + Linear-SVM,conscious,conscious,False,Image,False,5,0,1,0
298,sub-07,rh-parahippocampal,0.7,0.09128709291752768,0.4,0.8181504947406645,None + Linear-SVM,conscious,conscious,False,Image,False,3,1,1,2
299,sub-07,rh-parahippocampal,0.7000000000000001,0.31622776601683794,0.5714285714285715,0.7234726974410228,None + Linear-SVM,conscious,conscious,False,Image,False,4,2,2,1
300,sub-07,rh-parahippocampal,0.8,0.31622776601683794,0.5714285714285715,0.7206085674625243,None + Linear-SVM,conscious,conscious,False,Image,False,4,2,2,1
301,sub-07,rh-parahippocampal,0.6,-0.06666666666666667,0.3333333333333333,0.7756324847562593,None + Linear-SVM,conscious,conscious,False,Image,False,3,1,2,2
302,sub-07,rh-parahippocampal,0.6571428571428571,0.1690308509457033,0.6153846153846153,0.646129205753816,None + Linear-SVM,conscious,conscious,False,Image,False,3,4,3,2
303,sub-07,rh-parahippocampal,0.56,0.09449111825230681,0.588235294117647,0.6209553652732508,None + Linear-SVM,conscious,conscious,False,Image,False,3,5,5,2
304,sub-07,rh-parahippocampal,0.4,-0.31622776601683794,0.0,0.9176508690662647,None + Linear-SVM,conscious,conscious,False,Image,False,3,0,1,2
305,sub-07,rh-parahippocampal,0.5333333333333333,-0.06666666666666667,0.3333333333333333,0.7841867126174542,None + Linear-SVM,conscious,conscious,False,Image,False,3,1,2,2
306,sub-07,rh-parahippocampal,0.4,-0.31622776601683794,0.0,0.8890132810392987,None + Linear-SVM,conscious,conscious,False,Image,False,3,0,1,2
307,sub-07,rh-parahippocampal,0.6,0.09128709291752768,0.4,0.8209816171491365,None + Linear-SVM,conscious,conscious,False,Image,False,3,1,1,2
308,sub-07,rh-parahippocampal,0.65,0.1,0.5,0.7258132983029625,None + Linear-SVM,conscious,conscious,False,Image,False,3,2,2,2
309,sub-07,rh-parahippocampal,0.7,0.3,0.6153846153846154,0.6278544074297786,None + Linear-SVM,conscious,conscious,False,Image,False,4,4,4,1
310,sub-07,rh-parahippocampal,0.6909090909090909,0.22084711628963774,0.7000000000000001,0.5874560328876597,None + Linear-SVM,conscious,conscious,False,Image,False,3,7,4,2
311,sub-07,rh-parahippocampal,0.8,-0.2,0.0,0.8864238088709606,None + Linear-SVM,conscious,conscious,False,Image,False,4,0,1,1
312,sub-07,rh-parahippocampal,0.7333333333333333,0.14907119849998599,0.4,0.7615548590658314,None + Linear-SVM,conscious,conscious,False,Image,False,4,1,2,1
313,sub-07,rh-parahippocampal,0.58,0.0,0.5,0.6231497333970211,None + Linear-SVM,conscious,conscious,False,Image,False,3,4,6,2
314,sub-07,rh-parahippocampal,0.6,-0.06900655593423542,0.4,0.6748752705938426,None + Linear-SVM,conscious,conscious,False,Image,False,3,2,4,2
315,sub-07,rh-parahippocampal,0.5333333333333333,-0.06900655593423542,0.4,0.6880901625495826,None + Linear-SVM,conscious,conscious,False,Image,False,3,2,4,2
316,sub-07,rh-parahippocampal,0.8666666666666667,0.4666666666666667,0.6666666666666666,0.7512599972486698,None + Linear-SVM,conscious,conscious,False,Image,False,4,2,1,1
317,sub-07,rh-parahippocampal,0.65,0.1,0.5,0.7234082292536781,None + Linear-SVM,conscious,conscious,False,Image,False,3,2,2,2
318,sub-07,rh-parahippocampal,0.4,-0.4,0.0,0.8448675669632232,None + Linear-SVM,conscious,conscious,False,Image,False,3,0,2,2
319,sub-07,rh-parahippocampal,0.4,-0.4,0.0,0.8306652843802612,None + Linear-SVM,conscious,conscious,False,Image,False,3,0,2,2
320,sub-07,rh-parahippocampal,0.676923076923077,0.24029618753167464,0.6,0.5791529705780404,None + Linear-SVM,conscious,conscious,False,Image,False,4,6,7,1
321,sub-07,rh-parahippocampal,0.6,-0.06666666666666667,0.3333333333333333,0.7840759634161203,None + Linear-SVM,conscious,conscious,False,Image,False,3,1,2,2
322,sub-07,rh-parahippocampal,0.6,-0.31622776601683794,0.0,0.8917231171861073,None + Linear-SVM,conscious,conscious,False,Image,False,3,0,1,2
323,sub-07,rh-parahippocampal,0.8,0.31622776601683794,0.5714285714285715,0.7143574788536151,None + Linear-SVM,conscious,conscious,False,Image,False,4,2,2,1
324,sub-07,rh-parahippocampal,0.7200000000000001,0.408248290463863,0.6666666666666665,0.6883596647578833,None + Linear-SVM,conscious,conscious,False,Image,False,4,3,2,1
325,sub-07,rh-parahippocampal,0.6888888888888889,0.34426518632954817,0.6666666666666667,0.6115929277143808,None + Linear-SVM,conscious,conscious,False,Image,False,4,5,4,1
326,sub-07,rh-parahippocampal,0.8,-0.2,0.0,0.8831199511935536,None + Linear-SVM,conscious,conscious,False,Image,False,4,0,1,1
327,sub-07,rh-parahippocampal,0.6666666666666667,0.1,0.5454545454545454,0.6584962129572192,None + Linear-SVM,conscious,conscious,False,Image,False,3,3,3,2
328,sub-07,rh-parahippocampal,0.4857142857142857,0.02857142857142857,0.5,0.6867278656566577,None + Linear-SVM,conscious,conscious,False,Image,False,3,3,4,2
329,sub-07,rh-parahippocampal,0.4,0.0,0.5,0.7469119985826602,None + Linear-SVM,conscious,conscious,False,Image,False,3,4,6,2
330,sub-07,rh-parahippocampal,0.52,0.0,0.4444444444444445,0.7067939654875838,None + Linear-SVM,conscious,conscious,False,Image,False,3,2,3,2
331,sub-07,rh-parahippocampal,0.62,0.09449111825230681,0.588235294117647,0.6202929776131696,None + Linear-SVM,conscious,conscious,False,Image,False,3,5,5,2
332,sub-07,rh-parahippocampal,0.9,0.3,0.5,0.8034174456468087,None + Linear-SVM,conscious,conscious,False,Image,False,4,1,1,1
333,sub-07,rh-parahippocampal,0.6166666666666667,0.16735967034880075,0.6666666666666666,0.5996493471136558,None + Linear-SVM,conscious,conscious,False,Image,False,3,7,5,2
334,sub-07,rh-parahippocampal,0.56,0.0,0.4444444444444445,0.7185191229368193,None + Linear-SVM,conscious,conscious,False,Image,False,3,2,3,2
335,sub-07,rh-parahippocampal,0.5333333333333333,0.04303314829119352,0.5333333333333333,0.6578927395032138,None + Linear-SVM,conscious,conscious,False,Image,False,3,4,5,2
336,sub-07,rh-parahippocampal,0.52,0.0,0.4444444444444445,0.719553662033926,None + Linear-SVM,conscious,conscious,False,Image,False,3,2,3,2
337,sub-07,rh-parahippocampal,0.5333333333333333,0.06666666666666667,0.5,0.675599416580708,None + Linear-SVM,conscious,conscious,False,Image,False,2,2,3,1
338,sub-07,rh-parahippocampal,0.6666666666666667,-0.3333333333333333,0.0,0.803573000557933,None + Linear-SVM,conscious,conscious,False,Image,False,2,0,1,1
339,sub-07,rh-parahippocampal,1.0,0.0,0.0,0.7784980313660542,None + Linear-SVM,conscious,conscious,False,Image,False,3,0,1,0
340,sub-07,rh-parahippocampal,0.6666666666666667,0.16666666666666666,0.5,0.7276230063873557,None + Linear-SVM,conscious,conscious,False,Image,False,2,1,1,1
341,sub-07,rh-parahippocampal,0.6666666666666667,0.16666666666666666,0.5714285714285715,0.6559693629178721,None + Linear-SVM,conscious,conscious,False,Image,False,2,2,2,1
342,sub-07,rh-parahippocampal,0.75,0.16666666666666666,0.5714285714285715,0.6404150797805058,None + Linear-SVM,conscious,conscious,False,Image,False,2,2,2,1
343,sub-07,rh-parahippocampal,0.4444444444444445,0.0,0.4,0.71445404707874,None + Linear-SVM,conscious,conscious,False,Image,False,2,1,2,1
344,sub-07,rh-parahippocampal,0.6190476190476191,0.2182178902359924,0.6666666666666666,0.5874215284820808,None + Linear-SVM,conscious,conscious,False,Image,False,2,4,3,1
345,sub-07,rh-parahippocampal,0.6333333333333333,0.42600643361512924,0.8421052631578948,0.5599324557295579,None + Linear-SVM,conscious,conscious,False,Image,False,2,8,2,1
346,sub-07,rh-parahippocampal,0.33333333333333337,-0.3333333333333333,0.0,0.8601925640758459,None + Linear-SVM,conscious,conscious,False,Image,False,2,0,1,1
347,sub-07,rh-parahippocampal,0.4444444444444445,0.0,0.4,0.7061023636357673,None + Linear-SVM,conscious,conscious,False,Image,False,2,1,2,1
348,sub-07,rh-parahippocampal,0.6666666666666667,-0.3333333333333333,0.0,0.814886163334857,None + Linear-SVM,conscious,conscious,False,Image,False,2,0,1,1
349,sub-07,rh-parahippocampal,0.6666666666666667,0.16666666666666666,0.5,0.7379602200569051,None + Linear-SVM,conscious,conscious,False,Image,False,2,1,1,1
350,sub-07,rh-parahippocampal,0.7500000000000001,0.4166666666666667,0.75,0.6396121418466523,None + Linear-SVM,conscious,conscious,False,Image,False,2,3,1,1
351,sub-07,rh-parahippocampal,0.625,0.14907119849998599,0.6153846153846154,0.5546615600953163,None + Linear-SVM,conscious,conscious,False,Image,False,2,4,4,1
352,sub-07,rh-parahippocampal,0.6666666666666667,0.3373495424699933,0.7999999999999999,0.529588263109649,None + Linear-SVM,conscious,conscious,False,Image,False,2,8,3,1
353,sub-07,rh-parahippocampal,0.6666666666666667,-0.3333333333333333,0.0,0.8057214493702649,None + Linear-SVM,conscious,conscious,False,Image,False,2,0,1,1
354,sub-07,rh-parahippocampal,0.6666666666666667,0.0,0.4,0.6644752227834572,None + Linear-SVM,conscious,conscious,False,Image,False,2,1,2,1
355,sub-07,rh-parahippocampal,0.6000000000000001,0.2253744679276044,0.7058823529411764,0.5548788930146666,None + Linear-SVM,conscious,conscious,False,Image,False,2,6,4,1
356,sub-07,rh-parahippocampal,0.6111111111111112,0.15811388300841897,0.6,0.6227430599478204,None + Linear-SVM,conscious,conscious,False,Image,False,2,3,3,1
357,sub-07,rh-parahippocampal,0.5555555555555556,0.15811388300841897,0.6,0.6439766210593199,None + Linear-SVM,conscious,conscious,False,Image,False,2,3,3,1
358,sub-07,rh-parahippocampal,0.888888888888889,0.7071067811865476,0.8,0.6504080678249359,None + Linear-SVM,conscious,conscious,False,Image,False,3,2,1,0
359,sub-07,rh-parahippocampal,0.6666666666666667,0.4166666666666667,0.75,0.6458966662542471,None + Linear-SVM,conscious,conscious,False,Image,False,2,3,1,1
360,sub-07,rh-parahippocampal,0.6666666666666667,0.16666666666666666,0.5,0.7462429189202393,None + Linear-SVM,conscious,conscious,False,Image,False,2,1,1,1
361,sub-07,rh-parahippocampal,0.33333333333333337,-0.4082482904638631,0.0,0.7584528657012553,None + Linear-SVM,conscious,conscious,False,Image,False,2,0,2,1
362,sub-07,rh-parahippocampal,0.6410256410256411,0.2219167619785609,0.7272727272727274,0.5290516198406644,None + Linear-SVM,conscious,conscious,False,Image,False,2,8,5,1
363,sub-07,rh-parahippocampal,0.5555555555555556,0.0,0.4,0.7038792012504244,None + Linear-SVM,conscious,conscious,False,Image,False,2,1,2,1
364,sub-07,rh-parahippocampal,0.6666666666666667,-0.3333333333333333,0.0,0.8205016207162468,None + Linear-SVM,conscious,conscious,False,Image,False,2,0,1,1
365,sub-07,rh-parahippocampal,0.5833333333333334,0.16666666666666666,0.5714285714285715,0.6635528411901469,None + Linear-SVM,conscious,conscious,False,Image,False,2,2,2,1
366,sub-07,rh-parahippocampal,0.6666666666666667,0.2581988897471611,0.6666666666666665,0.6071350414625831,None + Linear-SVM,conscious,conscious,False,Image,False,2,3,2,1
367,sub-07,rh-parahippocampal,0.7037037037037037,0.408248290463863,0.823529411764706,0.5425338291988787,None + Linear-SVM,conscious,conscious,False,Image,False,2,7,2,1
368,sub-07,rh-parahippocampal,0.6666666666666667,-0.3333333333333333,0.0,0.8294835289592066,None + Linear-SVM,conscious,conscious,False,Image,False,2,0,1,1
369,sub-07,rh-parahippocampal,0.7222222222222222,0.15811388300841897,0.6,0.5802648644007653,None + Linear-SVM,conscious,conscious,False,Image,False,2,3,3,1
370,sub-07,rh-parahippocampal,0.5714285714285714,0.0890870806374748,0.5454545454545454,0.6055974349405393,None + Linear-SVM,conscious,conscious,False,Image,False,2,3,4,1
371,sub-07,rh-parahippocampal,0.43333333333333335,0.05773502691896257,0.5333333333333333,0.6937187106391517,None + Linear-SVM,conscious,conscious,False,Image,False,2,4,6,1
372,sub-07,rh-parahippocampal,0.6000000000000001,0.2581988897471611,0.6666666666666665,0.6474024487361234,None + Linear-SVM,conscious,conscious,False,Image,False,2,3,2,1
373,sub-07,rh-parahippocampal,0.5333333333333333,0.14085904245475275,0.625,0.5868800931525133,None + Linear-SVM,conscious,conscious,False,Image,False,2,5,5,1
374,sub-07,rh-parahippocampal,0.6666666666666667,0.16666666666666666,0.5,0.7191200892095934,None + Linear-SVM,conscious,conscious,False,Image,False,2,1,1,1
375,sub-07,rh-parahippocampal,0.5555555555555556,0.2004459314343183,0.7000000000000001,0.5601844939158408,None + Linear-SVM,conscious,conscious,False,Image,False,2,7,5,1
376,sub-07,rh-parahippocampal,0.5333333333333333,0.06666666666666667,0.5,0.6447423727300107,None + Linear-SVM,conscious,conscious,False,Image,False,2,2,3,1
377,sub-07,rh-parahippocampal,0.4444444444444445,0.0,0.46153846153846156,0.6101742443089887,None + Linear-SVM,conscious,conscious,False,Image,False,2,3,6,1
378,sub-07,rh-parahippocampal,0.5333333333333333,0.06666666666666667,0.5,0.6482133244222905,None + Linear-SVM,conscious,conscious,False,Image,False,2,2,3,1
379,sub-07,rh-parahippocampal,0.4666666666666667,0.06666666666666667,0.5,0.6668245331301405,None + Linear-SVM,conscious,conscious,False,Image,False,2,2,3,1
380,sub-07,rh-parahippocampal,1.0,0.0,0.0,0.7598515729434158,None + Linear-SVM,conscious,conscious,False,Image,False,3,0,1,0
381,sub-07,rh-parahippocampal,1.0,0.0,0.0,0.73103682492016,None + Linear-SVM,conscious,conscious,False,Image,False,3,0,1,0
382,sub-07,rh-parahippocampal,0.8333333333333334,0.6123724356957946,0.6666666666666666,0.700152735611304,None + Linear-SVM,conscious,conscious,False,Image,False,3,1,1,0
383,sub-07,rh-parahippocampal,0.6666666666666666,0.16666666666666666,0.5714285714285715,0.6572979373433322,None + Linear-SVM,conscious,conscious,False,Image,False,2,2,2,1
384,sub-07,rh-parahippocampal,0.9166666666666667,0.75,0.8571428571428571,0.6004415501945426,None + Linear-SVM,conscious,conscious,False,Image,False,3,3,1,0
385,sub-07,rh-parahippocampal,0.7777777777777779,0.3333333333333333,0.6666666666666666,0.6473503444188304,None + Linear-SVM,conscious,conscious,False,Image,False,2,2,1,1
386,sub-07,rh-parahippocampal,0.761904761904762,0.5345224838248488,0.7272727272727273,0.5736517284678401,None + Linear-SVM,conscious,conscious,False,Image,False,3,4,3,0
387,sub-07,rh-parahippocampal,0.7333333333333334,0.5666666666666667,0.9,0.5491703689941516,None + Linear-SVM,conscious,conscious,False,Image,False,2,9,1,1
388,sub-07,rh-parahippocampal,0.33333333333333337,-0.3333333333333333,0.0,0.8133995222516032,None + Linear-SVM,conscious,conscious,False,Image,False,2,0,1,1
389,sub-07,rh-parahippocampal,0.7777777777777779,0.3333333333333333,0.6666666666666666,0.6657518100620771,None + Linear-SVM,conscious,conscious,False,Image,False,2,2,1,1
390,sub-07,rh-parahippocampal,0.6666666666666667,-0.3333333333333333,0.0,0.7780201617048956,None + Linear-SVM,conscious,conscious,False,Image,False,2,0,1,1
391,sub-07,rh-parahippocampal,0.6666666666666667,0.16666666666666666,0.5,0.7108850948883823,None + Linear-SVM,conscious,conscious,False,Image,False,2,1,1,1
392,sub-07,rh-parahippocampal,0.8333333333333334,0.5477225575051661,0.6666666666666666,0.6125976202523352,None + Linear-SVM,conscious,conscious,False,Image,False,3,2,2,0
393,sub-07,rh-parahippocampal,0.8333333333333333,0.5590169943749475,0.7692307692307693,0.5383146838073123,None + Linear-SVM,conscious,conscious,False,Image,False,3,5,3,0
394,sub-07,rh-parahippocampal,0.7575757575757576,0.3373495424699933,0.7999999999999999,0.5232684531834738,None + Linear-SVM,conscious,conscious,False,Image,False,2,8,3,1
395,sub-07,rh-parahippocampal,1.0,0.0,0.0,0.7566077563596387,None + Linear-SVM,conscious,conscious,False,Image,False,3,0,1,0
396,sub-07,rh-parahippocampal,0.888888888888889,0.7071067811865476,0.8,0.6308831481581353,None + Linear-SVM,conscious,conscious,False,Image,False,3,2,1,0
397,sub-07,rh-parahippocampal,0.8333333333333334,0.4330127018922193,0.6666666666666666,0.5412995052280135,None + Linear-SVM,conscious,conscious,False,Image,False,3,5,5,0
398,sub-07,rh-parahippocampal,0.7222222222222223,0.31622776601683794,0.7272727272727272,0.5871052851479773,None + Linear-SVM,conscious,conscious,False,Image,False,2,4,2,1
399,sub-07,rh-parahippocampal,0.6111111111111113,0.31622776601683794,0.7272727272727272,0.6234690237173104,None + Linear-SVM,conscious,conscious,False,Image,False,2,4,2,1
400,sub-07,rh-parahippocampal,0.888888888888889,0.7071067811865476,0.8,0.6301091460971987,None + Linear-SVM,conscious,conscious,False,Image,False,3,2,1,0
401,sub-07,rh-parahippocampal,0.9166666666666667,0.75,0.8571428571428571,0.6131206487905423,None + Linear-SVM,conscious,conscious,False,Image,False,3,3,1,0
402,sub-07,rh-parahippocampal,0.6666666666666667,0.16666666666666666,0.5,0.7089611818635596,None + Linear-SVM,conscious,conscious,False,Image,False,2,1,1,1
403,sub-07,rh-parahippocampal,0.6666666666666667,0.16666666666666666,0.5,0.7376489083325217,None + Linear-SVM,conscious,conscious,False,Image,False,2,1,1,1
404,sub-07,rh-parahippocampal,0.7435897435897436,0.4622501635210242,0.8799999999999999,0.5202622469937022,None + Linear-SVM,conscious,conscious,False,Image,False,2,11,2,1
405,sub-07,rh-parahippocampal,0.7777777777777779,0.3333333333333333,0.6666666666666666,0.6591538055149239,None + Linear-SVM,conscious,conscious,False,Image,False,2,2,1,1
406,sub-07,rh-parahippocampal,1.0,0.0,0.0,0.7574343584317245,None + Linear-SVM,conscious,conscious,False,Image,False,3,0,1,0
407,sub-07,rh-parahippocampal,0.8333333333333334,0.5477225575051661,0.6666666666666666,0.6229625218529031,None + Linear-SVM,conscious,conscious,False,Image,False,3,2,2,0
408,sub-07,rh-parahippocampal,0.8666666666666667,0.6,0.7499999999999999,0.5877576604989739,None + Linear-SVM,conscious,conscious,False,Image,False,3,3,2,0
409,sub-07,rh-parahippocampal,0.8888888888888888,0.6831300510639732,0.8750000000000001,0.5233217467982151,None + Linear-SVM,conscious,conscious,False,Image,False,3,7,2,0
410,sub-07,rh-parahippocampal,0.6666666666666667,-0.3333333333333333,0.0,0.7773425649192256,None + Linear-SVM,conscious,conscious,False,Image,False,2,0,1,1
411,sub-07,rh-parahippocampal,0.7222222222222223,0.31622776601683794,0.7272727272727272,0.5580178926519355,None + Linear-SVM,conscious,conscious,False,Image,False,2,4,2,1
412,sub-07,rh-parahippocampal,0.7619047619047619,0.3563483225498992,0.7692307692307692,0.5735308472212305,None + Linear-SVM,conscious,conscious,False,Image,False,2,5,2,1
413,sub-07,rh-parahippocampal,0.5333333333333333,0.14085904245475275,0.625,0.6876327769047937,None + Linear-SVM,conscious,conscious,False,Image,False,2,5,5,1
414,sub-07,rh-parahippocampal,0.6666666666666667,0.2581988897471611,0.6666666666666665,0.6250605978980736,None + Linear-SVM,conscious,conscious,False,Image,False,2,3,2,1
415,sub-07,rh-parahippocampal,0.6333333333333333,0.31754264805429416,0.7777777777777777,0.5831599212277093,None + Linear-SVM,conscious,conscious,False,Image,False,2,7,3,1
416,sub-07,rh-parahippocampal,1.0,0.6123724356957946,0.6666666666666666,0.6815441441411603,None + Linear-SVM,conscious,conscious,False,Image,False,3,1,1,0
417,sub-07,rh-parahippocampal,0.8333333333333334,0.408248290463863,0.6666666666666666,0.5395658845319643,None + Linear-SVM,conscious,conscious,False,Image,False,3,6,6,0
418,sub-07,rh-parahippocampal,0.7333333333333334,0.2581988897471611,0.6666666666666665,0.6166709839490758,None + Linear-SVM,conscious,conscious,False,Image,False,2,3,2,1
419,sub-07,rh-parahippocampal,0.6666666666666667,0.29277002188455997,0.75,0.5899935548048649,None + Linear-SVM,conscious,conscious,False,Image,False,2,6,3,1
420,sub-07,rh-parahippocampal,0.8,0.6,0.7499999999999999,0.6038584167303895,None + Linear-SVM,conscious,conscious,False,Image,False,3,3,2,0
421,sub-07,rh-parahippocampal,0.35,-0.1,0.4444444444444445,0.7697250794783129,None + Linear-SVM,conscious,conscious,False,Image,False,2,2,3,2
422,sub-07,rh-parahippocampal,1.0,0.0,0.0,0.8721964276286386,None + Linear-SVM,conscious,conscious,False,Image,False,4,0,1,0
423,sub-07,rh-parahippocampal,1.0,0.0,0.0,0.8495338087518487,None + Linear-SVM,conscious,conscious,False,Image,False,4,0,1,0
424,sub-07,rh-parahippocampal,0.75,0.25,0.5,0.7970738797325195,None + Linear-SVM,conscious,conscious,False,Image,False,3,1,1,1
425,sub-07,rh-parahippocampal,0.6875,0.2581988897471611,0.5714285714285715,0.7321886222527618,None + Linear-SVM,conscious,conscious,False,Image,False,3,2,2,1
426,sub-07,rh-parahippocampal,0.75,0.5773502691896258,0.6666666666666666,0.6779250844477763,None + Linear-SVM,conscious,conscious,False,Image,False,4,2,2,0
427,sub-07,rh-parahippocampal,0.75,0.09128709291752768,0.4,0.7315419346576421,None + Linear-SVM,conscious,conscious,False,Image,False,3,1,2,1
428,sub-07,rh-parahippocampal,0.6785714285714285,0.3105295017040594,0.6666666666666666,0.6466251578883816,None + Linear-SVM,conscious,conscious,False,Image,False,3,4,3,1
429,sub-07,rh-parahippocampal,0.65,0.31622776601683794,0.7058823529411764,0.5981697009916574,None + Linear-SVM,conscious,conscious,False,Image,False,3,6,4,1
430,sub-07,rh-parahippocampal,0.0,-0.6123724356957946,0.0,0.9218048816351864,None + Linear-SVM,conscious,conscious,False,Image,False,1,0,1,3
431,sub-07,rh-parahippocampal,0.5833333333333334,0.09128709291752768,0.4,0.750509194594916,None + Linear-SVM,conscious,conscious,False,Image,False,3,1,2,1
432,sub-07,rh-parahippocampal,0.75,-0.25,0.0,0.8781047638150422,None + Linear-SVM,conscious,conscious,False,Image,False,3,0,1,1
433,sub-07,rh-parahippocampal,0.75,0.25,0.5,0.8024699614811112,None + Linear-SVM,conscious,conscious,False,Image,False,3,1,1,1
434,sub-07,rh-parahippocampal,0.625,0.2581988897471611,0.5714285714285715,0.7134566601851664,None + Linear-SVM,conscious,conscious,False,Image,False,3,2,2,1
435,sub-07,rh-parahippocampal,0.84375,0.5976143046671968,0.7692307692307693,0.5888505653668463,None + Linear-SVM,conscious,conscious,False,Image,False,4,5,3,0
436,sub-07,rh-parahippocampal,0.6363636363636365,0.2618924633082486,0.6666666666666665,0.5764536026904408,None + Linear-SVM,conscious,conscious,False,Image,False,3,6,5,1
437,sub-07,rh-parahippocampal,1.0,0.0,0.0,0.8685469908261612,None + Linear-SVM,conscious,conscious,False,Image,False,4,0,1,0
438,sub-07,rh-parahippocampal,0.9166666666666666,0.7302967433402214,0.8,0.7156365980035294,None + Linear-SVM,conscious,conscious,False,Image,False,4,2,1,0
439,sub-07,rh-parahippocampal,0.6000000000000001,0.22821773229381923,0.625,0.5971195744437428,None + Linear-SVM,conscious,conscious,False,Image,False,3,5,5,1
440,sub-07,rh-parahippocampal,0.625,0.25,0.6,0.640143923860137,None + Linear-SVM,conscious,conscious,False,Image,False,3,3,3,1
441,sub-07,rh-parahippocampal,0.5833333333333334,0.25,0.6,0.6913230691436631,None + Linear-SVM,conscious,conscious,False,Image,False,3,3,3,1
442,sub-07,rh-parahippocampal,0.9166666666666666,0.7302967433402214,0.8,0.7150344261998077,None + Linear-SVM,conscious,conscious,False,Image,False,4,2,1,0
443,sub-07,rh-parahippocampal,0.75,0.2581988897471611,0.5714285714285715,0.6954941810719608,None + Linear-SVM,conscious,conscious,False,Image,False,3,2,2,1
444,sub-07,rh-parahippocampal,0.5,-0.31622776601683794,0.0,0.8202934868353514,None + Linear-SVM,conscious,conscious,False,Image,False,3,0,2,1
445,sub-07,rh-parahippocampal,0.5,-0.31622776601683794,0.0,0.8151644318075962,None + Linear-SVM,conscious,conscious,False,Image,False,3,0,2,1
446,sub-07,rh-parahippocampal,0.5961538461538461,0.24514516892273003,0.6666666666666667,0.5666108278257792,None + Linear-SVM,conscious,conscious,False,Image,False,3,7,6,1
447,sub-07,rh-parahippocampal,0.5833333333333334,0.09128709291752768,0.4,0.7586735549953565,None + Linear-SVM,conscious,conscious,False,Image,False,3,1,2,1
448,sub-07,rh-parahippocampal,0.75,-0.25,0.0,0.8804654363708874,None + Linear-SVM,conscious,conscious,False,Image,False,3,0,1,1
449,sub-07,rh-parahippocampal,0.75,0.2581988897471611,0.5714285714285715,0.6959417251744251,None + Linear-SVM,conscious,conscious,False,Image,False,3,2,2,1
450,sub-07,rh-parahippocampal,0.7,0.35,0.6666666666666665,0.6763984333284084,None + Linear-SVM,conscious,conscious,False,Image,False,3,3,2,1
451,sub-07,rh-parahippocampal,0.8333333333333333,0.6172133998483676,0.8,0.576944608170441,None + Linear-SVM,conscious,conscious,False,Image,False,4,6,3,0
452,sub-07,rh-parahippocampal,0.5,-0.25,0.0,0.8976629677209477,None + Linear-SVM,conscious,conscious,False,Image,False,3,0,1,1
453,sub-07,rh-parahippocampal,0.7083333333333334,0.25,0.6,0.6315444636516259,None + Linear-SVM,conscious,conscious,False,Image,False,3,3,3,1
454,sub-07,rh-parahippocampal,0.6428571428571428,0.3105295017040594,0.6666666666666666,0.6384058054588141,None + Linear-SVM,conscious,conscious,False,Image,False,3,4,3,1
455,sub-07,rh-parahippocampal,0.44999999999999996,0.22821773229381923,0.625,0.7246761774594042,None + Linear-SVM,conscious,conscious,False,Image,False,3,5,5,1
456,sub-07,rh-parahippocampal,0.55,0.15811388300841897,0.5,0.7013244189715879,None + Linear-SVM,conscious,conscious,False,Image,False,3,2,3,1
457,sub-07,rh-parahippocampal,0.7,0.41079191812887456,0.7777777777777777,0.6024578723146935,None + Linear-SVM,conscious,conscious,False,Image,False,3,7,3,1
458,sub-07,rh-parahippocampal,1.0,0.6324555320336759,0.6666666666666666,0.7794901960774488,None + Linear-SVM,conscious,conscious,False,Image,False,4,1,1,0
459,sub-07,rh-parahippocampal,0.5416666666666666,0.21821789023599236,0.631578947368421,0.5921830378225459,None + Linear-SVM,conscious,conscious,False,Image,False,3,6,6,1
460,sub-07,rh-parahippocampal,0.6,0.15811388300841897,0.5,0.6947622452614028,None + Linear-SVM,conscious,conscious,False,Image,False,3,2,3,1
461,sub-07,rh-parahippocampal,0.3333333333333333,-0.15811388300841897,0.42857142857142855,0.6764937736238023,None + Linear-SVM,conscious,conscious,False,Image,False,2,3,6,2
462,sub-07,rh-parahippocampal,0.6,0.15811388300841897,0.5,0.7062973656051403,None + Linear-SVM,conscious,conscious,False,Image,False,3,2,3,1
463,sub-07,rh-parahippocampal,0.4,0.31622776601683794,0.5714285714285715,0.6165276373145194,None + Linear-SVM,conscious,conscious,False,Image,False,1,2,3,0
464,sub-07,rh-parahippocampal,1.0,0.0,0.0,0.7173722202427228,None + Linear-SVM,conscious,conscious,False,Image,False,1,0,1,0
465,sub-07,rh-parahippocampal,1.0,0.0,0.0,0.6676760610391459,None + Linear-SVM,conscious,conscious,False,Image,False,1,0,1,0
466,sub-07,rh-parahippocampal,0.5,0.0,0.0,0.6264829179483229,None + Linear-SVM,conscious,conscious,False,Image,False,1,0,2,0
467,sub-07,rh-parahippocampal,0.5,0.25,0.4,0.5960562811975341,None + Linear-SVM,conscious,conscious,False,Image,False,1,1,3,0
468,sub-07,rh-parahippocampal,0.75,0.4082482904638631,0.6666666666666666,0.5023208691057336,None + Linear-SVM,conscious,conscious,False,Image,False,1,2,2,0
469,sub-07,rh-parahippocampal,0.3333333333333333,0.3333333333333333,0.5,0.5901527253587222,None + Linear-SVM,conscious,conscious,False,Image,False,1,1,2,0
470,sub-07,rh-parahippocampal,0.5714285714285714,0.29277002188455997,0.6,0.5166579124433784,None + Linear-SVM,conscious,conscious,False,Image,False,1,3,4,0
471,sub-07,rh-parahippocampal,0.0,0.0,0.0,0.5240471747497625,None + Linear-SVM,conscious,conscious,False,Image,False,1,0,10,0
472,sub-07,rh-parahippocampal,0.0,0.0,0.0,0.8397252954386476,None + Linear-SVM,conscious,conscious,False,Image,False,1,0,1,0
473,sub-07,rh-parahippocampal,0.3333333333333333,0.3333333333333333,0.5,0.621766086069746,None + Linear-SVM,conscious,conscious,False,Image,False,1,1,2,0
474,sub-07,rh-parahippocampal,0.0,0.0,0.0,0.7895734869984087,None + Linear-SVM,conscious,conscious,False,Image,False,1,0,1,0
475,sub-07,rh-parahippocampal,0.0,0.0,0.0,0.654116608300256,None + Linear-SVM,conscious,conscious,False,Image,False,1,0,2,0
476,sub-07,rh-parahippocampal,0.75,0.4082482904638631,0.6666666666666666,0.5287458355599531,None + Linear-SVM,conscious,conscious,False,Image,False,1,2,2,0
477,sub-07,rh-parahippocampal,0.75,0.3952847075210474,0.7692307692307693,0.46155451119183216,None + Linear-SVM,conscious,conscious,False,Image,False,1,5,3,0
478,sub-07,rh-parahippocampal,0.5454545454545454,0.2548235957188128,0.625,0.4774316875384594,None + Linear-SVM,conscious,conscious,False,Image,False,1,5,6,0
479,sub-07,rh-parahippocampal,1.0,0.0,0.0,0.7343024402292215,None + Linear-SVM,conscious,conscious,False,Image,False,1,0,1,0
480,sub-07,rh-parahippocampal,0.6666666666666666,0.3333333333333333,0.5,0.5474697708859715,None + Linear-SVM,conscious,conscious,False,Image,False,1,1,2,0
481,sub-07,rh-parahippocampal,0.5,0.23904572186687872,0.5714285714285715,0.5149535011084363,None + Linear-SVM,conscious,conscious,False,Image,False,1,4,6,0
482,sub-07,rh-parahippocampal,0.3333333333333333,0.2581988897471611,0.5,0.5343255376705478,None + Linear-SVM,conscious,conscious,False,Image,False,1,2,4,0
483,sub-07,rh-parahippocampal,0.3333333333333333,0.2581988897471611,0.5,0.5771783428960328,None + Linear-SVM,conscious,conscious,False,Image,False,1,2,4,0
484,sub-07,rh-parahippocampal,1.0,0.5773502691896258,0.8,0.5334270074541615,None + Linear-SVM,conscious,conscious,False,Image,False,1,2,1,0
485,sub-07,rh-parahippocampal,0.25,0.25,0.4,0.5459838041052325,None + Linear-SVM,conscious,conscious,False,Image,False,1,1,3,0
486,sub-07,rh-parahippocampal,0.0,0.0,0.0,0.688780020174297,None + Linear-SVM,conscious,conscious,False,Image,False,1,0,2,0
487,sub-07,rh-parahippocampal,0.0,0.0,0.0,0.6889221918133898,None + Linear-SVM,conscious,conscious,False,Image,False,1,0,2,0
488,sub-07,rh-parahippocampal,0.3076923076923077,0.17541160386140586,0.47058823529411764,0.4839921661649687,None + Linear-SVM,conscious,conscious,False,Image,False,1,4,9,0
489,sub-07,rh-parahippocampal,0.3333333333333333,0.3333333333333333,0.5,0.6075858887430761,None + Linear-SVM,conscious,conscious,False,Image,False,1,1,2,0
490,sub-07,rh-parahippocampal,1.0,0.0,0.0,0.7453420360112529,None + Linear-SVM,conscious,conscious,False,Image,False,1,0,1,0
491,sub-07,rh-parahippocampal,0.5,0.25,0.4,0.544562598276371,None + Linear-SVM,conscious,conscious,False,Image,False,1,1,3,0
492,sub-07,rh-parahippocampal,0.6,0.31622776601683794,0.5714285714285715,0.5142412103001025,None + Linear-SVM,conscious,conscious,False,Image,False,1,2,3,0
493,sub-07,rh-parahippocampal,0.7777777777777778,0.408248290463863,0.8,0.482827386365544,None + Linear-SVM,conscious,conscious,False,Image,False,1,6,3,0
494,sub-07,rh-parahippocampal,0.0,0.0,0.0,0.7770169153536414,None + Linear-SVM,conscious,conscious,False,Image,False,1,0,1,0
495,sub-07,rh-parahippocampal,0.5,0.2581988897471611,0.5,0.5150557313519585,None + Linear-SVM,conscious,conscious,False,Image,False,1,2,4,0
496,sub-07,rh-parahippocampal,0.14285714285714285,0.14285714285714285,0.25,0.5719072162771845,None + Linear-SVM,conscious,conscious,False,Image,False,1,1,6,0
497,sub-07,rh-parahippocampal,0.4,0.23904572186687872,0.5714285714285715,0.6891471082602186,None + Linear-SVM,conscious,conscious,False,Image,False,1,4,6,0
498,sub-07,rh-parahippocampal,0.2,0.2,0.33333333333333337,0.5739254431462011,None + Linear-SVM,conscious,conscious,False,Image,False,1,1,4,0
499,sub-07,rh-parahippocampal,0.3,0.19364916731037085,0.4615384615384615,0.5384225348672247,None + Linear-SVM,conscious,conscious,False,Image,False,1,3,7,0
500,sub-07,rh-parahippocampal,1.0,0.5,0.6666666666666666,0.595612569295206,None + Linear-SVM,conscious,conscious,False,Image,False,1,1,1,0
501,sub-07,rh-parahippocampal,0.4166666666666667,0.22821773229381923,0.5882352941176471,0.5110791156690242,None + Linear-SVM,conscious,conscious,False,Image,False,1,5,7,0
502,sub-07,rh-parahippocampal,0.4,0.31622776601683794,0.5714285714285715,0.5753226508010781,None + Linear-SVM,conscious,conscious,False,Image,False,1,2,3,0
503,sub-07,rh-parahippocampal,0.2222222222222222,0.16666666666666666,0.3636363636363636,0.5658018787022965,None + Linear-SVM,conscious,conscious,False,Image,False,1,2,7,0
504,sub-07,rh-parahippocampal,0.6,0.31622776601683794,0.5714285714285715,0.557507313918883,None + Linear-SVM,conscious,conscious,False,Image,False,1,2,3,0
505,sub-07,rh-parahippocampal,0.6400000000000001,0.2,0.6,0.6926380052663654,None + Linear-SVM,conscious,conscious,False,Image,False,3,3,2,2
506,sub-07,rh-parahippocampal,1.0,0.0,0.0,0.8126087524238618,None + Linear-SVM,conscious,conscious,False,Image,False,5,0,1,0
507,sub-07,rh-parahippocampal,1.0,0.0,0.0,0.7909045120660901,None + Linear-SVM,conscious,conscious,False,Image,False,5,0,1,0
508,sub-07,rh-parahippocampal,0.9,0.3,0.5,0.7733510292515101,None + Linear-SVM,conscious,conscious,False,Image,False,4,1,1,1
509,sub-07,rh-parahippocampal,0.6500000000000001,0.31622776601683794,0.5714285714285715,0.7347835512607608,None + Linear-SVM,conscious,conscious,False,Image,False,4,2,2,1
510,sub-07,rh-parahippocampal,0.85,0.5976143046671968,0.6666666666666666,0.6740132456123649,None + Linear-SVM,conscious,conscious,False,Image,False,5,2,2,0
511,sub-07,rh-parahippocampal,0.7333333333333333,0.14907119849998599,0.4,0.7203499598486639,None + Linear-SVM,conscious,conscious,False,Image,False,4,1,2,1
512,sub-07,rh-parahippocampal,0.7714285714285715,0.37142857142857144,0.6666666666666666,0.6186138801498848,None + Linear-SVM,conscious,conscious,False,Image,False,4,4,3,1
513,sub-07,rh-parahippocampal,0.8,0.5773502691896257,0.8421052631578948,0.589918331120869,None + Linear-SVM,conscious,conscious,False,Image,False,4,8,2,1
514,sub-07,rh-parahippocampal,0.4,-0.31622776601683794,0.0,0.8345244405186669,None + Linear-SVM,conscious,conscious,False,Image,False,3,0,1,2
515,sub-07,rh-parahippocampal,0.8666666666666667,0.4666666666666667,0.6666666666666666,0.7300970657218123,None + Linear-SVM,conscious,conscious,False,Image,False,4,2,1,1
516,sub-07,rh-parahippocampal,0.8,-0.2,0.0,0.8278688949469132,None + Linear-SVM,conscious,conscious,False,Image,False,4,0,1,1
517,sub-07,rh-parahippocampal,0.9,0.3,0.5,0.7734034228341659,None + Linear-SVM,conscious,conscious,False,Image,False,4,1,1,1
518,sub-07,rh-parahippocampal,0.9500000000000001,0.7905694150420948,0.8571428571428571,0.6790955922310148,None + Linear-SVM,conscious,conscious,False,Image,False,5,3,1,0
519,sub-07,rh-parahippocampal,0.875,0.5367450401216932,0.7999999999999999,0.5858885635143352,None + Linear-SVM,conscious,conscious,False,Image,False,4,6,2,1
520,sub-07,rh-parahippocampal,0.8,0.40451991747794525,0.7368421052631579,0.5659044070855396,None + Linear-SVM,conscious,conscious,False,Image,False,4,7,4,1
521,sub-07,rh-parahippocampal,1.0,0.0,0.0,0.8072594131108195,None + Linear-SVM,conscious,conscious,False,Image,False,5,0,1,0
522,sub-07,rh-parahippocampal,0.9333333333333333,0.7453559924999299,0.8,0.7105999789191249,None + Linear-SVM,conscious,conscious,False,Image,False,5,2,1,0
523,sub-07,rh-parahippocampal,0.76,0.472455591261534,0.7777777777777777,0.5935667238444744,None + Linear-SVM,conscious,conscious,False,Image,False,4,7,3,1
524,sub-07,rh-parahippocampal,0.7333333333333333,0.3105295017040594,0.6,0.6596620813599487,None + Linear-SVM,conscious,conscious,False,Image,False,4,3,3,1
525,sub-07,rh-parahippocampal,0.7333333333333334,0.4666666666666667,0.7272727272727272,0.6618249663429544,None + Linear-SVM,conscious,conscious,False,Image,False,4,4,2,1
526,sub-07,rh-parahippocampal,0.9333333333333333,0.7453559924999299,0.8,0.7102431638696826,None + Linear-SVM,conscious,conscious,False,Image,False,5,2,1,0
527,sub-07,rh-parahippocampal,0.9500000000000001,0.7905694150420948,0.8571428571428571,0.6794080554446849,None + Linear-SVM,conscious,conscious,False,Image,False,5,3,1,0
528,sub-07,rh-parahippocampal,0.8,0.3,0.5,0.7623819814430336,None + Linear-SVM,conscious,conscious,False,Image,False,4,1,1,1
529,sub-07,rh-parahippocampal,0.8,0.3,0.5,0.7750941167403363,None + Linear-SVM,conscious,conscious,False,Image,False,4,1,1,1
530,sub-07,rh-parahippocampal,0.8461538461538461,0.5229975846277625,0.8333333333333333,0.5568006743005849,None + Linear-SVM,conscious,conscious,False,Image,False,4,10,3,1
531,sub-07,rh-parahippocampal,0.8,0.2581988897471611,0.5714285714285715,0.7161926472140854,None + Linear-SVM,conscious,conscious,False,Image,False,3,2,1,2
532,sub-07,rh-parahippocampal,1.0,0.0,0.0,0.809725575129267,None + Linear-SVM,conscious,conscious,False,Image,False,5,0,1,0
533,sub-07,rh-parahippocampal,0.75,0.31622776601683794,0.5714285714285715,0.6899076069134904,None + Linear-SVM,conscious,conscious,False,Image,False,4,2,2,1
534,sub-07,rh-parahippocampal,0.92,0.6,0.8000000000000002,0.654128389747916,None + Linear-SVM,conscious,conscious,False,Image,False,4,4,1,1
535,sub-07,rh-parahippocampal,0.8222222222222223,0.5594309277855158,0.823529411764706,0.5797389936504319,None + Linear-SVM,conscious,conscious,False,Image,False,4,7,2,1
536,sub-07,rh-parahippocampal,0.8,-0.2,0.0,0.8188012332598547,None + Linear-SVM,conscious,conscious,False,Image,False,4,0,1,1
537,sub-07,rh-parahippocampal,0.8,0.4666666666666667,0.7272727272727272,0.6207792860417746,None + Linear-SVM,conscious,conscious,False,Image,False,4,4,2,1
538,sub-07,rh-parahippocampal,0.7142857142857143,0.37142857142857144,0.6666666666666666,0.6291256342462818,None + Linear-SVM,conscious,conscious,False,Image,False,4,4,3,1
539,sub-07,rh-parahippocampal,0.6000000000000001,0.09449111825230681,0.588235294117647,0.6970236041034069,None + Linear-SVM,conscious,conscious,False,Image,False,3,5,5,2
540,sub-07,rh-parahippocampal,0.7200000000000001,0.408248290463863,0.6666666666666665,0.6946948021926713,None + Linear-SVM,conscious,conscious,False,Image,False,4,3,2,1
541,sub-07,rh-parahippocampal,0.7,0.37796447300922725,0.7058823529411764,0.6214922688884355,None + Linear-SVM,conscious,conscious,False,Image,False,4,6,4,1
542,sub-07,rh-parahippocampal,1.0,0.6454972243679028,0.6666666666666666,0.7571235354430662,None + Linear-SVM,conscious,conscious,False,Image,False,5,1,1,0
543,sub-07,rh-parahippocampal,0.6833333333333333,0.42600643361512924,0.761904761904762,0.5967276390998445,None + Linear-SVM,conscious,conscious,False,Image,False,4,8,4,1
544,sub-07,rh-parahippocampal,0.6400000000000001,0.2,0.6,0.6890908322521282,None + Linear-SVM,conscious,conscious,False,Image,False,3,3,2,2
545,sub-07,rh-parahippocampal,0.6444444444444444,0.34426518632954817,0.6666666666666667,0.6316640748638755,None + Linear-SVM,conscious,conscious,False,Image,False,4,5,4,1
546,sub-07,rh-parahippocampal,0.8,0.408248290463863,0.6666666666666665,0.6726804910771909,None + Linear-SVM,conscious,conscious,False,Image,False,4,3,2,1
547,sub-07,rh-parahippocampal,0.8,0.4472135954999579,0.7499999999999999,0.5676923602165632,None + Linear-SVM,conscious,conscious,False,Image,False,1,3,2,0
548,sub-07,rh-parahippocampal,1.0,0.0,0.0,0.56086567447081,None + Linear-SVM,conscious,conscious,False,Image,False,1,0,1,0
549,sub-07,rh-parahippocampal,1.0,0.0,0.0,0.5100047129867994,None + Linear-SVM,conscious,conscious,False,Image,False,1,0,1,0
550,sub-07,rh-parahippocampal,1.0,0.5,0.6666666666666666,0.530502713444695,None + Linear-SVM,conscious,conscious,False,Image,False,1,1,1,0
551,sub-07,rh-parahippocampal,0.75,0.4082482904638631,0.6666666666666666,0.5416280137889995,None + Linear-SVM,conscious,conscious,False,Image,False,1,2,2,0
552,sub-07,rh-parahippocampal,1.0,0.6123724356957946,0.8571428571428571,0.4546536725927576,None + Linear-SVM,conscious,conscious,False,Image,False,1,3,1,0
553,sub-07,rh-parahippocampal,1.0,0.5773502691896258,0.8,0.5273086887981377,None + Linear-SVM,conscious,conscious,False,Image,False,1,2,1,0
554,sub-07,rh-parahippocampal,0.8571428571428571,0.4879500364742666,0.8333333333333333,0.473829094433346,None + Linear-SVM,conscious,conscious,False,Image,False,1,5,2,0
555,sub-07,rh-parahippocampal,1.0,0.6708203932499369,0.9473684210526316,0.48696009871863466,None + Linear-SVM,conscious,conscious,False,Image,False,1,9,1,0
556,sub-07,rh-parahippocampal,1.0,0.0,0.0,0.6690834923292859,None + Linear-SVM,conscious,conscious,False,Image,False,1,0,1,0
557,sub-07,rh-parahippocampal,1.0,0.5773502691896258,0.8,0.5359418817528268,None + Linear-SVM,conscious,conscious,False,Image,False,1,2,1,0
558,sub-07,rh-parahippocampal,1.0,0.0,0.0,0.6165509761530537,None + Linear-SVM,conscious,conscious,False,Image,False,1,0,1,0
559,sub-07,rh-parahippocampal,1.0,0.5,0.6666666666666666,0.5447626564110428,None + Linear-SVM,conscious,conscious,False,Image,False,1,1,1,0
560,sub-07,rh-parahippocampal,1.0,0.6123724356957946,0.8571428571428571,0.4778240567815262,None + Linear-SVM,conscious,conscious,False,Image,False,1,3,1,0
561,sub-07,rh-parahippocampal,1.0,0.6614378277661476,0.9333333333333333,0.43723829507428746,None + Linear-SVM,conscious,conscious,False,Image,False,1,7,1,0
562,sub-07,rh-parahippocampal,0.9090909090909091,0.5222329678670935,0.9,0.46110083097294446,None + Linear-SVM,conscious,conscious,False,Image,False,1,9,2,0
563,sub-07,rh-parahippocampal,1.0,0.0,0.0,0.5705646000228186,None + Linear-SVM,conscious,conscious,False,Image,False,1,0,1,0
564,sub-07,rh-parahippocampal,1.0,0.5773502691896258,0.8,0.47331919190263644,None + Linear-SVM,conscious,conscious,False,Image,False,1,2,1,0
565,sub-07,rh-parahippocampal,1.0,0.6708203932499369,0.9473684210526316,0.4878445052217225,None + Linear-SVM,conscious,conscious,False,Image,False,1,9,1,0
566,sub-07,rh-parahippocampal,1.0,0.6454972243679028,0.9090909090909091,0.5054980184685726,None + Linear-SVM,conscious,conscious,False,Image,False,1,5,1,0
567,sub-07,rh-parahippocampal,0.8333333333333334,0.47140452079103173,0.8,0.5371956982289589,None + Linear-SVM,conscious,conscious,False,Image,False,1,4,2,0
568,sub-07,rh-parahippocampal,1.0,0.5773502691896258,0.8,0.47230256523134556,None + Linear-SVM,conscious,conscious,False,Image,False,1,2,1,0
569,sub-07,rh-parahippocampal,1.0,0.6123724356957946,0.8571428571428571,0.4787375805536467,None + Linear-SVM,conscious,conscious,False,Image,False,1,3,1,0
570,sub-07,rh-parahippocampal,1.0,0.5,0.6666666666666666,0.5649614224322875,None + Linear-SVM,conscious,conscious,False,Image,False,1,1,1,0
571,sub-07,rh-parahippocampal,1.0,0.5,0.6666666666666666,0.5806352835410727,None + Linear-SVM,conscious,conscious,False,Image,False,1,1,1,0
572,sub-07,rh-parahippocampal,1.0,0.6793662204867574,0.9600000000000001,0.4680484820493032,None + Linear-SVM,conscious,conscious,False,Image,False,1,12,1,0
573,sub-07,rh-parahippocampal,1.0,0.5773502691896258,0.8,0.5159278548407593,None + Linear-SVM,conscious,conscious,False,Image,False,1,2,1,0
574,sub-07,rh-parahippocampal,1.0,0.0,0.0,0.5745518137266908,None + Linear-SVM,conscious,conscious,False,Image,False,1,0,1,0
575,sub-07,rh-parahippocampal,1.0,0.6123724356957946,0.8571428571428571,0.4930499967757923,None + Linear-SVM,conscious,conscious,False,Image,False,1,3,1,0
576,sub-07,rh-parahippocampal,1.0,0.6324555320336759,0.888888888888889,0.47047392642197017,None + Linear-SVM,conscious,conscious,False,Image,False,1,4,1,0
577,sub-07,rh-parahippocampal,0.8888888888888888,0.5091750772173156,0.8750000000000001,0.46204338554234275,None + Linear-SVM,conscious,conscious,False,Image,False,1,7,2,0
578,sub-07,rh-parahippocampal,1.0,0.0,0.0,0.6002907023244999,None + Linear-SVM,conscious,conscious,False,Image,False,1,0,1,0
579,sub-07,rh-parahippocampal,0.8333333333333334,0.47140452079103173,0.8,0.45575334553052194,None + Linear-SVM,conscious,conscious,False,Image,False,1,4,2,0
580,sub-07,rh-parahippocampal,0.8571428571428571,0.4879500364742666,0.8333333333333333,0.5092597997737489,None + Linear-SVM,conscious,conscious,False,Image,False,1,5,2,0
581,sub-07,rh-parahippocampal,0.6,0.28867513459481287,0.6666666666666666,0.6674339624231866,None + Linear-SVM,conscious,conscious,False,Image,False,1,5,5,0
582,sub-07,rh-parahippocampal,1.0,0.6324555320336759,0.888888888888889,0.5131227393443006,None + Linear-SVM,conscious,conscious,False,Image,False,1,4,1,0
583,sub-07,rh-parahippocampal,0.9,0.5163977794943222,0.888888888888889,0.5055087215273011,None + Linear-SVM,conscious,conscious,False,Image,False,1,8,2,0
584,sub-07,rh-parahippocampal,1.0,0.5,0.6666666666666666,0.5026104474409406,None + Linear-SVM,conscious,conscious,False,Image,False,1,1,1,0
585,sub-07,rh-parahippocampal,0.9166666666666666,0.5270462766947299,0.9090909090909091,0.48781877293076437,None + Linear-SVM,conscious,conscious,False,Image,False,1,10,2,0
586,sub-07,rh-parahippocampal,1.0,0.6324555320336759,0.888888888888889,0.5284224139405616,None + Linear-SVM,conscious,conscious,False,Image,False,1,4,1,0
587,sub-07,rh-parahippocampal,0.8888888888888888,0.5091750772173156,0.8750000000000001,0.5330730470406929,None + Linear-SVM,conscious,conscious,False,Image,False,1,7,2,0
588,sub-07,rh-parahippocampal,0.8,0.4472135954999579,0.7499999999999999,0.5143798361307351,None + Linear-SVM,conscious,conscious,False,Image,False,1,3,2,0
589,sub-07,rh-parahippocampal,0.8,0.4472135954999579,0.7499999999999999,0.5675063438494765,None + Linear-SVM,conscious,conscious,False,Image,False,1,3,2,0
590,sub-07,rh-parahippocampal,1.0,0.0,0.0,0.5362134979829818,None + Linear-SVM,conscious,conscious,False,Image,False,1,0,1,0
591,sub-07,rh-parahippocampal,1.0,0.0,0.0,0.48196109665918874,None + Linear-SVM,conscious,conscious,False,Image,False,1,0,1,0
592,sub-07,rh-parahippocampal,1.0,0.5,0.6666666666666666,0.5190459443833374,None + Linear-SVM,conscious,conscious,False,Image,False,1,1,1,0
593,sub-07,rh-parahippocampal,0.75,0.4082482904638631,0.6666666666666666,0.5329098275663602,None + Linear-SVM,conscious,conscious,False,Image,False,1,2,2,0
594,sub-07,rh-parahippocampal,1.0,0.6123724356957946,0.8571428571428571,0.44490150781835913,None + Linear-SVM,conscious,conscious,False,Image,False,1,3,1,0
595,sub-07,rh-parahippocampal,1.0,0.5773502691896258,0.8,0.5069782636591246,None + Linear-SVM,conscious,conscious,False,Image,False,1,2,1,0
596,sub-07,rh-parahippocampal,0.8571428571428571,0.4879500364742666,0.8333333333333333,0.47234351560214505,None + Linear-SVM,conscious,conscious,False,Image,False,1,5,2,0
597,sub-07,rh-parahippocampal,1.0,0.6708203932499369,0.9473684210526316,0.48515327653095547,None + Linear-SVM,conscious,conscious,False,Image,False,1,9,1,0
598,sub-07,rh-parahippocampal,1.0,0.0,0.0,0.6642714942917176,None + Linear-SVM,conscious,conscious,False,Image,False,1,0,1,0
599,sub-07,rh-parahippocampal,1.0,0.5773502691896258,0.8,0.5165338465537477,None + Linear-SVM,conscious,conscious,False,Image,False,1,2,1,0
600,sub-07,rh-parahippocampal,1.0,0.0,0.0,0.5962963452035365,None + Linear-SVM,conscious,conscious,False,Image,False,1,0,1,0
601,sub-07,rh-parahippocampal,1.0,0.5,0.6666666666666666,0.5218479241741149,None + Linear-SVM,conscious,conscious,False,Image,False,1,1,1,0
602,sub-07,rh-parahippocampal,1.0,0.6123724356957946,0.8571428571428571,0.46524776491661246,None + Linear-SVM,conscious,conscious,False,Image,False,1,3,1,0
603,sub-07,rh-parahippocampal,1.0,0.6614378277661476,0.9333333333333333,0.4319690360560219,None + Linear-SVM,conscious,conscious,False,Image,False,1,7,1,0
604,sub-07,rh-parahippocampal,1.0,0.674199862463242,0.9523809523809523,0.45347331579071354,None + Linear-SVM,conscious,conscious,False,Image,False,1,10,1,0
605,sub-07,rh-parahippocampal,1.0,0.0,0.0,0.5520716309588225,None + Linear-SVM,conscious,conscious,False,Image,False,1,0,1,0
606,sub-07,rh-parahippocampal,1.0,0.5773502691896258,0.8,0.4585960611785557,None + Linear-SVM,conscious,conscious,False,Image,False,1,2,1,0
607,sub-07,rh-parahippocampal,0.9,0.5163977794943222,0.888888888888889,0.4893322497735755,None + Linear-SVM,conscious,conscious,False,Image,False,1,8,2,0
608,sub-07,rh-parahippocampal,1.0,0.6454972243679028,0.9090909090909091,0.4988896387084219,None + Linear-SVM,conscious,conscious,False,Image,False,1,5,1,0
609,sub-07,rh-parahippocampal,0.8333333333333334,0.47140452079103173,0.8,0.5264741682689523,None + Linear-SVM,conscious,conscious,False,Image,False,1,4,2,0
610,sub-07,rh-parahippocampal,1.0,0.5773502691896258,0.8,0.4614328128145911,None + Linear-SVM,conscious,conscious,False,Image,False,1,2,1,0
611,sub-07,rh-parahippocampal,1.0,0.6123724356957946,0.8571428571428571,0.47321485265290786,None + Linear-SVM,conscious,conscious,False,Image,False,1,3,1,0
612,sub-07,rh-parahippocampal,1.0,0.5,0.6666666666666666,0.5424870564897227,None + Linear-SVM,conscious,conscious,False,Image,False,1,1,1,0
613,sub-07,rh-parahippocampal,1.0,0.5,0.6666666666666666,0.5700180438103308,None + Linear-SVM,conscious,conscious,False,Image,False,1,1,1,0
614,sub-07,rh-parahippocampal,1.0,0.6793662204867574,0.9600000000000001,0.46346259916117905,None + Linear-SVM,conscious,conscious,False,Image,False,1,12,1,0
615,sub-07,rh-parahippocampal,1.0,0.5773502691896258,0.8,0.5179210769282754,None + Linear-SVM,conscious,conscious,False,Image,False,1,2,1,0
616,sub-07,rh-parahippocampal,1.0,0.0,0.0,0.5596324324215404,None + Linear-SVM,conscious,conscious,False,Image,False,1,0,1,0
617,sub-07,rh-parahippocampal,1.0,0.6123724356957946,0.8571428571428571,0.48042721987784276,None + Linear-SVM,conscious,conscious,False,Image,False,1,3,1,0
618,sub-07,rh-parahippocampal,1.0,0.6324555320336759,0.888888888888889,0.45937076413927064,None + Linear-SVM,conscious,conscious,False,Image,False,1,4,1,0
619,sub-07,rh-parahippocampal,0.8888888888888888,0.5091750772173156,0.8750000000000001,0.44468323021652817,None + Linear-SVM,conscious,conscious,False,Image,False,1,7,2,0
620,sub-07,rh-parahippocampal,1.0,0.0,0.0,0.5834686957457721,None + Linear-SVM,conscious,conscious,False,Image,False,1,0,1,0
621,sub-07,rh-parahippocampal,0.8333333333333334,0.47140452079103173,0.8,0.44830774933774364,None + Linear-SVM,conscious,conscious,False,Image,False,1,4,2,0
622,sub-07,rh-parahippocampal,1.0,0.6546536707079772,0.923076923076923,0.503900901291875,None + Linear-SVM,conscious,conscious,False,Image,False,1,6,1,0
623,sub-07,rh-parahippocampal,0.8,0.4183300132670378,0.8235294117647058,0.6484416677759418,None + Linear-SVM,conscious,conscious,False,Image,False,1,7,3,0
624,sub-07,rh-parahippocampal,1.0,0.6324555320336759,0.888888888888889,0.5159964020760879,None + Linear-SVM,conscious,conscious,False,Image,False,1,4,1,0
625,sub-07,rh-parahippocampal,0.9,0.5163977794943222,0.888888888888889,0.5063020823642108,None + Linear-SVM,conscious,conscious,False,Image,False,1,8,2,0
626,sub-07,rh-parahippocampal,1.0,0.5,0.6666666666666666,0.4818949635808703,None + Linear-SVM,conscious,conscious,False,Image,False,1,1,1,0
627,sub-07,rh-parahippocampal,1.0,0.67700320038633,0.9565217391304348,0.48379761076988587,None + Linear-SVM,conscious,conscious,False,Image,False,1,11,1,0
628,sub-07,rh-parahippocampal,1.0,0.6324555320336759,0.888888888888889,0.5198520981379721,None + Linear-SVM,conscious,conscious,False,Image,False,1,4,1,0
629,sub-07,rh-parahippocampal,0.8888888888888888,0.5091750772173156,0.8750000000000001,0.5412115876545138,None + Linear-SVM,conscious,conscious,False,Image,False,1,7,2,0
630,sub-07,rh-parahippocampal,0.8,0.4472135954999579,0.7499999999999999,0.5027848754992547,None + Linear-SVM,conscious,conscious,False,Image,False,1,3,2,0
631,sub-07,rh-parahippocampal,0.5714285714285715,0.11952286093343936,0.4444444444444445,0.756302529869965,None + Linear-SVM,conscious,conscious,False,Image,False,5,2,3,2
632,sub-07,rh-parahippocampal,0.8571428571428572,-0.14285714285714285,0.0,0.8515667230435015,None + Linear-SVM,conscious,conscious,False,Image,False,6,0,1,1
633,sub-07,rh-parahippocampal,1.0,0.0,0.0,0.8416467270371277,None + Linear-SVM,conscious,conscious,False,Image,False,7,0,1,0
634,sub-07,rh-parahippocampal,0.8571428571428572,0.35714285714285715,0.5,0.8115181485618854,None + Linear-SVM,conscious,conscious,False,Image,False,6,1,1,1
635,sub-07,rh-parahippocampal,0.6428571428571429,0.38575837490522974,0.5714285714285715,0.7526822026711837,None + Linear-SVM,conscious,conscious,False,Image,False,6,2,2,1
636,sub-07,rh-parahippocampal,0.8214285714285714,0.38575837490522974,0.5714285714285715,0.7285605748471237,None + Linear-SVM,conscious,conscious,False,Image,False,6,2,2,1
637,sub-07,rh-parahippocampal,0.7142857142857142,0.2182178902359924,0.4,0.772651789111585,None + Linear-SVM,conscious,conscious,False,Image,False,6,1,2,1
638,sub-07,rh-parahippocampal,0.673469387755102,0.28867513459481287,0.6153846153846153,0.6844321424167967,None + Linear-SVM,conscious,conscious,False,Image,False,5,4,3,2
639,sub-07,rh-parahippocampal,0.8142857142857143,0.5493502655735357,0.7777777777777777,0.6343196700185697,None + Linear-SVM,conscious,conscious,False,Image,False,6,7,3,1
640,sub-07,rh-parahippocampal,0.2857142857142857,-0.3779644730092272,0.0,0.8857076713603333,None + Linear-SVM,conscious,conscious,False,Image,False,3,0,1,4
641,sub-07,rh-parahippocampal,0.8095238095238095,0.5238095238095238,0.6666666666666666,0.7673954083338446,None + Linear-SVM,conscious,conscious,False,Image,False,6,2,1,1
642,sub-07,rh-parahippocampal,0.5714285714285714,-0.29277002188455997,0.0,0.8642524672375907,None + Linear-SVM,conscious,conscious,False,Image,False,4,0,1,3
643,sub-07,rh-parahippocampal,0.8571428571428572,0.35714285714285715,0.5,0.8088917316410364,None + Linear-SVM,conscious,conscious,False,Image,False,6,1,1,1
644,sub-07,rh-parahippocampal,0.8928571428571429,0.6071428571428571,0.75,0.7326670213716381,None + Linear-SVM,conscious,conscious,False,Image,False,6,3,1,1
645,sub-07,rh-parahippocampal,0.8928571428571428,0.6071428571428571,0.7999999999999999,0.6297296542238159,None + Linear-SVM,conscious,conscious,False,Image,False,6,6,2,1
646,sub-07,rh-parahippocampal,0.7792207792207793,0.48416483186574427,0.7368421052631579,0.610533226616718,None + Linear-SVM,conscious,conscious,False,Image,False,6,7,4,1
647,sub-07,rh-parahippocampal,0.8571428571428572,-0.14285714285714285,0.0,0.8553270713491734,None + Linear-SVM,conscious,conscious,False,Image,False,6,0,1,1
648,sub-07,rh-parahippocampal,0.9047619047619049,0.5238095238095238,0.6666666666666666,0.7548034608400307,None + Linear-SVM,conscious,conscious,False,Image,False,6,2,1,1
649,sub-07,rh-parahippocampal,0.7428571428571429,0.408491223118783,0.7368421052631577,0.6327700045767054,None + Linear-SVM,conscious,conscious,False,Image,False,5,7,3,2
650,sub-07,rh-parahippocampal,0.7142857142857143,0.38575837490522974,0.6,0.6968701185845012,None + Linear-SVM,conscious,conscious,False,Image,False,6,3,3,1
651,sub-07,rh-parahippocampal,0.7142857142857143,0.5367450401216932,0.7272727272727272,0.7095065085368053,None + Linear-SVM,conscious,conscious,False,Image,False,6,4,2,1
652,sub-07,rh-parahippocampal,0.9523809523809524,0.5238095238095238,0.6666666666666666,0.7598381444612915,None + Linear-SVM,conscious,conscious,False,Image,False,6,2,1,1
653,sub-07,rh-parahippocampal,0.8214285714285714,0.38575837490522974,0.5714285714285715,0.7390273282377798,None + Linear-SVM,conscious,conscious,False,Image,False,6,2,2,1
654,sub-07,rh-parahippocampal,0.8571428571428572,0.35714285714285715,0.5,0.8063455791423918,None + Linear-SVM,conscious,conscious,False,Image,False,6,1,1,1
655,sub-07,rh-parahippocampal,0.6428571428571429,0.05976143046671968,0.3333333333333333,0.8274621319461228,None + Linear-SVM,conscious,conscious,False,Image,False,4,1,1,3
656,sub-07,rh-parahippocampal,0.8241758241758241,0.6005325641789633,0.8333333333333333,0.6012990850665088,None + Linear-SVM,conscious,conscious,False,Image,False,6,10,3,1
657,sub-07,rh-parahippocampal,0.7619047619047619,0.2182178902359924,0.4,0.7696430892105499,None + Linear-SVM,conscious,conscious,False,Image,False,6,1,2,1
658,sub-07,rh-parahippocampal,0.8571428571428572,-0.14285714285714285,0.0,0.8578795425880215,None + Linear-SVM,conscious,conscious,False,Image,False,6,0,1,1
659,sub-07,rh-parahippocampal,0.7142857142857143,0.21428571428571427,0.5,0.7432671472741826,None + Linear-SVM,conscious,conscious,False,Image,False,5,2,2,2
660,sub-07,rh-parahippocampal,0.8857142857142858,0.6571428571428571,0.8000000000000002,0.7041368832868588,None + Linear-SVM,conscious,conscious,False,Image,False,6,4,1,1
661,sub-07,rh-parahippocampal,0.8095238095238095,0.629940788348712,0.823529411764706,0.6355715453724241,None + Linear-SVM,conscious,conscious,False,Image,False,6,7,2,1
662,sub-07,rh-parahippocampal,0.8571428571428572,-0.14285714285714285,0.0,0.8652379595948086,None + Linear-SVM,conscious,conscious,False,Image,False,6,0,1,1
663,sub-07,rh-parahippocampal,0.8095238095238095,0.5367450401216932,0.7272727272727272,0.6631061662008315,None + Linear-SVM,conscious,conscious,False,Image,False,6,4,2,1
664,sub-07,rh-parahippocampal,0.7142857142857143,0.28867513459481287,0.6153846153846153,0.67653160716099,None + Linear-SVM,conscious,conscious,False,Image,False,5,4,3,2
665,sub-07,rh-parahippocampal,0.5285714285714286,0.07042952122737638,0.5555555555555556,0.7231968876716366,None + Linear-SVM,conscious,conscious,False,Image,False,4,5,5,3
666,sub-07,rh-parahippocampal,0.7142857142857143,0.3142857142857143,0.6,0.7329702854292869,None + Linear-SVM,conscious,conscious,False,Image,False,5,3,2,2
667,sub-07,rh-parahippocampal,0.6714285714285715,0.21428571428571427,0.588235294117647,0.6375888175432659,None + Linear-SVM,conscious,conscious,False,Image,False,5,5,5,2
668,sub-07,rh-parahippocampal,0.8571428571428572,0.35714285714285715,0.5,0.7987661332843079,None + Linear-SVM,conscious,conscious,False,Image,False,6,1,1,1
669,sub-07,rh-parahippocampal,0.7619047619047619,0.5060480768510598,0.761904761904762,0.6193190842682986,None + Linear-SVM,conscious,conscious,False,Image,False,6,8,4,1
670,sub-07,rh-parahippocampal,0.6857142857142857,0.1690308509457033,0.5454545454545454,0.7201400873319361,None + Linear-SVM,conscious,conscious,False,Image,False,4,3,2,3
671,sub-07,rh-parahippocampal,0.6666666666666667,0.2698412698412698,0.6250000000000001,0.6679848891107919,None + Linear-SVM,conscious,conscious,False,Image,False,5,5,4,2
672,sub-07,rh-parahippocampal,0.6857142857142857,0.1690308509457033,0.5454545454545454,0.7225244482637038,None + Linear-SVM,conscious,conscious,False,Image,False,4,3,2,3
673,sub-07,rh-parahippocampal,0.4,0.09128709291752768,0.6666666666666665,0.6412204506286663,None + Linear-SVM,conscious,conscious,False,Image,False,1,3,2,1
674,sub-07,rh-parahippocampal,1.0,0.0,0.0,0.6894859253976403,None + Linear-SVM,conscious,conscious,False,Image,False,2,0,1,0
675,sub-07,rh-parahippocampal,1.0,0.0,0.0,0.6546028381629144,None + Linear-SVM,conscious,conscious,False,Image,False,2,0,1,0
676,sub-07,rh-parahippocampal,0.75,0.5773502691896258,0.6666666666666666,0.6522545071335775,None + Linear-SVM,conscious,conscious,False,Image,False,2,1,1,0
677,sub-07,rh-parahippocampal,0.75,0.5,0.6666666666666666,0.5907002461103134,None + Linear-SVM,conscious,conscious,False,Image,False,2,2,2,0
678,sub-07,rh-parahippocampal,0.875,0.5,0.6666666666666666,0.5410923432548745,None + Linear-SVM,conscious,conscious,False,Image,False,2,2,2,0
679,sub-07,rh-parahippocampal,0.6666666666666666,0.4082482904638631,0.5,0.6091614911390405,None + Linear-SVM,conscious,conscious,False,Image,False,2,1,2,0
680,sub-07,rh-parahippocampal,0.7857142857142857,0.47809144373375745,0.7272727272727273,0.5271210932140828,None + Linear-SVM,conscious,conscious,False,Image,False,2,4,3,0
681,sub-07,rh-parahippocampal,0.6,0.2,0.33333333333333337,0.5203308397897018,None + Linear-SVM,conscious,conscious,False,Image,False,2,2,8,0
682,sub-07,rh-parahippocampal,0.5,0.0,0.0,0.7825570935468296,None + Linear-SVM,conscious,conscious,False,Image,False,2,0,1,0
683,sub-07,rh-parahippocampal,0.6666666666666666,0.4082482904638631,0.5,0.621059648382549,None + Linear-SVM,conscious,conscious,False,Image,False,2,1,2,0
684,sub-07,rh-parahippocampal,0.5,0.0,0.0,0.7371258825109269,None + Linear-SVM,conscious,conscious,False,Image,False,2,0,1,0
685,sub-07,rh-parahippocampal,1.0,0.5773502691896258,0.6666666666666666,0.621377996472277,None + Linear-SVM,conscious,conscious,False,Image,False,2,1,1,0
686,sub-07,rh-parahippocampal,0.75,0.5,0.6666666666666666,0.5512430824419026,None + Linear-SVM,conscious,conscious,False,Image,False,2,2,2,0
687,sub-07,rh-parahippocampal,0.8125,0.5,0.7692307692307693,0.48909660364678,None + Linear-SVM,conscious,conscious,False,Image,False,2,5,3,0
688,sub-07,rh-parahippocampal,0.7727272727272727,0.39477101697586137,0.7058823529411764,0.4944102614391381,None + Linear-SVM,conscious,conscious,False,Image,False,2,6,5,0
689,sub-07,rh-parahippocampal,1.0,0.0,0.0,0.6913954150142615,None + Linear-SVM,conscious,conscious,False,Image,False,2,0,1,0
690,sub-07,rh-parahippocampal,0.8333333333333333,0.6666666666666666,0.8,0.5672872575484653,None + Linear-SVM,conscious,conscious,False,Image,False,2,2,1,0
691,sub-07,rh-parahippocampal,0.65,0.25819888974716115,0.4615384615384615,0.5226496698952673,None + Linear-SVM,conscious,conscious,False,Image,False,2,3,7,0
692,sub-07,rh-parahippocampal,0.6666666666666666,0.3333333333333333,0.5,0.5511419762788077,None + Linear-SVM,conscious,conscious,False,Image,False,2,2,4,0
693,sub-07,rh-parahippocampal,0.6666666666666667,0.4472135954999579,0.6666666666666666,0.5816221158589554,None + Linear-SVM,conscious,conscious,False,Image,False,2,3,3,0
694,sub-07,rh-parahippocampal,1.0,0.6666666666666666,0.8,0.5649258712673342,None + Linear-SVM,conscious,conscious,False,Image,False,2,2,1,0
695,sub-07,rh-parahippocampal,0.75,0.5,0.6666666666666666,0.5607413606459234,None + Linear-SVM,conscious,conscious,False,Image,False,2,2,2,0
696,sub-07,rh-parahippocampal,0.5,0.0,0.0,0.650809574859912,None + Linear-SVM,conscious,conscious,False,Image,False,2,0,2,0
697,sub-07,rh-parahippocampal,0.5,0.0,0.0,0.6723881998704331,None + Linear-SVM,conscious,conscious,False,Image,False,2,0,2,0
698,sub-07,rh-parahippocampal,0.8846153846153846,0.4803844614152614,0.8181818181818181,0.48298366954177824,None + Linear-SVM,conscious,conscious,False,Image,False,2,9,4,0
699,sub-07,rh-parahippocampal,0.8333333333333333,0.6666666666666666,0.8,0.603421929922195,None + Linear-SVM,conscious,conscious,False,Image,False,2,2,1,0
700,sub-07,rh-parahippocampal,1.0,0.0,0.0,0.6998876661433426,None + Linear-SVM,conscious,conscious,False,Image,False,2,0,1,0
701,sub-07,rh-parahippocampal,0.75,0.5,0.6666666666666666,0.5743446013844841,None + Linear-SVM,conscious,conscious,False,Image,False,2,2,2,0
702,sub-07,rh-parahippocampal,0.8,0.5477225575051661,0.7499999999999999,0.5367805196238632,None + Linear-SVM,conscious,conscious,False,Image,False,2,3,2,0
703,sub-07,rh-parahippocampal,0.8333333333333333,0.5163977794943223,0.8,0.4947835911261436,None + Linear-SVM,conscious,conscious,False,Image,False,2,6,3,0
704,sub-07,rh-parahippocampal,0.5,0.0,0.0,0.7324695201402532,None + Linear-SVM,conscious,conscious,False,Image,False,2,0,1,0
705,sub-07,rh-parahippocampal,0.75,0.4472135954999579,0.6666666666666666,0.5161303638582467,None + Linear-SVM,conscious,conscious,False,Image,False,2,3,3,0
706,sub-07,rh-parahippocampal,0.5714285714285714,0.1889822365046136,0.25,0.5676121486884889,None + Linear-SVM,conscious,conscious,False,Image,False,2,1,6,0
707,sub-07,rh-parahippocampal,0.6000000000000001,0.31622776601683794,0.5714285714285715,0.6616100146169562,None + Linear-SVM,conscious,conscious,False,Image,False,2,4,6,0
708,sub-07,rh-parahippocampal,0.6,0.2581988897471611,0.33333333333333337,0.5780436881130323,None + Linear-SVM,conscious,conscious,False,Image,False,2,1,4,0
709,sub-07,rh-parahippocampal,0.65,0.25819888974716115,0.4615384615384615,0.5419769725589605,None + Linear-SVM,conscious,conscious,False,Image,False,2,3,7,0
710,sub-07,rh-parahippocampal,1.0,0.5773502691896258,0.6666666666666666,0.6151248586776152,None + Linear-SVM,conscious,conscious,False,Image,False,2,1,1,0
711,sub-07,rh-parahippocampal,0.75,0.3535533905932738,0.6666666666666666,0.5148035118976819,None + Linear-SVM,conscious,conscious,False,Image,False,2,6,6,0
712,sub-07,rh-parahippocampal,0.7,0.4,0.5714285714285715,0.5883476858122548,None + Linear-SVM,conscious,conscious,False,Image,False,2,2,3,0
713,sub-07,rh-parahippocampal,0.6111111111111112,0.2222222222222222,0.3636363636363636,0.569749471919517,None + Linear-SVM,conscious,conscious,False,Image,False,2,2,7,0
714,sub-07,rh-parahippocampal,0.6000000000000001,0.4,0.5714285714285715,0.5873184695301942,None + Linear-SVM,conscious,conscious,False,Image,False,2,2,3,0
715,sub-07,rh-parahippocampal,0.2,-0.3,0.28571428571428575,0.7260395408964007,None + Linear-SVM,conscious,conscious,False,Image,False,1,1,4,1
716,sub-07,rh-parahippocampal,0.5,0.0,0.0,0.9214156810865144,None + Linear-SVM,conscious,conscious,False,Image,False,2,0,1,0
717,sub-07,rh-parahippocampal,1.0,0.0,0.0,0.8767324496359651,None + Linear-SVM,conscious,conscious,False,Image,False,2,0,1,0
718,sub-07,rh-parahippocampal,0.25,-0.5773502691896258,0.0,0.7952550879823226,None + Linear-SVM,conscious,conscious,False,Image,False,1,0,2,1
719,sub-07,rh-parahippocampal,0.5,0.31622776601683794,0.4,0.7057806343588684,None + Linear-SVM,conscious,conscious,False,Image,False,2,1,3,0
720,sub-07,rh-parahippocampal,0.625,0.5,0.6666666666666666,0.6292576192011442,None + Linear-SVM,conscious,conscious,False,Image,False,2,2,2,0
721,sub-07,rh-parahippocampal,0.5,-0.16666666666666666,0.4,0.7359617802047647,None + Linear-SVM,conscious,conscious,False,Image,False,1,1,2,1
722,sub-07,rh-parahippocampal,0.3571428571428571,-0.05976143046671968,0.5454545454545454,0.6281289475190106,None + Linear-SVM,conscious,conscious,False,Image,False,1,3,4,1
723,sub-07,rh-parahippocampal,0.25,-0.07559289460184544,0.5333333333333333,0.5671145396061626,None + Linear-SVM,conscious,conscious,False,Image,False,1,4,6,1
724,sub-07,rh-parahippocampal,0.0,-0.5,0.0,1.0065700527694676,None + Linear-SVM,conscious,conscious,False,Image,False,1,0,1,1
725,sub-07,rh-parahippocampal,0.16666666666666666,-0.6123724356957946,0.0,0.7378480342648015,None + Linear-SVM,conscious,conscious,False,Image,False,1,0,3,1
726,sub-07,rh-parahippocampal,0.0,-0.5,0.0,0.9618774955920134,None + Linear-SVM,conscious,conscious,False,Image,False,1,0,1,1
727,sub-07,rh-parahippocampal,0.5,0.0,0.0,0.7941053181142503,None + Linear-SVM,conscious,conscious,False,Image,False,2,0,2,0
728,sub-07,rh-parahippocampal,0.375,-0.25,0.3333333333333333,0.656546665346632,None + Linear-SVM,conscious,conscious,False,Image,False,1,1,3,1
729,sub-07,rh-parahippocampal,0.625,0.3273268353539886,0.5454545454545454,0.5297218947797646,None + Linear-SVM,conscious,conscious,False,Image,False,2,3,5,0
730,sub-07,rh-parahippocampal,0.40909090909090906,-0.10112997936948631,0.5000000000000001,0.5325491914348683,None + Linear-SVM,conscious,conscious,False,Image,False,1,4,7,1
731,sub-07,rh-parahippocampal,0.5,0.0,0.0,0.9121969247225635,None + Linear-SVM,conscious,conscious,False,Image,False,2,0,1,0
732,sub-07,rh-parahippocampal,0.5,-0.16666666666666666,0.4,0.6930338833860237,None + Linear-SVM,conscious,conscious,False,Image,False,1,1,2,1
733,sub-07,rh-parahippocampal,0.4,0.0,0.625,0.5499220588009193,None + Linear-SVM,conscious,conscious,False,Image,False,1,5,5,1
734,sub-07,rh-parahippocampal,0.16666666666666666,-0.3333333333333333,0.25,0.6657112877664146,None + Linear-SVM,conscious,conscious,False,Image,False,1,1,5,1
735,sub-07,rh-parahippocampal,0.3333333333333333,-0.14907119849998599,0.4444444444444444,0.6968599909769931,None + Linear-SVM,conscious,conscious,False,Image,False,1,2,4,1
736,sub-07,rh-parahippocampal,0.6666666666666666,0.4082482904638631,0.5,0.6776132989359132,None + Linear-SVM,conscious,conscious,False,Image,False,2,1,2,0
737,sub-07,rh-parahippocampal,0.375,-0.25,0.3333333333333333,0.6578285705184049,None + Linear-SVM,conscious,conscious,False,Image,False,1,1,3,1
738,sub-07,rh-parahippocampal,0.0,-0.5773502691896258,0.0,0.8251463433581178,None + Linear-SVM,conscious,conscious,False,Image,False,1,0,2,1
739,sub-07,rh-parahippocampal,0.0,-0.5773502691896258,0.0,0.8797520828539103,None + Linear-SVM,conscious,conscious,False,Image,False,1,0,2,1
740,sub-07,rh-parahippocampal,0.3846153846153846,-0.026207120918047958,0.6,0.5238479493674238,None + Linear-SVM,conscious,conscious,False,Image,False,1,6,7,1
741,sub-07,rh-parahippocampal,0.16666666666666666,-0.6123724356957946,0.0,0.763238515862872,None + Linear-SVM,conscious,conscious,False,Image,False,1,0,3,1
742,sub-07,rh-parahippocampal,0.5,0.0,0.0,0.9391955699605515,None + Linear-SVM,conscious,conscious,False,Image,False,2,0,1,0
743,sub-07,rh-parahippocampal,0.375,-0.25,0.3333333333333333,0.6903193298507251,None + Linear-SVM,conscious,conscious,False,Image,False,1,1,3,1
744,sub-07,rh-parahippocampal,0.3,-0.09128709291752768,0.5,0.6253942618550842,None + Linear-SVM,conscious,conscious,False,Image,False,1,2,3,1
745,sub-07,rh-parahippocampal,0.4444444444444444,-0.04303314829119352,0.5714285714285714,0.5654193364580867,None + Linear-SVM,conscious,conscious,False,Image,False,1,4,5,1
746,sub-07,rh-parahippocampal,0.0,-0.5,0.0,0.9464887176625428,None + Linear-SVM,conscious,conscious,False,Image,False,1,0,1,1
747,sub-07,rh-parahippocampal,0.5833333333333333,0.4472135954999579,0.6666666666666666,0.5890150568181851,None + Linear-SVM,conscious,conscious,False,Image,False,2,3,3,0
748,sub-07,rh-parahippocampal,0.21428571428571427,-0.35714285714285715,0.22222222222222224,0.6473903095878989,None + Linear-SVM,conscious,conscious,False,Image,False,1,1,6,1
749,sub-07,rh-parahippocampal,0.25,-0.07559289460184544,0.5333333333333333,0.775280182320197,None + Linear-SVM,conscious,conscious,False,Image,False,1,4,6,1
750,sub-07,rh-parahippocampal,0.1,-0.3,0.28571428571428575,0.6616281425067779,None + Linear-SVM,conscious,conscious,False,Image,False,1,1,4,1
751,sub-07,rh-parahippocampal,0.15,-0.25819888974716115,0.30769230769230765,0.6054658430676613,None + Linear-SVM,conscious,conscious,False,Image,False,1,2,8,1
752,sub-07,rh-parahippocampal,0.5,0.0,0.0,0.7559837067548115,None + Linear-SVM,conscious,conscious,False,Image,False,2,0,2,0
753,sub-07,rh-parahippocampal,0.41666666666666663,-0.05892556509887897,0.5555555555555556,0.5371080352909346,None + Linear-SVM,conscious,conscious,False,Image,False,1,5,7,1
754,sub-07,rh-parahippocampal,0.2,-0.3,0.28571428571428575,0.6868796668059003,None + Linear-SVM,conscious,conscious,False,Image,False,1,1,4,1
755,sub-07,rh-parahippocampal,0.16666666666666666,-0.24056261216234406,0.3333333333333333,0.6255440914011386,None + Linear-SVM,conscious,conscious,False,Image,False,1,2,7,1
756,sub-07,rh-parahippocampal,0.4,-0.09128709291752768,0.5,0.6701501671572397,None + Linear-SVM,conscious,conscious,False,Image,False,1,2,3,1
757,sub-07,rh-parahippocampal,0.0,-0.6454972243679028,0.0,0.7312283697552903,None + Linear-SVM,conscious,conscious,False,Image,False,1,0,5,1
758,sub-07,rh-parahippocampal,0.0,-0.5,0.0,1.026251191060075,None + Linear-SVM,conscious,conscious,False,Image,False,1,0,1,1
759,sub-07,rh-parahippocampal,1.0,0.0,0.0,1.0040973821472183,None + Linear-SVM,conscious,conscious,False,Image,False,2,0,1,0
760,sub-07,rh-parahippocampal,0.0,-0.5773502691896258,0.0,0.8973864539786954,None + Linear-SVM,conscious,conscious,False,Image,False,1,0,2,1
761,sub-07,rh-parahippocampal,0.125,-0.6324555320336759,0.0,0.7692768788313754,None + Linear-SVM,conscious,conscious,False,Image,False,1,0,4,1
762,sub-07,rh-parahippocampal,0.5,0.31622776601683794,0.4,0.6812772206811464,None + Linear-SVM,conscious,conscious,False,Image,False,2,1,3,0
763,sub-07,rh-parahippocampal,0.16666666666666666,-0.6123724356957946,0.0,0.8133707038142048,None + Linear-SVM,conscious,conscious,False,Image,False,1,0,3,1
764,sub-07,rh-parahippocampal,0.14285714285714285,-0.35714285714285715,0.22222222222222224,0.6693370933738229,None + Linear-SVM,conscious,conscious,False,Image,False,1,1,6,1
765,sub-07,rh-parahippocampal,0.0,-0.674199862463242,0.0,0.6135434913024606,None + Linear-SVM,conscious,conscious,False,Image,False,1,0,10,1
766,sub-07,rh-parahippocampal,0.0,-0.5,0.0,1.1184270681646136,None + Linear-SVM,conscious,conscious,False,Image,False,1,0,1,1
767,sub-07,rh-parahippocampal,0.0,-0.6123724356957946,0.0,0.8428705657007785,None + Linear-SVM,conscious,conscious,False,Image,False,1,0,3,1
768,sub-07,rh-parahippocampal,0.0,-0.5,0.0,1.107926167152065,None + Linear-SVM,conscious,conscious,False,Image,False,1,0,1,1
769,sub-07,rh-parahippocampal,0.0,-0.5773502691896258,0.0,0.8706032510256333,None + Linear-SVM,conscious,conscious,False,Image,False,1,0,2,1
770,sub-07,rh-parahippocampal,0.25,-0.25,0.3333333333333333,0.7187103269942722,None + Linear-SVM,conscious,conscious,False,Image,False,1,1,3,1
771,sub-07,rh-parahippocampal,0.375,-0.10206207261596577,0.5,0.5504508844088092,None + Linear-SVM,conscious,conscious,False,Image,False,1,3,5,1
772,sub-07,rh-parahippocampal,0.18181818181818182,-0.27247463045653303,0.28571428571428575,0.5578132662975548,None + Linear-SVM,conscious,conscious,False,Image,False,1,2,9,1
773,sub-07,rh-parahippocampal,0.5,0.0,0.0,1.019625109296666,None + Linear-SVM,conscious,conscious,False,Image,False,2,0,1,0
774,sub-07,rh-parahippocampal,0.3333333333333333,-0.16666666666666666,0.4,0.7558012023511572,None + Linear-SVM,conscious,conscious,False,Image,False,1,1,2,1
775,sub-07,rh-parahippocampal,0.1,-0.4,0.16666666666666669,0.5978030196584369,None + Linear-SVM,conscious,conscious,False,Image,False,1,1,9,1
776,sub-07,rh-parahippocampal,0.16666666666666666,-0.3333333333333333,0.25,0.6711322535956783,None + Linear-SVM,conscious,conscious,False,Image,False,1,1,5,1
777,sub-07,rh-parahippocampal,0.08333333333333333,-0.3333333333333333,0.25,0.7268733800966883,None + Linear-SVM,conscious,conscious,False,Image,False,1,1,5,1
778,sub-07,rh-parahippocampal,0.16666666666666666,-0.6123724356957946,0.0,0.7370042624779853,None + Linear-SVM,conscious,conscious,False,Image,False,1,0,3,1
779,sub-07,rh-parahippocampal,0.0,-0.6324555320336759,0.0,0.7194775535612022,None + Linear-SVM,conscious,conscious,False,Image,False,1,0,4,1
780,sub-07,rh-parahippocampal,0.0,-0.5773502691896258,0.0,0.9152981746450877,None + Linear-SVM,conscious,conscious,False,Image,False,1,0,2,1
781,sub-07,rh-parahippocampal,0.0,-0.5773502691896258,0.0,0.9325372533226104,None + Linear-SVM,conscious,conscious,False,Image,False,1,0,2,1
782,sub-07,rh-parahippocampal,0.11538461538461539,-0.294174202707276,0.25,0.5430551472846848,None + Linear-SVM,conscious,conscious,False,Image,False,1,2,11,1
783,sub-07,rh-parahippocampal,0.0,-0.6123724356957946,0.0,0.850669580632851,None + Linear-SVM,conscious,conscious,False,Image,False,1,0,3,1
784,sub-07,rh-parahippocampal,0.0,-0.5,0.0,1.0785568245566628,None + Linear-SVM,conscious,conscious,False,Image,False,1,0,1,1
785,sub-07,rh-parahippocampal,0.25,-0.25,0.3333333333333333,0.7231604996889455,None + Linear-SVM,conscious,conscious,False,Image,False,1,1,3,1
786,sub-07,rh-parahippocampal,0.1,-0.3,0.28571428571428575,0.6541943089653709,None + Linear-SVM,conscious,conscious,False,Image,False,1,1,4,1
787,sub-07,rh-parahippocampal,0.3333333333333333,-0.1336306209562122,0.46153846153846156,0.5718620384174624,None + Linear-SVM,conscious,conscious,False,Image,False,1,3,6,1
788,sub-07,rh-parahippocampal,0.0,-0.5,0.0,1.0702094935820534,None + Linear-SVM,conscious,conscious,False,Image,False,1,0,1,1
789,sub-07,rh-parahippocampal,0.5,0.3333333333333333,0.5,0.6334833566743361,None + Linear-SVM,conscious,conscious,False,Image,False,2,2,4,0
790,sub-07,rh-parahippocampal,0.07142857142857142,-0.35714285714285715,0.22222222222222224,0.6773301193324833,None + Linear-SVM,conscious,conscious,False,Image,False,1,1,6,1
791,sub-07,rh-parahippocampal,0.0,-0.674199862463242,0.0,0.8201013884488484,None + Linear-SVM,conscious,conscious,False,Image,False,1,0,10,1
792,sub-07,rh-parahippocampal,0.1,-0.3,0.28571428571428575,0.7074929450046594,None + Linear-SVM,conscious,conscious,False,Image,False,1,1,4,1
793,sub-07,rh-parahippocampal,0.0,-0.674199862463242,0.0,0.6355418789048773,None + Linear-SVM,conscious,conscious,False,Image,False,1,0,10,1
794,sub-07,rh-parahippocampal,0.25,-0.5773502691896258,0.0,0.8331954620500062,None + Linear-SVM,conscious,conscious,False,Image,False,1,0,2,1
795,sub-07,rh-parahippocampal,0.041666666666666664,-0.4166666666666667,0.14285714285714285,0.5687731654243445,None + Linear-SVM,conscious,conscious,False,Image,False,1,1,11,1
796,sub-07,rh-parahippocampal,0.0,-0.6454972243679028,0.0,0.7543425365367112,None + Linear-SVM,conscious,conscious,False,Image,False,1,0,5,1
797,sub-07,rh-parahippocampal,0.0,-0.6708203932499369,0.0,0.7069915151403241,None + Linear-SVM,conscious,conscious,False,Image,False,1,0,9,1
798,sub-07,rh-parahippocampal,0.2,-0.3,0.28571428571428575,0.6868757321532614,None + Linear-SVM,conscious,conscious,False,Image,False,1,1,4,1
799,sub-07,rh-parahippocampal,0.6,0.31622776601683794,0.5714285714285715,0.6000738457686979,None + Linear-SVM,conscious,conscious,False,Image,False,1,2,3,0
800,sub-07,rh-parahippocampal,1.0,0.0,0.0,0.6825202313586287,None + Linear-SVM,conscious,conscious,False,Image,False,1,0,1,0
801,sub-07,rh-parahippocampal,1.0,0.0,0.0,0.6165340920038267,None + Linear-SVM,conscious,conscious,False,Image,False,1,0,1,0
802,sub-07,rh-parahippocampal,0.5,0.0,0.0,0.6187723118909193,None + Linear-SVM,conscious,conscious,False,Image,False,1,0,2,0
803,sub-07,rh-parahippocampal,0.75,0.4082482904638631,0.6666666666666666,0.5656951752062591,None + Linear-SVM,conscious,conscious,False,Image,False,1,2,2,0
804,sub-07,rh-parahippocampal,0.75,0.4082482904638631,0.6666666666666666,0.5094617620455244,None + Linear-SVM,conscious,conscious,False,Image,False,1,2,2,0
805,sub-07,rh-parahippocampal,0.3333333333333333,0.3333333333333333,0.5,0.5964195515528096,None + Linear-SVM,conscious,conscious,False,Image,False,1,1,2,0
806,sub-07,rh-parahippocampal,0.5714285714285714,0.29277002188455997,0.6,0.5263520452604442,None + Linear-SVM,conscious,conscious,False,Image,False,1,3,4,0
807,sub-07,rh-parahippocampal,0.5,0.23904572186687872,0.5714285714285715,0.5113456677492672,None + Linear-SVM,conscious,conscious,False,Image,False,1,4,6,0
808,sub-07,rh-parahippocampal,0.0,0.0,0.0,0.808631613884575,None + Linear-SVM,conscious,conscious,False,Image,False,1,0,1,0
809,sub-07,rh-parahippocampal,0.3333333333333333,0.3333333333333333,0.5,0.623892460117242,None + Linear-SVM,conscious,conscious,False,Image,False,1,1,2,0
810,sub-07,rh-parahippocampal,1.0,0.0,0.0,0.7241530163180383,None + Linear-SVM,conscious,conscious,False,Image,False,1,0,1,0
811,sub-07,rh-parahippocampal,1.0,0.5,0.6666666666666666,0.6065523798036548,None + Linear-SVM,conscious,conscious,False,Image,False,1,1,1,0
812,sub-07,rh-parahippocampal,0.75,0.4082482904638631,0.6666666666666666,0.5190938712656527,None + Linear-SVM,conscious,conscious,False,Image,False,1,2,2,0
813,sub-07,rh-parahippocampal,0.875,0.5,0.8571428571428571,0.4508997414336055,None + Linear-SVM,conscious,conscious,False,Image,False,1,6,2,0
814,sub-07,rh-parahippocampal,0.7272727272727273,0.3567530340063379,0.7777777777777778,0.4688506505150393,None + Linear-SVM,conscious,conscious,False,Image,False,1,7,4,0
815,sub-07,rh-parahippocampal,1.0,0.0,0.0,0.676377393957035,None + Linear-SVM,conscious,conscious,False,Image,False,1,0,1,0
816,sub-07,rh-parahippocampal,0.6666666666666666,0.3333333333333333,0.5,0.5291331863021032,None + Linear-SVM,conscious,conscious,False,Image,False,1,1,2,0
817,sub-07,rh-parahippocampal,0.5,0.23904572186687872,0.5714285714285715,0.5098560354759484,None + Linear-SVM,conscious,conscious,False,Image,False,1,4,6,0
818,sub-07,rh-parahippocampal,0.3333333333333333,0.2581988897471611,0.5,0.5323407841340926,None + Linear-SVM,conscious,conscious,False,Image,False,1,2,4,0
819,sub-07,rh-parahippocampal,0.5,0.2581988897471611,0.5,0.5815705804102199,None + Linear-SVM,conscious,conscious,False,Image,False,1,2,4,0
820,sub-07,rh-parahippocampal,1.0,0.5773502691896258,0.8,0.5143078079470988,None + Linear-SVM,conscious,conscious,False,Image,False,1,2,1,0
821,sub-07,rh-parahippocampal,0.75,0.4082482904638631,0.6666666666666666,0.5170922872342402,None + Linear-SVM,conscious,conscious,False,Image,False,1,2,2,0
822,sub-07,rh-parahippocampal,0.5,0.0,0.0,0.6460389754739374,None + Linear-SVM,conscious,conscious,False,Image,False,1,0,2,0
823,sub-07,rh-parahippocampal,0.0,0.0,0.0,0.6739237238008914,None + Linear-SVM,conscious,conscious,False,Image,False,1,0,2,0
824,sub-07,rh-parahippocampal,0.5384615384615384,0.24019223070763068,0.631578947368421,0.4822845279897088,None + Linear-SVM,conscious,conscious,False,Image,False,1,6,7,0
825,sub-07,rh-parahippocampal,0.6666666666666666,0.3333333333333333,0.5,0.5860960805883899,None + Linear-SVM,conscious,conscious,False,Image,False,1,1,2,0
826,sub-07,rh-parahippocampal,1.0,0.0,0.0,0.687842382215996,None + Linear-SVM,conscious,conscious,False,Image,False,1,0,1,0
827,sub-07,rh-parahippocampal,0.75,0.4082482904638631,0.6666666666666666,0.527304117743042,None + Linear-SVM,conscious,conscious,False,Image,False,1,2,2,0
828,sub-07,rh-parahippocampal,0.8,0.4472135954999579,0.7499999999999999,0.4985006554865645,None + Linear-SVM,conscious,conscious,False,Image,False,1,3,2,0
829,sub-07,rh-parahippocampal,0.8888888888888888,0.5091750772173156,0.8750000000000001,0.4716804626579629,None + Linear-SVM,conscious,conscious,False,Image,False,1,7,2,0
830,sub-07,rh-parahippocampal,1.0,0.0,0.0,0.729701608081049,None + Linear-SVM,conscious,conscious,False,Image,False,1,0,1,0
831,sub-07,rh-parahippocampal,0.6666666666666666,0.3535533905932738,0.6666666666666666,0.48683790053509124,None + Linear-SVM,conscious,conscious,False,Image,False,1,3,3,0
832,sub-07,rh-parahippocampal,0.7142857142857143,0.3779644730092272,0.7272727272727273,0.5349676835925896,None + Linear-SVM,conscious,conscious,False,Image,False,1,4,3,0
833,sub-07,rh-parahippocampal,0.6,0.28867513459481287,0.6666666666666666,0.6643722879486308,None + Linear-SVM,conscious,conscious,False,Image,False,1,5,5,0
834,sub-07,rh-parahippocampal,0.8,0.4472135954999579,0.7499999999999999,0.542321602403625,None + Linear-SVM,conscious,conscious,False,Image,False,1,3,2,0
835,sub-07,rh-parahippocampal,0.6,0.28867513459481287,0.6666666666666666,0.5260538934023176,None + Linear-SVM,conscious,conscious,False,Image,False,1,5,5,0
836,sub-07,rh-parahippocampal,1.0,0.5,0.6666666666666666,0.5698791602199754,None + Linear-SVM,conscious,conscious,False,Image,False,1,1,1,0
837,sub-07,rh-parahippocampal,0.6666666666666666,0.31180478223116176,0.7368421052631579,0.49790954835132695,None + Linear-SVM,conscious,conscious,False,Image,False,1,7,5,0
838,sub-07,rh-parahippocampal,0.4,0.31622776601683794,0.5714285714285715,0.5692420816147202,None + Linear-SVM,conscious,conscious,False,Image,False,1,2,3,0
839,sub-07,rh-parahippocampal,0.5555555555555556,0.2721655269759087,0.6153846153846153,0.5514457089094335,None + Linear-SVM,conscious,conscious,False,Image,False,1,4,5,0
840,sub-07,rh-parahippocampal,0.6,0.31622776601683794,0.5714285714285715,0.5425896289208245,None + Linear-SVM,conscious,conscious,False,Image,False,1,2,3,0
841,sub-07,rh-parahippocampal,0.6000000000000001,0.4,0.5714285714285715,0.6332739946720815,None + Linear-SVM,conscious,conscious,False,Image,False,2,2,3,0
842,sub-07,rh-parahippocampal,1.0,0.0,0.0,0.7099346187155445,None + Linear-SVM,conscious,conscious,False,Image,False,2,0,1,0
843,sub-07,rh-parahippocampal,1.0,0.0,0.0,0.6698094344916349,None + Linear-SVM,conscious,conscious,False,Image,False,2,0,1,0
844,sub-07,rh-parahippocampal,0.75,0.5773502691896258,0.6666666666666666,0.6420567638116552,None + Linear-SVM,conscious,conscious,False,Image,False,2,1,1,0
845,sub-07,rh-parahippocampal,0.75,0.5,0.6666666666666666,0.6039292005389894,None + Linear-SVM,conscious,conscious,False,Image,False,2,2,2,0
846,sub-07,rh-parahippocampal,0.875,0.5,0.6666666666666666,0.5430012670330774,None + Linear-SVM,conscious,conscious,False,Image,False,2,2,2,0
847,sub-07,rh-parahippocampal,0.8333333333333333,0.6666666666666666,0.8,0.6051961123693662,None + Linear-SVM,conscious,conscious,False,Image,False,2,2,1,0
848,sub-07,rh-parahippocampal,0.7857142857142857,0.5976143046671968,0.8333333333333333,0.525613221800048,None + Linear-SVM,conscious,conscious,False,Image,False,2,5,2,0
849,sub-07,rh-parahippocampal,0.75,0.37796447300922725,0.6666666666666666,0.5265051611128697,None + Linear-SVM,conscious,conscious,False,Image,False,2,5,5,0
850,sub-07,rh-parahippocampal,0.5,0.0,0.0,0.7779122350258859,None + Linear-SVM,conscious,conscious,False,Image,False,2,0,1,0
851,sub-07,rh-parahippocampal,0.6666666666666666,0.4082482904638631,0.5,0.6309755030074407,None + Linear-SVM,conscious,conscious,False,Image,False,2,1,2,0
852,sub-07,rh-parahippocampal,0.5,0.0,0.0,0.7322004912288221,None + Linear-SVM,conscious,conscious,False,Image,False,2,0,1,0
853,sub-07,rh-parahippocampal,0.75,0.5773502691896258,0.6666666666666666,0.6580674880581059,None + Linear-SVM,conscious,conscious,False,Image,False,2,1,1,0
854,sub-07,rh-parahippocampal,1.0,0.7071067811865476,0.8571428571428571,0.5620853485821353,None + Linear-SVM,conscious,conscious,False,Image,False,2,3,1,0
855,sub-07,rh-parahippocampal,0.9375,0.6123724356957946,0.8571428571428571,0.48424779412601165,None + Linear-SVM,conscious,conscious,False,Image,False,2,6,2,0
856,sub-07,rh-parahippocampal,0.8636363636363636,0.5393598899705937,0.8421052631578948,0.4941574171793955,None + Linear-SVM,conscious,conscious,False,Image,False,2,8,3,0
857,sub-07,rh-parahippocampal,1.0,0.0,0.0,0.7228727568235431,None + Linear-SVM,conscious,conscious,False,Image,False,2,0,1,0
858,sub-07,rh-parahippocampal,1.0,0.6666666666666666,0.8,0.5773038694272465,None + Linear-SVM,conscious,conscious,False,Image,False,2,2,1,0
859,sub-07,rh-parahippocampal,0.8,0.4472135954999579,0.7499999999999999,0.5208451725004414,None + Linear-SVM,conscious,conscious,False,Image,False,2,6,4,0
860,sub-07,rh-parahippocampal,0.6666666666666667,0.4472135954999579,0.6666666666666666,0.563964424024011,None + Linear-SVM,conscious,conscious,False,Image,False,2,3,3,0
861,sub-07,rh-parahippocampal,0.75,0.5773502691896258,0.8,0.5938604610669269,None + Linear-SVM,conscious,conscious,False,Image,False,2,4,2,0
862,sub-07,rh-parahippocampal,1.0,0.6666666666666666,0.8,0.5724428415918488,None + Linear-SVM,conscious,conscious,False,Image,False,2,2,1,0
863,sub-07,rh-parahippocampal,0.875,0.5,0.6666666666666666,0.5605543672944857,None + Linear-SVM,conscious,conscious,False,Image,False,2,2,2,0
864,sub-07,rh-parahippocampal,0.5,0.0,0.0,0.6707384226181663,None + Linear-SVM,conscious,conscious,False,Image,False,2,0,2,0
865,sub-07,rh-parahippocampal,0.5,0.0,0.0,0.6929766403740999,None + Linear-SVM,conscious,conscious,False,Image,False,2,0,2,0
866,sub-07,rh-parahippocampal,0.8076923076923077,0.4193139346887673,0.761904761904762,0.5011490334485468,None + Linear-SVM,conscious,conscious,False,Image,False,2,8,5,0
867,sub-07,rh-parahippocampal,0.8333333333333333,0.6666666666666666,0.8,0.6109283879482001,None + Linear-SVM,conscious,conscious,False,Image,False,2,2,1,0
868,sub-07,rh-parahippocampal,1.0,0.0,0.0,0.7088391098530767,None + Linear-SVM,conscious,conscious,False,Image,False,2,0,1,0
869,sub-07,rh-parahippocampal,0.875,0.5,0.6666666666666666,0.565142494324487,None + Linear-SVM,conscious,conscious,False,Image,False,2,2,2,0
870,sub-07,rh-parahippocampal,0.9,0.5477225575051661,0.7499999999999999,0.5387871806587048,None + Linear-SVM,conscious,conscious,False,Image,False,2,3,2,0
871,sub-07,rh-parahippocampal,0.8888888888888888,0.6236095644623235,0.8750000000000001,0.4962440388031606,None + Linear-SVM,conscious,conscious,False,Image,False,2,7,2,0
872,sub-07,rh-parahippocampal,0.5,0.0,0.0,0.7377806200231797,None + Linear-SVM,conscious,conscious,False,Image,False,2,0,1,0
873,sub-07,rh-parahippocampal,0.75,0.5773502691896258,0.8,0.5344988750383373,None + Linear-SVM,conscious,conscious,False,Image,False,2,4,2,0
874,sub-07,rh-parahippocampal,0.8571428571428572,0.5976143046671968,0.8333333333333333,0.5518429216463158,None + Linear-SVM,conscious,conscious,False,Image,False,2,5,2,0
875,sub-07,rh-parahippocampal,0.5,0.31622776601683794,0.5714285714285715,0.6948750083973748,None + Linear-SVM,conscious,conscious,False,Image,False,2,4,6,0
876,sub-07,rh-parahippocampal,0.8,0.5477225575051661,0.7499999999999999,0.5665502072753646,None + Linear-SVM,conscious,conscious,False,Image,False,2,3,2,0
877,sub-07,rh-parahippocampal,0.8,0.5291502622129182,0.8235294117647058,0.5379149330677051,None + Linear-SVM,conscious,conscious,False,Image,False,2,7,3,0
878,sub-07,rh-parahippocampal,1.0,0.5773502691896258,0.6666666666666666,0.6242793325005986,None + Linear-SVM,conscious,conscious,False,Image,False,2,1,1,0
879,sub-07,rh-parahippocampal,0.8333333333333333,0.47140452079103173,0.8,0.5139842679408577,None + Linear-SVM,conscious,conscious,False,Image,False,2,8,4,0
880,sub-07,rh-parahippocampal,0.8,0.5477225575051661,0.7499999999999999,0.5857313085142826,None + Linear-SVM,conscious,conscious,False,Image,False,2,3,2,0
881,sub-07,rh-parahippocampal,0.7222222222222222,0.43033148291193524,0.7142857142857143,0.56528450968951,None + Linear-SVM,conscious,conscious,False,Image,False,2,5,4,0
882,sub-07,rh-parahippocampal,0.7,0.5477225575051661,0.7499999999999999,0.5973597988474024,None + Linear-SVM,conscious,conscious,False,Image,False,2,3,2,0
883,sub-07,rh-parahippocampal,0.30000000000000004,-0.31622776601683794,0.25,0.7583272564307211,None + Linear-SVM,conscious,conscious,False,Image,False,2,1,4,2
884,sub-07,rh-parahippocampal,1.0,0.0,0.0,0.919871949467057,None + Linear-SVM,conscious,conscious,False,Image,False,4,0,1,0
885,sub-07,rh-parahippocampal,1.0,0.0,0.0,0.8962359166486731,None + Linear-SVM,conscious,conscious,False,Image,False,4,0,1,0
886,sub-07,rh-parahippocampal,0.5,0.0,0.0,0.8400667027949508,None + Linear-SVM,conscious,conscious,False,Image,False,4,0,2,0
887,sub-07,rh-parahippocampal,0.75,0.5773502691896258,0.6666666666666666,0.7276496915418273,None + Linear-SVM,conscious,conscious,False,Image,False,4,2,2,0
888,sub-07,rh-parahippocampal,0.75,0.5773502691896258,0.6666666666666666,0.7170020915545537,None + Linear-SVM,conscious,conscious,False,Image,False,4,2,2,0
889,sub-07,rh-parahippocampal,0.5,-0.16666666666666666,0.3333333333333333,0.806318127619804,None + Linear-SVM,conscious,conscious,False,Image,False,2,1,2,2
890,sub-07,rh-parahippocampal,0.6071428571428571,0.06900655593423542,0.6153846153846153,0.658055943229305,None + Linear-SVM,conscious,conscious,False,Image,False,2,4,3,2
891,sub-07,rh-parahippocampal,0.525,0.22821773229381923,0.625,0.6192984266123903,None + Linear-SVM,conscious,conscious,False,Image,False,3,5,5,1
892,sub-07,rh-parahippocampal,0.0,-0.6123724356957946,0.0,0.9836006559762659,None + Linear-SVM,conscious,conscious,False,Image,False,1,0,1,3
893,sub-07,rh-parahippocampal,0.25,-0.4166666666666667,0.28571428571428575,0.7930251631379817,None + Linear-SVM,conscious,conscious,False,Image,False,1,1,2,3
894,sub-07,rh-parahippocampal,0.25,-0.4082482904638631,0.0,0.9372872744206979,None + Linear-SVM,conscious,conscious,False,Image,False,2,0,1,2
895,sub-07,rh-parahippocampal,0.875,0.6324555320336759,0.6666666666666666,0.8365555246722916,None + Linear-SVM,conscious,conscious,False,Image,False,4,1,1,0
896,sub-07,rh-parahippocampal,0.625,0.2581988897471611,0.5714285714285715,0.7196689012759254,None + Linear-SVM,conscious,conscious,False,Image,False,3,2,2,1
897,sub-07,rh-parahippocampal,0.71875,0.3535533905932738,0.7142857142857143,0.6042307855085242,None + Linear-SVM,conscious,conscious,False,Image,False,3,5,3,1
898,sub-07,rh-parahippocampal,0.5909090909090909,0.2618924633082486,0.6666666666666665,0.5700971774073385,None + Linear-SVM,conscious,conscious,False,Image,False,3,6,5,1
899,sub-07,rh-parahippocampal,1.0,0.0,0.0,0.9226071274239859,None + Linear-SVM,conscious,conscious,False,Image,False,4,0,1,0
900,sub-07,rh-parahippocampal,0.75,0.47140452079103173,0.5,0.7551052486065987,None + Linear-SVM,conscious,conscious,False,Image,False,4,1,2,0
901,sub-07,rh-parahippocampal,0.6,0.4714045207910317,0.6666666666666666,0.6031862295902819,None + Linear-SVM,conscious,conscious,False,Image,False,4,5,5,0
902,sub-07,rh-parahippocampal,0.3333333333333333,-0.408248290463863,0.3636363636363636,0.6831557966923284,None + Linear-SVM,conscious,conscious,False,Image,False,1,2,4,3
903,sub-07,rh-parahippocampal,0.375,-0.16666666666666666,0.4,0.734569015187596,None + Linear-SVM,conscious,conscious,False,Image,False,2,2,4,2
904,sub-07,rh-parahippocampal,0.8333333333333333,0.4166666666666667,0.6666666666666666,0.7624504620541509,None + Linear-SVM,conscious,conscious,False,Image,False,3,2,1,1
905,sub-07,rh-parahippocampal,0.75,0.2581988897471611,0.5714285714285715,0.7192771937907838,None + Linear-SVM,conscious,conscious,False,Image,False,3,2,2,1
906,sub-07,rh-parahippocampal,0.5,-0.31622776601683794,0.0,0.8481046550032049,None + Linear-SVM,conscious,conscious,False,Image,False,3,0,2,1
907,sub-07,rh-parahippocampal,0.0,-0.7071067811865476,0.0,0.8712470050139348,None + Linear-SVM,conscious,conscious,False,Image,False,1,0,2,3
908,sub-07,rh-parahippocampal,0.40384615384615385,-0.09944903161976938,0.5,0.5779273182067285,None + Linear-SVM,conscious,conscious,False,Image,False,2,5,8,2
909,sub-07,rh-parahippocampal,0.6666666666666666,0.47140452079103173,0.5,0.7856271275651245,None + Linear-SVM,conscious,conscious,False,Image,False,4,1,2,0
910,sub-07,rh-parahippocampal,0.75,-0.25,0.0,0.9257011455326343,None + Linear-SVM,conscious,conscious,False,Image,False,3,0,1,1
911,sub-07,rh-parahippocampal,0.6875,0.2581988897471611,0.5714285714285715,0.7241606623428505,None + Linear-SVM,conscious,conscious,False,Image,False,3,2,2,1
912,sub-07,rh-parahippocampal,0.75,0.35,0.6666666666666665,0.6787421984041644,None + Linear-SVM,conscious,conscious,False,Image,False,3,3,2,1
913,sub-07,rh-parahippocampal,0.6944444444444444,0.5270462766947299,0.7142857142857143,0.6037518912872638,None + Linear-SVM,conscious,conscious,False,Image,False,4,5,4,0
914,sub-07,rh-parahippocampal,0.5,-0.25,0.0,0.9349722919956086,None + Linear-SVM,conscious,conscious,False,Image,False,3,0,1,1
915,sub-07,rh-parahippocampal,0.5,0.4082482904638631,0.5,0.6652380502135966,None + Linear-SVM,conscious,conscious,False,Image,False,4,2,4,0
916,sub-07,rh-parahippocampal,0.5357142857142857,-0.06900655593423542,0.5,0.6702589604453987,None + Linear-SVM,conscious,conscious,False,Image,False,2,3,4,2
917,sub-07,rh-parahippocampal,0.42500000000000004,-0.09128709291752768,0.5,0.7241982747113758,None + Linear-SVM,conscious,conscious,False,Image,False,2,4,6,2
918,sub-07,rh-parahippocampal,0.49999999999999994,0.15811388300841897,0.5,0.7135334065281667,None + Linear-SVM,conscious,conscious,False,Image,False,3,2,3,1
919,sub-07,rh-parahippocampal,0.49999999999999994,0.22821773229381923,0.625,0.6301920772297551,None + Linear-SVM,conscious,conscious,False,Image,False,3,5,5,1
920,sub-07,rh-parahippocampal,1.0,0.6324555320336759,0.6666666666666666,0.8267225195074875,None + Linear-SVM,conscious,conscious,False,Image,False,4,1,1,0
921,sub-07,rh-parahippocampal,0.6041666666666666,0.07273929674533079,0.6666666666666666,0.5909341188325256,None + Linear-SVM,conscious,conscious,False,Image,False,2,7,5,2
922,sub-07,rh-parahippocampal,0.49999999999999994,0.15811388300841897,0.5,0.7286120220235497,None + Linear-SVM,conscious,conscious,False,Image,False,3,2,3,1
923,sub-07,rh-parahippocampal,0.2777777777777778,-0.2777777777777778,0.30769230769230765,0.6652505682166261,None + Linear-SVM,conscious,conscious,False,Image,False,2,2,7,2
924,sub-07,rh-parahippocampal,0.55,0.15811388300841897,0.5,0.7148972376483207,None + Linear-SVM,conscious,conscious,False,Image,False,3,2,3,1
925,sub-07,rh-parahippocampal,0.4,0.06666666666666667,0.5,0.7052078892970055,None + Linear-SVM,conscious,conscious,False,Image,False,2,2,3,1
926,sub-07,rh-parahippocampal,0.6666666666666667,-0.3333333333333333,0.0,0.83948662620999,None + Linear-SVM,conscious,conscious,False,Image,False,2,0,1,1
927,sub-07,rh-parahippocampal,1.0,0.0,0.0,0.8159231321818041,None + Linear-SVM,conscious,conscious,False,Image,False,3,0,1,0
928,sub-07,rh-parahippocampal,0.6666666666666667,0.16666666666666666,0.5,0.7587058169226975,None + Linear-SVM,conscious,conscious,False,Image,False,2,1,1,1
929,sub-07,rh-parahippocampal,0.6666666666666667,0.16666666666666666,0.5714285714285715,0.6770112929646029,None + Linear-SVM,conscious,conscious,False,Image,False,2,2,2,1
930,sub-07,rh-parahippocampal,0.75,0.16666666666666666,0.5714285714285715,0.649701129522294,None + Linear-SVM,conscious,conscious,False,Image,False,2,2,2,1
931,sub-07,rh-parahippocampal,0.4444444444444445,0.0,0.4,0.746088103783424,None + Linear-SVM,conscious,conscious,False,Image,False,2,1,2,1
932,sub-07,rh-parahippocampal,0.5238095238095238,0.0890870806374748,0.5454545454545454,0.6165699110747538,None + Linear-SVM,conscious,conscious,False,Image,False,2,3,4,1
933,sub-07,rh-parahippocampal,0.4666666666666667,0.05773502691896257,0.5333333333333333,0.5826942325575785,None + Linear-SVM,conscious,conscious,False,Image,False,2,4,6,1
934,sub-07,rh-parahippocampal,0.33333333333333337,-0.3333333333333333,0.0,0.8991790007403382,None + Linear-SVM,conscious,conscious,False,Image,False,2,0,1,1
935,sub-07,rh-parahippocampal,0.4444444444444445,0.0,0.4,0.721692989927916,None + Linear-SVM,conscious,conscious,False,Image,False,2,1,2,1
936,sub-07,rh-parahippocampal,0.33333333333333337,-0.3333333333333333,0.0,0.8732093172162094,None + Linear-SVM,conscious,conscious,False,Image,False,2,0,1,1
937,sub-07,rh-parahippocampal,0.5,0.16666666666666666,0.5,0.766237922606758,None + Linear-SVM,conscious,conscious,False,Image,False,2,1,1,1
938,sub-07,rh-parahippocampal,0.6666666666666667,0.16666666666666666,0.5714285714285715,0.6544495924091056,None + Linear-SVM,conscious,conscious,False,Image,False,2,2,2,1
939,sub-07,rh-parahippocampal,0.7083333333333334,0.2608745973749754,0.7142857142857143,0.5516140911309262,None + Linear-SVM,conscious,conscious,False,Image,False,2,5,3,1
940,sub-07,rh-parahippocampal,0.6363636363636364,0.17407765595569785,0.6666666666666665,0.542088266829947,None + Linear-SVM,conscious,conscious,False,Image,False,2,6,5,1
941,sub-07,rh-parahippocampal,0.6666666666666667,-0.3333333333333333,0.0,0.8536323012870812,None + Linear-SVM,conscious,conscious,False,Image,False,2,0,1,1
942,sub-07,rh-parahippocampal,0.6666666666666667,0.0,0.4,0.6811375415669639,None + Linear-SVM,conscious,conscious,False,Image,False,2,1,2,1
943,sub-07,rh-parahippocampal,0.6000000000000001,0.14085904245475275,0.625,0.557402665765071,None + Linear-SVM,conscious,conscious,False,Image,False,2,5,5,1
944,sub-07,rh-parahippocampal,0.6111111111111112,0.15811388300841897,0.6,0.6245017804779693,None + Linear-SVM,conscious,conscious,False,Image,False,2,3,3,1
945,sub-07,rh-parahippocampal,0.5555555555555556,0.15811388300841897,0.6,0.6657271256555922,None + Linear-SVM,conscious,conscious,False,Image,False,2,3,3,1
946,sub-07,rh-parahippocampal,0.7777777777777779,0.3333333333333333,0.6666666666666666,0.686503279415489,None + Linear-SVM,conscious,conscious,False,Image,False,2,2,1,1
947,sub-07,rh-parahippocampal,0.6666666666666667,0.16666666666666666,0.5714285714285715,0.6461816975247847,None + Linear-SVM,conscious,conscious,False,Image,False,2,2,2,1
948,sub-07,rh-parahippocampal,0.33333333333333337,-0.4082482904638631,0.0,0.8092381597239932,None + Linear-SVM,conscious,conscious,False,Image,False,2,0,2,1
949,sub-07,rh-parahippocampal,0.33333333333333337,-0.4082482904638631,0.0,0.7969345455144989,None + Linear-SVM,conscious,conscious,False,Image,False,2,0,2,1
950,sub-07,rh-parahippocampal,0.5641025641025641,0.10087125544480041,0.6,0.5366941715883566,None + Linear-SVM,conscious,conscious,False,Image,False,2,6,7,1
951,sub-07,rh-parahippocampal,0.5555555555555556,0.0,0.4,0.7318757735411111,None + Linear-SVM,conscious,conscious,False,Image,False,2,1,2,1
952,sub-07,rh-parahippocampal,0.6666666666666667,-0.3333333333333333,0.0,0.8485963688318673,None + Linear-SVM,conscious,conscious,False,Image,False,2,0,1,1
953,sub-07,rh-parahippocampal,0.75,0.16666666666666666,0.5714285714285715,0.6629908804148614,None + Linear-SVM,conscious,conscious,False,Image,False,2,2,2,1
954,sub-07,rh-parahippocampal,0.6666666666666667,0.2581988897471611,0.6666666666666665,0.6198939456645693,None + Linear-SVM,conscious,conscious,False,Image,False,2,3,2,1
955,sub-07,rh-parahippocampal,0.7777777777777779,0.4879500364742666,0.7142857142857143,0.5441383498342163,None + Linear-SVM,conscious,conscious,False,Image,False,3,5,4,0
956,sub-07,rh-parahippocampal,0.33333333333333337,-0.3333333333333333,0.0,0.8659055950873326,None + Linear-SVM,conscious,conscious,False,Image,False,2,0,1,1
957,sub-07,rh-parahippocampal,0.6666666666666666,0.15811388300841897,0.6,0.6053785811816952,None + Linear-SVM,conscious,conscious,False,Image,False,2,3,3,1
958,sub-07,rh-parahippocampal,0.4285714285714286,-0.047619047619047616,0.4,0.653718622441699,None + Linear-SVM,conscious,conscious,False,Image,False,2,2,5,1
959,sub-07,rh-parahippocampal,0.4666666666666667,0.14085904245475275,0.625,0.6953587770155738,None + Linear-SVM,conscious,conscious,False,Image,False,2,5,5,1
960,sub-07,rh-parahippocampal,0.4666666666666667,-0.14907119849998599,0.28571428571428575,0.6450204505685926,None + Linear-SVM,conscious,conscious,False,Image,False,2,1,4,1
961,sub-07,rh-parahippocampal,0.4666666666666667,0.05773502691896257,0.5333333333333333,0.6096339280360452,None + Linear-SVM,conscious,conscious,False,Image,False,2,4,6,1
962,sub-07,rh-parahippocampal,0.6666666666666667,0.16666666666666666,0.5,0.7485421502859606,None + Linear-SVM,conscious,conscious,False,Image,False,2,1,1,1
963,sub-07,rh-parahippocampal,0.5833333333333334,0.2004459314343183,0.7000000000000001,0.5542343336605136,None + Linear-SVM,conscious,conscious,False,Image,False,2,7,5,1
964,sub-07,rh-parahippocampal,0.5333333333333333,0.06666666666666667,0.5,0.6549872031514896,None + Linear-SVM,conscious,conscious,False,Image,False,2,2,3,1
965,sub-07,rh-parahippocampal,0.5185185185185186,0.09759000729485331,0.5714285714285714,0.6235688527645648,None + Linear-SVM,conscious,conscious,False,Image,False,2,4,5,1
966,sub-07,rh-parahippocampal,0.5333333333333334,0.06666666666666667,0.5,0.6632869470985485,None + Linear-SVM,conscious,conscious,False,Image,False,2,2,3,1
967,sub-07,rh-parahippocampal,0.44999999999999996,0.15811388300841897,0.5,0.7249977622047609,None + Linear-SVM,conscious,conscious,False,Image,False,3,2,3,1
968,sub-07,rh-parahippocampal,1.0,0.0,0.0,0.8152243697065883,None + Linear-SVM,conscious,conscious,False,Image,False,4,0,1,0
969,sub-07,rh-parahippocampal,1.0,0.0,0.0,0.7935263752223363,None + Linear-SVM,conscious,conscious,False,Image,False,4,0,1,0
970,sub-07,rh-parahippocampal,0.75,0.25,0.5,0.752856854484078,None + Linear-SVM,conscious,conscious,False,Image,False,3,1,1,1
971,sub-07,rh-parahippocampal,0.6875,0.2581988897471611,0.5714285714285715,0.6899156317841934,None + Linear-SVM,conscious,conscious,False,Image,False,3,2,2,1
972,sub-07,rh-parahippocampal,0.8125,0.5773502691896258,0.6666666666666666,0.6568623652958367,None + Linear-SVM,conscious,conscious,False,Image,False,4,2,2,0
973,sub-07,rh-parahippocampal,0.5833333333333333,-0.16666666666666666,0.3333333333333333,0.7245825843837971,None + Linear-SVM,conscious,conscious,False,Image,False,2,1,2,2
974,sub-07,rh-parahippocampal,0.75,0.3105295017040594,0.6666666666666666,0.6061292213200103,None + Linear-SVM,conscious,conscious,False,Image,False,3,4,3,1
975,sub-07,rh-parahippocampal,0.675,0.22821773229381923,0.625,0.5819759723946513,None + Linear-SVM,conscious,conscious,False,Image,False,3,5,5,1
976,sub-07,rh-parahippocampal,0.25,-0.4082482904638631,0.0,0.8483910453956212,None + Linear-SVM,conscious,conscious,False,Image,False,2,0,1,2
977,sub-07,rh-parahippocampal,0.5833333333333334,0.09128709291752768,0.4,0.7216138110475738,None + Linear-SVM,conscious,conscious,False,Image,False,3,1,2,1
978,sub-07,rh-parahippocampal,0.5,-0.25,0.0,0.8236262362989084,None + Linear-SVM,conscious,conscious,False,Image,False,3,0,1,1
979,sub-07,rh-parahippocampal,0.625,0.25,0.5,0.7673994852942262,None + Linear-SVM,conscious,conscious,False,Image,False,3,1,1,1
980,sub-07,rh-parahippocampal,0.75,0.2581988897471611,0.5714285714285715,0.6615483784232149,None + Linear-SVM,conscious,conscious,False,Image,False,3,2,2,1
981,sub-07,rh-parahippocampal,0.84375,0.5976143046671968,0.7692307692307693,0.5690262952978047,None + Linear-SVM,conscious,conscious,False,Image,False,4,5,3,0
982,sub-07,rh-parahippocampal,0.7045454545454546,0.2618924633082486,0.6666666666666665,0.5537686509884975,None + Linear-SVM,conscious,conscious,False,Image,False,3,6,5,1
983,sub-07,rh-parahippocampal,1.0,0.0,0.0,0.8160301142159453,None + Linear-SVM,conscious,conscious,False,Image,False,4,0,1,0
984,sub-07,rh-parahippocampal,0.9166666666666666,0.7302967433402214,0.8,0.6780703945208878,None + Linear-SVM,conscious,conscious,False,Image,False,4,2,1,0
985,sub-07,rh-parahippocampal,0.6000000000000001,0.22821773229381923,0.625,0.5816332277656836,None + Linear-SVM,conscious,conscious,False,Image,False,3,5,5,1
986,sub-07,rh-parahippocampal,0.5833333333333333,0.0,0.5454545454545454,0.6333371937254387,None + Linear-SVM,conscious,conscious,False,Image,False,2,3,3,2
987,sub-07,rh-parahippocampal,0.625,0.25,0.6,0.6354878594078005,None + Linear-SVM,conscious,conscious,False,Image,False,3,3,3,1
988,sub-07,rh-parahippocampal,0.9166666666666666,0.7302967433402214,0.8,0.6821976256590282,None + Linear-SVM,conscious,conscious,False,Image,False,4,2,1,0
989,sub-07,rh-parahippocampal,0.75,0.2581988897471611,0.5714285714285715,0.664838423871903,None + Linear-SVM,conscious,conscious,False,Image,False,3,2,2,1
990,sub-07,rh-parahippocampal,0.5,-0.31622776601683794,0.0,0.7596881715292669,None + Linear-SVM,conscious,conscious,False,Image,False,3,0,2,1
991,sub-07,rh-parahippocampal,0.5,-0.31622776601683794,0.0,0.7665741426027749,None + Linear-SVM,conscious,conscious,False,Image,False,3,0,2,1
992,sub-07,rh-parahippocampal,0.75,0.3105172139687914,0.7272727272727274,0.5378668720245018,None + Linear-SVM,conscious,conscious,False,Image,False,3,8,5,1
993,sub-07,rh-parahippocampal,0.6666666666666666,0.09128709291752768,0.4,0.7126645463708753,None + Linear-SVM,conscious,conscious,False,Image,False,3,1,2,1
994,sub-07,rh-parahippocampal,0.75,-0.25,0.0,0.8184867038220354,None + Linear-SVM,conscious,conscious,False,Image,False,3,0,1,1
995,sub-07,rh-parahippocampal,0.6875,0.2581988897471611,0.5714285714285715,0.6775861553486495,None + Linear-SVM,conscious,conscious,False,Image,False,3,2,2,1
996,sub-07,rh-parahippocampal,0.8,0.35,0.6666666666666665,0.6333990374758685,None + Linear-SVM,conscious,conscious,False,Image,False,3,3,2,1
997,sub-07,rh-parahippocampal,0.75,0.38575837490522974,0.75,0.5611847358584245,None + Linear-SVM,conscious,conscious,False,Image,False,3,6,3,1
998,sub-07,rh-parahippocampal,0.5,-0.25,0.0,0.860024227133764,None + Linear-SVM,conscious,conscious,False,Image,False,3,0,1,1
999,sub-07,rh-parahippocampal,0.75,0.25,0.6,0.6040990917629677,None + Linear-SVM,conscious,conscious,False,Image,False,3,3,3,1
1000,sub-07,rh-parahippocampal,0.5714285714285714,0.17857142857142858,0.5454545454545454,0.6393810113735939,None + Linear-SVM,conscious,conscious,False,Image,False,3,3,4,1
1001,sub-07,rh-parahippocampal,0.475,0.09128709291752768,0.6666666666666665,0.7172818341494336,None + Linear-SVM,conscious,conscious,False,Image,False,2,6,4,2
1002,sub-07,rh-parahippocampal,0.6,-0.05976143046671968,0.28571428571428575,0.6634720225162571,None + Linear-SVM,conscious,conscious,False,Image,False,3,1,4,1
1003,sub-07,rh-parahippocampal,0.575,0.1414213562373095,0.5333333333333333,0.6046236664336506,None + Linear-SVM,conscious,conscious,False,Image,False,3,4,6,1
1004,sub-07,rh-parahippocampal,1.0,0.6324555320336759,0.6666666666666666,0.738167538918986,None + Linear-SVM,conscious,conscious,False,Image,False,4,1,1,0
1005,sub-07,rh-parahippocampal,0.6458333333333333,0.21821789023599236,0.631578947368421,0.5629007984312047,None + Linear-SVM,conscious,conscious,False,Image,False,3,6,6,1
1006,sub-07,rh-parahippocampal,0.6000000000000001,0.15811388300841897,0.5,0.6735148591983247,None + Linear-SVM,conscious,conscious,False,Image,False,3,2,3,1
1007,sub-07,rh-parahippocampal,0.5555555555555556,0.18446619684315546,0.5714285714285714,0.6181427535121341,None + Linear-SVM,conscious,conscious,False,Image,False,3,4,5,1
1008,sub-07,rh-parahippocampal,0.65,0.15811388300841897,0.5,0.6673932927069912,None + Linear-SVM,conscious,conscious,False,Image,False,3,2,3,1
1009,sub-07,rh-parahippocampal,0.55,0.025,0.4000000000000001,0.7998625290825875,None + Linear-SVM,conscious,conscious,False,Image,False,5,2,3,3
1010,sub-07,rh-parahippocampal,0.875,-0.125,0.0,0.9420216431841916,None + Linear-SVM,conscious,conscious,False,Image,False,7,0,1,1
1011,sub-07,rh-parahippocampal,0.875,-0.125,0.0,0.926971509615035,None + Linear-SVM,conscious,conscious,False,Image,False,7,0,1,1
1012,sub-07,rh-parahippocampal,0.6875,0.10206207261596577,0.3333333333333333,0.8905433922124149,None + Linear-SVM,conscious,conscious,False,Image,False,5,1,1,3
1013,sub-07,rh-parahippocampal,0.5625,0.11952286093343936,0.4444444444444445,0.8344826969186666,None + Linear-SVM,conscious,conscious,False,Image,False,5,2,2,3
1014,sub-07,rh-parahippocampal,0.78125,0.408248290463863,0.5714285714285715,0.7883471445262282,None + Linear-SVM,conscious,conscious,False,Image,False,7,2,2,1
1015,sub-07,rh-parahippocampal,0.625,-0.03857583749052298,0.28571428571428575,0.8382120319298578,None + Linear-SVM,conscious,conscious,False,Image,False,5,1,2,3
1016,sub-07,rh-parahippocampal,0.6607142857142856,0.32732683535398854,0.6153846153846153,0.733434608339872,None + Linear-SVM,conscious,conscious,False,Image,False,6,4,3,2
1017,sub-07,rh-parahippocampal,0.575,-0.07905694150420949,0.37499999999999994,0.6756508167437782,None + Linear-SVM,conscious,conscious,False,Image,False,5,3,7,3
1018,sub-07,rh-parahippocampal,0.25,-0.3952847075210474,0.0,0.9656430215764793,None + Linear-SVM,conscious,conscious,False,Image,False,3,0,1,5
1019,sub-07,rh-parahippocampal,0.5833333333333334,-0.03857583749052298,0.28571428571428575,0.8403021540592074,None + Linear-SVM,conscious,conscious,False,Image,False,5,1,2,3
1020,sub-07,rh-parahippocampal,0.5,-0.25,0.0,0.9451441634326146,None + Linear-SVM,conscious,conscious,False,Image,False,5,0,1,3
1021,sub-07,rh-parahippocampal,0.625,0.10206207261596577,0.3333333333333333,0.8917848969140847,None + Linear-SVM,conscious,conscious,False,Image,False,5,1,1,3
1022,sub-07,rh-parahippocampal,0.6875,0.11952286093343936,0.4444444444444445,0.8068794457009627,None + Linear-SVM,conscious,conscious,False,Image,False,5,2,2,3
1023,sub-07,rh-parahippocampal,0.75,0.25,0.625,0.6884751582613179,None + Linear-SVM,conscious,conscious,False,Image,False,5,5,3,3
1024,sub-07,rh-parahippocampal,0.6931818181818181,0.29545454545454547,0.631578947368421,0.6561483087493275,None + Linear-SVM,conscious,conscious,False,Image,False,6,6,5,2
1025,sub-07,rh-parahippocampal,0.875,-0.125,0.0,0.93497437927004,None + Linear-SVM,conscious,conscious,False,Image,False,7,0,1,1
1026,sub-07,rh-parahippocampal,0.7916666666666666,0.38575837490522974,0.5714285714285715,0.8356203885233796,None + Linear-SVM,conscious,conscious,False,Image,False,6,2,1,2
1027,sub-07,rh-parahippocampal,0.625,0.025482359571881278,0.47058823529411764,0.6758595494292169,None + Linear-SVM,conscious,conscious,False,Image,False,5,4,6,3
1028,sub-07,rh-parahippocampal,0.4583333333333333,-0.16666666666666666,0.3333333333333333,0.7963751113929902,None + Linear-SVM,conscious,conscious,False,Image,False,4,2,4,4
1029,sub-07,rh-parahippocampal,0.5625,0.28867513459481287,0.6153846153846153,0.7633392588319899,None + Linear-SVM,conscious,conscious,False,Image,False,5,4,2,3
1030,sub-07,rh-parahippocampal,0.7916666666666666,0.38575837490522974,0.5714285714285715,0.8269793986627053,None + Linear-SVM,conscious,conscious,False,Image,False,6,2,1,2
1031,sub-07,rh-parahippocampal,0.75,0.25,0.5,0.7992430684135302,None + Linear-SVM,conscious,conscious,False,Image,False,6,2,2,2
1032,sub-07,rh-parahippocampal,0.5,-0.3273268353539886,0.0,0.8963697179671162,None + Linear-SVM,conscious,conscious,False,Image,False,5,0,2,3
1033,sub-07,rh-parahippocampal,0.4375,-0.4082482904638631,0.0,0.9185846431967277,None + Linear-SVM,conscious,conscious,False,Image,False,4,0,2,4
1034,sub-07,rh-parahippocampal,0.6634615384615385,0.1589409883014377,0.608695652173913,0.6430409533638548,None + Linear-SVM,conscious,conscious,False,Image,False,5,7,6,3
1035,sub-07,rh-parahippocampal,0.7083333333333333,0.24056261216234406,0.4,0.8416773254735035,None + Linear-SVM,conscious,conscious,False,Image,False,7,1,2,1
1036,sub-07,rh-parahippocampal,0.875,-0.125,0.0,0.940108195456843,None + Linear-SVM,conscious,conscious,False,Image,False,7,0,1,1
1037,sub-07,rh-parahippocampal,0.65625,0.11952286093343936,0.4444444444444445,0.8014661379452845,None + Linear-SVM,conscious,conscious,False,Image,False,5,2,2,3
1038,sub-07,rh-parahippocampal,0.75,0.35,0.6,0.7697789495046776,None + Linear-SVM,conscious,conscious,False,Image,False,6,3,2,2
1039,sub-07,rh-parahippocampal,0.7916666666666666,0.6527777777777778,0.823529411764706,0.6734387533522465,None + Linear-SVM,conscious,conscious,False,Image,False,7,7,2,1
1040,sub-07,rh-parahippocampal,0.625,-0.25,0.0,0.9441044031042742,None + Linear-SVM,conscious,conscious,False,Image,False,5,0,1,3
1041,sub-07,rh-parahippocampal,0.6458333333333334,0.125,0.5,0.7335591724394407,None + Linear-SVM,conscious,conscious,False,Image,False,5,3,3,3
1042,sub-07,rh-parahippocampal,0.6428571428571428,0.19642857142857142,0.5714285714285714,0.752652549065796,None + Linear-SVM,conscious,conscious,False,Image,False,5,4,3,3
1043,sub-07,rh-parahippocampal,0.375,-0.1,0.4444444444444445,0.8127579664787004,None + Linear-SVM,conscious,conscious,False,Image,False,4,4,6,4
1044,sub-07,rh-parahippocampal,0.55,-0.18446619684315546,0.22222222222222224,0.7965125710741471,None + Linear-SVM,conscious,conscious,False,Image,False,5,1,4,3
1045,sub-07,rh-parahippocampal,0.6375,0.22360679774997896,0.631578947368421,0.688749939343935,None + Linear-SVM,conscious,conscious,False,Image,False,5,6,4,3
1046,sub-07,rh-parahippocampal,0.875,0.375,0.5,0.8738998678704425,None + Linear-SVM,conscious,conscious,False,Image,False,7,1,1,1
1047,sub-07,rh-parahippocampal,0.6666666666666666,0.408248290463863,0.7272727272727272,0.6530894609357547,None + Linear-SVM,conscious,conscious,False,Image,False,6,8,4,2
1048,sub-07,rh-parahippocampal,0.575,0.025,0.4000000000000001,0.7931594572459719,None + Linear-SVM,conscious,conscious,False,Image,False,5,2,3,3
1049,sub-07,rh-parahippocampal,0.4444444444444444,0.05555555555555555,0.5555555555555556,0.7522211283416024,None + Linear-SVM,conscious,conscious,False,Image,False,4,5,4,4
1050,sub-07,rh-parahippocampal,0.6499999999999999,0.21957751641341997,0.5454545454545454,0.7685215207647579,None + Linear-SVM,conscious,conscious,False,Image,False,5,3,2,3
1051,sub-07,rh-parahippocampal,0.15000000000000002,-0.31622776601683794,0.25,0.8334530676487439,None + Linear-SVM,conscious,conscious,False,Image,False,2,1,4,2
1052,sub-07,rh-parahippocampal,0.5,-0.25,0.0,0.9971957119660042,None + Linear-SVM,conscious,conscious,False,Image,False,3,0,1,1
1053,sub-07,rh-parahippocampal,1.0,0.0,0.0,0.9769622049648319,None + Linear-SVM,conscious,conscious,False,Image,False,4,0,1,0
1054,sub-07,rh-parahippocampal,0.25,-0.5,0.0,0.9308275389020356,None + Linear-SVM,conscious,conscious,False,Image,False,2,0,2,2
1055,sub-07,rh-parahippocampal,0.5,0.0,0.3333333333333333,0.7944407418843197,None + Linear-SVM,conscious,conscious,False,Image,False,3,1,3,1
1056,sub-07,rh-parahippocampal,0.6875,0.2581988897471611,0.5714285714285715,0.7500697757816319,None + Linear-SVM,conscious,conscious,False,Image,False,3,2,2,1
1057,sub-07,rh-parahippocampal,0.41666666666666663,-0.16666666666666666,0.3333333333333333,0.8470166534927729,None + Linear-SVM,conscious,conscious,False,Image,False,2,1,2,2
1058,sub-07,rh-parahippocampal,0.5714285714285714,0.17857142857142858,0.5454545454545454,0.6802673124653403,None + Linear-SVM,conscious,conscious,False,Image,False,3,3,4,1
1059,sub-07,rh-parahippocampal,0.15000000000000002,-0.3,0.28571428571428575,0.6688992296138316,None + Linear-SVM,conscious,conscious,False,Image,False,2,2,8,2
1060,sub-07,rh-parahippocampal,0.0,-0.6123724356957946,0.0,1.0499438748561465,None + Linear-SVM,conscious,conscious,False,Image,False,1,0,1,3
1061,sub-07,rh-parahippocampal,0.16666666666666666,-0.5477225575051661,0.0,0.884628125442883,None + Linear-SVM,conscious,conscious,False,Image,False,2,0,3,2
1062,sub-07,rh-parahippocampal,0.0,-0.6123724356957946,0.0,1.0332607231460997,None + Linear-SVM,conscious,conscious,False,Image,False,1,0,1,3
1063,sub-07,rh-parahippocampal,0.25,-0.5,0.0,0.933436655018426,None + Linear-SVM,conscious,conscious,False,Image,False,2,0,2,2
1064,sub-07,rh-parahippocampal,0.5625,0.0,0.3333333333333333,0.7512123037950578,None + Linear-SVM,conscious,conscious,False,Image,False,3,1,3,1
1065,sub-07,rh-parahippocampal,0.625,0.125,0.5,0.6205837023869101,None + Linear-SVM,conscious,conscious,False,Image,False,3,3,5,1
1066,sub-07,rh-parahippocampal,0.5227272727272727,0.10660035817780521,0.5000000000000001,0.5927697626184388,None + Linear-SVM,conscious,conscious,False,Image,False,3,4,7,1
1067,sub-07,rh-parahippocampal,0.5,-0.25,0.0,0.99841752632817,None + Linear-SVM,conscious,conscious,False,Image,False,3,0,1,1
1068,sub-07,rh-parahippocampal,0.5,-0.16666666666666666,0.3333333333333333,0.8204421463406434,None + Linear-SVM,conscious,conscious,False,Image,False,2,1,2,2
1069,sub-07,rh-parahippocampal,0.35,0.0,0.588235294117647,0.627626852690131,None + Linear-SVM,conscious,conscious,False,Image,False,2,5,5,2
1070,sub-07,rh-parahippocampal,0.45833333333333326,-0.16666666666666666,0.4,0.7089023523698487,None + Linear-SVM,conscious,conscious,False,Image,False,2,2,4,2
1071,sub-07,rh-parahippocampal,0.375,-0.16666666666666666,0.4,0.7445919272783871,None + Linear-SVM,conscious,conscious,False,Image,False,2,2,4,2
1072,sub-07,rh-parahippocampal,0.6666666666666666,0.09128709291752768,0.4,0.8057214546876587,None + Linear-SVM,conscious,conscious,False,Image,False,3,1,2,1
1073,sub-07,rh-parahippocampal,0.5,0.0,0.3333333333333333,0.7743914677548269,None + Linear-SVM,conscious,conscious,False,Image,False,3,1,3,1
1074,sub-07,rh-parahippocampal,0.25,-0.5,0.0,0.9253828116461663,None + Linear-SVM,conscious,conscious,False,Image,False,2,0,2,2
1075,sub-07,rh-parahippocampal,0.25,-0.5,0.0,0.9201179164886897,None + Linear-SVM,conscious,conscious,False,Image,False,2,0,2,2
1076,sub-07,rh-parahippocampal,0.36538461538461536,-0.09944903161976938,0.5,0.5923768196145214,None + Linear-SVM,conscious,conscious,False,Image,False,2,5,8,2
1077,sub-07,rh-parahippocampal,0.3333333333333333,-0.16666666666666666,0.3333333333333333,0.8418801667971042,None + Linear-SVM,conscious,conscious,False,Image,False,2,1,2,2
1078,sub-07,rh-parahippocampal,0.5,-0.25,0.0,1.002075745546867,None + Linear-SVM,conscious,conscious,False,Image,False,3,0,1,1
1079,sub-07,rh-parahippocampal,0.625,0.2581988897471611,0.5714285714285715,0.7910571308946045,None + Linear-SVM,conscious,conscious,False,Image,False,3,2,2,1
1080,sub-07,rh-parahippocampal,0.45,-0.1,0.4444444444444445,0.7207791623550778,None + Linear-SVM,conscious,conscious,False,Image,False,2,2,3,2
1081,sub-07,rh-parahippocampal,0.5833333333333333,0.08333333333333333,0.46153846153846156,0.6337994423880408,None + Linear-SVM,conscious,conscious,False,Image,False,3,3,6,1
1082,sub-07,rh-parahippocampal,0.5,-0.25,0.0,1.012555851737392,None + Linear-SVM,conscious,conscious,False,Image,False,3,0,1,1
1083,sub-07,rh-parahippocampal,0.625,0.25,0.6,0.6928235919260856,None + Linear-SVM,conscious,conscious,False,Image,False,3,3,3,1
1084,sub-07,rh-parahippocampal,0.17857142857142855,-0.38575837490522974,0.2,0.7426615481695191,None + Linear-SVM,conscious,conscious,False,Image,False,2,1,6,2
1085,sub-07,rh-parahippocampal,0.25,-0.3,0.28571428571428575,0.7732827424431239,None + Linear-SVM,conscious,conscious,False,Image,False,2,2,8,2
1086,sub-07,rh-parahippocampal,0.35,-0.31622776601683794,0.25,0.7387464414957907,None + Linear-SVM,conscious,conscious,False,Image,False,2,1,4,2
1087,sub-07,rh-parahippocampal,0.30000000000000004,-0.09128709291752768,0.5,0.67175082007701,None + Linear-SVM,conscious,conscious,False,Image,False,2,4,6,2
1088,sub-07,rh-parahippocampal,0.625,0.25,0.5,0.8821214488615275,None + Linear-SVM,conscious,conscious,False,Image,False,3,1,1,1
1089,sub-07,rh-parahippocampal,0.2916666666666667,-0.07273929674533079,0.5263157894736842,0.6217553693181121,None + Linear-SVM,conscious,conscious,False,Image,False,2,5,7,2
1090,sub-07,rh-parahippocampal,0.3,-0.31622776601683794,0.25,0.7470702368951724,None + Linear-SVM,conscious,conscious,False,Image,False,2,1,4,2
1091,sub-07,rh-parahippocampal,0.25,-0.2777777777777778,0.30769230769230765,0.6930452918531566,None + Linear-SVM,conscious,conscious,False,Image,False,2,2,7,2
1092,sub-07,rh-parahippocampal,0.4,-0.31622776601683794,0.25,0.7494899843761913,None + Linear-SVM,conscious,conscious,False,Image,False,2,1,4,2
1093,sub-07,rh-parahippocampal,0.0,0.0,0.0,0.6469702023695357,None + Linear-SVM,conscious,conscious,False,Image,False,1,0,5,0
1094,sub-07,rh-parahippocampal,0.0,0.0,0.0,0.7881306529079883,None + Linear-SVM,conscious,conscious,False,Image,False,1,0,1,0
1095,sub-07,rh-parahippocampal,1.0,0.0,0.0,0.7203304689278281,None + Linear-SVM,conscious,conscious,False,Image,False,1,0,1,0
1096,sub-07,rh-parahippocampal,0.5,0.0,0.0,0.6681909579464071,None + Linear-SVM,conscious,conscious,False,Image,False,1,0,2,0
1097,sub-07,rh-parahippocampal,0.25,0.25,0.4,0.6133391049383007,None + Linear-SVM,conscious,conscious,False,Image,False,1,1,3,0
1098,sub-07,rh-parahippocampal,0.75,0.4082482904638631,0.6666666666666666,0.5441990211855313,None + Linear-SVM,conscious,conscious,False,Image,False,1,2,2,0
1099,sub-07,rh-parahippocampal,0.3333333333333333,0.3333333333333333,0.5,0.6573670569789025,None + Linear-SVM,conscious,conscious,False,Image,False,1,1,2,0
1100,sub-07,rh-parahippocampal,0.42857142857142855,0.29277002188455997,0.6,0.5300081119921959,None + Linear-SVM,conscious,conscious,False,Image,False,1,3,4,0
1101,sub-07,rh-parahippocampal,0.0,0.0,0.0,0.5231950522563275,None + Linear-SVM,conscious,conscious,False,Image,False,1,0,10,0
1102,sub-07,rh-parahippocampal,0.0,0.0,0.0,0.8967692272308203,None + Linear-SVM,conscious,conscious,False,Image,False,1,0,1,0
1103,sub-07,rh-parahippocampal,0.3333333333333333,0.3333333333333333,0.5,0.6189221116169666,None + Linear-SVM,conscious,conscious,False,Image,False,1,1,2,0
1104,sub-07,rh-parahippocampal,0.0,0.0,0.0,0.8345582366629289,None + Linear-SVM,conscious,conscious,False,Image,False,1,0,1,0
1105,sub-07,rh-parahippocampal,0.0,0.0,0.0,0.6917296549049174,None + Linear-SVM,conscious,conscious,False,Image,False,1,0,2,0
1106,sub-07,rh-parahippocampal,0.5,0.25,0.4,0.5423400403920005,None + Linear-SVM,conscious,conscious,False,Image,False,1,1,3,0
1107,sub-07,rh-parahippocampal,0.5,0.25,0.5454545454545454,0.4668098791609393,None + Linear-SVM,conscious,conscious,False,Image,False,1,3,5,0
1108,sub-07,rh-parahippocampal,0.36363636363636365,0.21320071635561041,0.5333333333333333,0.4810476851606313,None + Linear-SVM,conscious,conscious,False,Image,False,1,4,7,0
1109,sub-07,rh-parahippocampal,0.0,0.0,0.0,0.7860455709362598,None + Linear-SVM,conscious,conscious,False,Image,False,1,0,1,0
1110,sub-07,rh-parahippocampal,0.3333333333333333,0.3333333333333333,0.5,0.5803688375557133,None + Linear-SVM,conscious,conscious,False,Image,False,1,1,2,0
1111,sub-07,rh-parahippocampal,0.2,0.14907119849998599,0.33333333333333337,0.5225467760163908,None + Linear-SVM,conscious,conscious,False,Image,False,1,2,8,0
1112,sub-07,rh-parahippocampal,0.3333333333333333,0.2581988897471611,0.5,0.5533323320215305,None + Linear-SVM,conscious,conscious,False,Image,False,1,2,4,0
1113,sub-07,rh-parahippocampal,0.16666666666666666,0.16666666666666666,0.2857142857142857,0.60869030507679,None + Linear-SVM,conscious,conscious,False,Image,False,1,1,5,0
1114,sub-07,rh-parahippocampal,0.6666666666666666,0.3333333333333333,0.5,0.5592075296393568,None + Linear-SVM,conscious,conscious,False,Image,False,1,1,2,0
1115,sub-07,rh-parahippocampal,0.25,0.25,0.4,0.5468228183135388,None + Linear-SVM,conscious,conscious,False,Image,False,1,1,3,0
1116,sub-07,rh-parahippocampal,0.0,0.0,0.0,0.7144329422588916,None + Linear-SVM,conscious,conscious,False,Image,False,1,0,2,0
1117,sub-07,rh-parahippocampal,0.0,0.0,0.0,0.7450422707355134,None + Linear-SVM,conscious,conscious,False,Image,False,1,0,2,0
1118,sub-07,rh-parahippocampal,0.3076923076923077,0.17541160386140586,0.47058823529411764,0.4873775326779786,None + Linear-SVM,conscious,conscious,False,Image,False,1,4,9,0
1119,sub-07,rh-parahippocampal,0.3333333333333333,0.3333333333333333,0.5,0.6237908522451954,None + Linear-SVM,conscious,conscious,False,Image,False,1,1,2,0
1120,sub-07,rh-parahippocampal,0.0,0.0,0.0,0.7967397257351074,None + Linear-SVM,conscious,conscious,False,Image,False,1,0,1,0
1121,sub-07,rh-parahippocampal,0.5,0.25,0.4,0.5614890395942641,None + Linear-SVM,conscious,conscious,False,Image,False,1,1,3,0
1122,sub-07,rh-parahippocampal,0.4,0.31622776601683794,0.5714285714285715,0.5189325020007748,None + Linear-SVM,conscious,conscious,False,Image,False,1,2,3,0
1123,sub-07,rh-parahippocampal,0.5555555555555556,0.2721655269759087,0.6153846153846153,0.48518333662317276,None + Linear-SVM,conscious,conscious,False,Image,False,1,4,5,0
1124,sub-07,rh-parahippocampal,0.0,0.0,0.0,0.8172254479535743,None + Linear-SVM,conscious,conscious,False,Image,False,1,0,1,0
1125,sub-07,rh-parahippocampal,0.5,0.2581988897471611,0.5,0.5154269549363318,None + Linear-SVM,conscious,conscious,False,Image,False,1,2,4,0
1126,sub-07,rh-parahippocampal,0.14285714285714285,0.14285714285714285,0.25,0.5834745646260415,None + Linear-SVM,conscious,conscious,False,Image,False,1,1,6,0
1127,sub-07,rh-parahippocampal,0.0,0.0,0.0,0.7513371447272867,None + Linear-SVM,conscious,conscious,False,Image,False,1,0,10,0
1128,sub-07,rh-parahippocampal,0.0,0.0,0.0,0.6115566929407819,None + Linear-SVM,conscious,conscious,False,Image,False,1,0,5,0
1129,sub-07,rh-parahippocampal,0.2,0.14907119849998599,0.33333333333333337,0.5501398380164649,None + Linear-SVM,conscious,conscious,False,Image,False,1,2,8,0
1130,sub-07,rh-parahippocampal,1.0,0.5,0.6666666666666666,0.6310990381858419,None + Linear-SVM,conscious,conscious,False,Image,False,1,1,1,0
1131,sub-07,rh-parahippocampal,0.08333333333333333,0.08333333333333333,0.15384615384615385,0.5244640331004299,None + Linear-SVM,conscious,conscious,False,Image,False,1,1,11,0
1132,sub-07,rh-parahippocampal,0.0,0.0,0.0,0.5946528677764592,None + Linear-SVM,conscious,conscious,False,Image,False,1,0,5,0
1133,sub-07,rh-parahippocampal,0.1111111111111111,0.1111111111111111,0.19999999999999998,0.5754851140993251,None + Linear-SVM,conscious,conscious,False,Image,False,1,1,8,0
1134,sub-07,rh-parahippocampal,0.4,0.31622776601683794,0.5714285714285715,0.575479873812023,None + Linear-SVM,conscious,conscious,False,Image,False,1,2,3,0
1135,sub-07,rh-parahippocampal,0.46666666666666673,0.06666666666666667,0.5,0.6936411444295424,None + Linear-SVM,conscious,conscious,False,Image,False,2,2,3,1
1136,sub-07,rh-parahippocampal,1.0,0.0,0.0,0.7921674264461659,None + Linear-SVM,conscious,conscious,False,Image,False,3,0,1,0
1137,sub-07,rh-parahippocampal,1.0,0.0,0.0,0.7625805761432511,None + Linear-SVM,conscious,conscious,False,Image,False,3,0,1,0
1138,sub-07,rh-parahippocampal,0.8333333333333334,0.6123724356957946,0.6666666666666666,0.7310802633195623,None + Linear-SVM,conscious,conscious,False,Image,False,3,1,1,0
1139,sub-07,rh-parahippocampal,0.5833333333333334,0.16666666666666666,0.5714285714285715,0.7009105298613306,None + Linear-SVM,conscious,conscious,False,Image,False,2,2,2,1
1140,sub-07,rh-parahippocampal,0.8333333333333334,0.5477225575051661,0.6666666666666666,0.6121351457404439,None + Linear-SVM,conscious,conscious,False,Image,False,3,2,2,0
1141,sub-07,rh-parahippocampal,0.6666666666666667,0.0,0.4,0.6786123125352977,None + Linear-SVM,conscious,conscious,False,Image,False,2,1,2,1
1142,sub-07,rh-parahippocampal,0.7142857142857143,0.2182178902359924,0.6666666666666666,0.5744986185758564,None + Linear-SVM,conscious,conscious,False,Image,False,2,4,3,1
1143,sub-07,rh-parahippocampal,0.7666666666666667,0.31754264805429416,0.7777777777777777,0.561986634819706,None + Linear-SVM,conscious,conscious,False,Image,False,2,7,3,1
1144,sub-07,rh-parahippocampal,0.33333333333333337,-0.3333333333333333,0.0,0.8676635690383022,None + Linear-SVM,conscious,conscious,False,Image,False,2,0,1,1
1145,sub-07,rh-parahippocampal,0.7777777777777779,0.3333333333333333,0.6666666666666666,0.682309769978226,None + Linear-SVM,conscious,conscious,False,Image,False,2,2,1,1
1146,sub-07,rh-parahippocampal,0.6666666666666667,-0.3333333333333333,0.0,0.8238141181952356,None + Linear-SVM,conscious,conscious,False,Image,False,2,0,1,1
1147,sub-07,rh-parahippocampal,0.6666666666666667,0.16666666666666666,0.5,0.7464439702437993,None + Linear-SVM,conscious,conscious,False,Image,False,2,1,1,1
1148,sub-07,rh-parahippocampal,0.8333333333333334,0.5477225575051661,0.6666666666666666,0.628015502699368,None + Linear-SVM,conscious,conscious,False,Image,False,3,2,2,0
1149,sub-07,rh-parahippocampal,0.875,0.6708203932499369,0.8571428571428571,0.5318525515121338,None + Linear-SVM,conscious,conscious,False,Image,False,3,6,2,0
1150,sub-07,rh-parahippocampal,0.696969696969697,0.17407765595569785,0.6666666666666665,0.5338522515638443,None + Linear-SVM,conscious,conscious,False,Image,False,2,6,5,1
1151,sub-07,rh-parahippocampal,1.0,0.0,0.0,0.7859267992132741,None + Linear-SVM,conscious,conscious,False,Image,False,3,0,1,0
1152,sub-07,rh-parahippocampal,0.888888888888889,0.7071067811865476,0.8,0.652010820457435,None + Linear-SVM,conscious,conscious,False,Image,False,3,2,1,0
1153,sub-07,rh-parahippocampal,0.6,0.14085904245475275,0.625,0.5648051876613126,None + Linear-SVM,conscious,conscious,False,Image,False,2,5,5,1
1154,sub-07,rh-parahippocampal,0.6111111111111112,0.15811388300841897,0.6,0.6069153795540346,None + Linear-SVM,conscious,conscious,False,Image,False,2,3,3,1
1155,sub-07,rh-parahippocampal,0.5,0.15811388300841897,0.6,0.6550479838718866,None + Linear-SVM,conscious,conscious,False,Image,False,2,3,3,1
1156,sub-07,rh-parahippocampal,0.888888888888889,0.7071067811865476,0.8,0.6521456141742864,None + Linear-SVM,conscious,conscious,False,Image,False,3,2,1,0
1157,sub-07,rh-parahippocampal,0.8333333333333334,0.5477225575051661,0.6666666666666666,0.6292072026984782,None + Linear-SVM,conscious,conscious,False,Image,False,3,2,2,0
1158,sub-07,rh-parahippocampal,0.6666666666666667,0.16666666666666666,0.5,0.7251628779615239,None + Linear-SVM,conscious,conscious,False,Image,False,2,1,1,1
1159,sub-07,rh-parahippocampal,0.33333333333333337,-0.4082482904638631,0.0,0.7805228674747704,None + Linear-SVM,conscious,conscious,False,Image,False,2,0,2,1
1160,sub-07,rh-parahippocampal,0.6666666666666667,0.2219167619785609,0.7272727272727274,0.535871308335296,None + Linear-SVM,conscious,conscious,False,Image,False,2,8,5,1
1161,sub-07,rh-parahippocampal,0.6666666666666667,0.0,0.4,0.6917386213441459,None + Linear-SVM,conscious,conscious,False,Image,False,2,1,2,1
1162,sub-07,rh-parahippocampal,1.0,0.0,0.0,0.7916866346393946,None + Linear-SVM,conscious,conscious,False,Image,False,3,0,1,0
1163,sub-07,rh-parahippocampal,0.75,0.16666666666666666,0.5714285714285715,0.648377166778393,None + Linear-SVM,conscious,conscious,False,Image,False,2,2,2,1
1164,sub-07,rh-parahippocampal,0.8,0.4472135954999579,0.5714285714285715,0.5981864239982678,None + Linear-SVM,conscious,conscious,False,Image,False,3,2,3,0
1165,sub-07,rh-parahippocampal,0.7407407407407408,0.408248290463863,0.823529411764706,0.5442084001120583,None + Linear-SVM,conscious,conscious,False,Image,False,2,7,2,1
1166,sub-07,rh-parahippocampal,0.6666666666666667,-0.3333333333333333,0.0,0.8132415078491912,None + Linear-SVM,conscious,conscious,False,Image,False,2,0,1,1
1167,sub-07,rh-parahippocampal,0.7777777777777779,0.6324555320336759,0.8,0.5685608668779494,None + Linear-SVM,conscious,conscious,False,Image,False,3,4,2,0
1168,sub-07,rh-parahippocampal,0.6190476190476191,0.2182178902359924,0.6666666666666666,0.5939791205230422,None + Linear-SVM,conscious,conscious,False,Image,False,2,4,3,1
1169,sub-07,rh-parahippocampal,0.6,0.14085904245475275,0.625,0.6777695145764326,None + Linear-SVM,conscious,conscious,False,Image,False,2,5,5,1
1170,sub-07,rh-parahippocampal,0.6000000000000001,0.06666666666666667,0.5,0.637204010178431,None + Linear-SVM,conscious,conscious,False,Image,False,2,2,3,1
1171,sub-07,rh-parahippocampal,0.6333333333333333,0.2253744679276044,0.7058823529411764,0.5873028527581196,None + Linear-SVM,conscious,conscious,False,Image,False,2,6,4,1
1172,sub-07,rh-parahippocampal,1.0,0.6123724356957946,0.6666666666666666,0.7087390063886907,None + Linear-SVM,conscious,conscious,False,Image,False,3,1,1,0
1173,sub-07,rh-parahippocampal,0.6666666666666667,0.2721655269759087,0.761904761904762,0.5544177291167119,None + Linear-SVM,conscious,conscious,False,Image,False,2,8,4,1
1174,sub-07,rh-parahippocampal,0.6666666666666667,0.06666666666666667,0.5,0.635783183228162,None + Linear-SVM,conscious,conscious,False,Image,False,2,2,3,1
1175,sub-07,rh-parahippocampal,0.5185185185185186,0.09759000729485331,0.5714285714285714,0.6257956544060851,None + Linear-SVM,conscious,conscious,False,Image,False,2,4,5,1
1176,sub-07,rh-parahippocampal,0.6,0.06666666666666667,0.5,0.6458865229120839,None + Linear-SVM,conscious,conscious,False,Image,False,2,2,3,1
1177,sub-07,rh-parahippocampal,0.16666666666666669,-0.4666666666666667,0.20000000000000004,0.8476358114963557,None + Linear-SVM,conscious,conscious,False,Image,False,2,1,4,4
1178,sub-07,rh-parahippocampal,0.6666666666666667,-0.2581988897471611,0.0,1.0122328217463663,None + Linear-SVM,conscious,conscious,False,Image,False,4,0,1,2
1179,sub-07,rh-parahippocampal,1.0,0.0,0.0,1.001660753866775,None + Linear-SVM,conscious,conscious,False,Image,False,6,0,1,0
1180,sub-07,rh-parahippocampal,0.6666666666666667,0.0,0.3333333333333333,0.9287156634392288,None + Linear-SVM,conscious,conscious,False,Image,False,3,1,1,3
1181,sub-07,rh-parahippocampal,0.5,0.0,0.4444444444444445,0.8457659557880742,None + Linear-SVM,conscious,conscious,False,Image,False,3,2,2,3
1182,sub-07,rh-parahippocampal,0.75,0.6123724356957946,0.6666666666666666,0.8047683761856396,None + Linear-SVM,conscious,conscious,False,Image,False,6,2,2,0
1183,sub-07,rh-parahippocampal,0.4444444444444444,-0.15811388300841897,0.28571428571428575,0.8890623442853384,None + Linear-SVM,conscious,conscious,False,Image,False,3,1,2,3
1184,sub-07,rh-parahippocampal,0.5,-0.07142857142857142,0.4615384615384615,0.749572197619304,None + Linear-SVM,conscious,conscious,False,Image,False,3,3,4,3
1185,sub-07,rh-parahippocampal,0.3833333333333333,-0.09759000729485331,0.47058823529411764,0.6929340472346635,None + Linear-SVM,conscious,conscious,False,Image,False,3,4,6,3
1186,sub-07,rh-parahippocampal,0.0,-0.6454972243679028,0.0,1.059343029696839,None + Linear-SVM,conscious,conscious,False,Image,False,1,0,1,5
1187,sub-07,rh-parahippocampal,0.5,-0.15811388300841897,0.28571428571428575,0.8772860444592161,None + Linear-SVM,conscious,conscious,False,Image,False,3,1,2,3
1188,sub-07,rh-parahippocampal,0.5,-0.2581988897471611,0.0,1.0191595728130498,None + Linear-SVM,conscious,conscious,False,Image,False,4,0,1,2
1189,sub-07,rh-parahippocampal,0.5,-0.3333333333333333,0.0,0.9223475482137398,None + Linear-SVM,conscious,conscious,False,Image,False,4,0,2,2
1190,sub-07,rh-parahippocampal,0.5416666666666667,-0.25,0.25,0.8230531212425977,None + Linear-SVM,conscious,conscious,False,Image,False,3,1,3,3
1191,sub-07,rh-parahippocampal,0.6666666666666667,0.16666666666666666,0.5714285714285715,0.6757752649948277,None + Linear-SVM,conscious,conscious,False,Image,False,4,4,4,2
1192,sub-07,rh-parahippocampal,0.4545454545454546,0.04351941398892446,0.6,0.6673475189685635,None + Linear-SVM,conscious,conscious,False,Image,False,3,6,5,3
1193,sub-07,rh-parahippocampal,0.5,-0.2581988897471611,0.0,1.0183401801353955,None + Linear-SVM,conscious,conscious,False,Image,False,4,0,1,2
1194,sub-07,rh-parahippocampal,0.6666666666666666,0.0,0.3333333333333333,0.8520107091988418,None + Linear-SVM,conscious,conscious,False,Image,False,4,1,2,2
1195,sub-07,rh-parahippocampal,0.45,0.0,0.5555555555555556,0.671473086829723,None + Linear-SVM,conscious,conscious,False,Image,False,3,5,5,3
1196,sub-07,rh-parahippocampal,0.4444444444444444,-0.1690308509457033,0.3636363636363636,0.7803287968510548,None + Linear-SVM,conscious,conscious,False,Image,False,3,2,4,3
1197,sub-07,rh-parahippocampal,0.41666666666666674,-0.1690308509457033,0.3636363636363636,0.8146726420874918,None + Linear-SVM,conscious,conscious,False,Image,False,3,2,4,3
1198,sub-07,rh-parahippocampal,0.8333333333333333,0.31622776601683794,0.5714285714285715,0.8472716326939239,None + Linear-SVM,conscious,conscious,False,Image,False,4,2,1,2
1199,sub-07,rh-parahippocampal,0.625,0.0,0.4444444444444445,0.8161545367463374,None + Linear-SVM,conscious,conscious,False,Image,False,3,2,2,3
1200,sub-07,rh-parahippocampal,0.33333333333333337,-0.4472135954999579,0.0,0.9540217237695239,None + Linear-SVM,conscious,conscious,False,Image,False,3,0,2,3
1201,sub-07,rh-parahippocampal,0.25,-0.5773502691896258,0.0,0.9519727002922908,None + Linear-SVM,conscious,conscious,False,Image,False,2,0,2,4
1202,sub-07,rh-parahippocampal,0.42307692307692313,-0.18531232916527532,0.4,0.6334618679506125,None + Linear-SVM,conscious,conscious,False,Image,False,3,4,9,3
1203,sub-07,rh-parahippocampal,0.4444444444444444,-0.15811388300841897,0.28571428571428575,0.8874847825726788,None + Linear-SVM,conscious,conscious,False,Image,False,3,1,2,3
1204,sub-07,rh-parahippocampal,0.5,-0.2581988897471611,0.0,1.0235531239256195,None + Linear-SVM,conscious,conscious,False,Image,False,4,0,1,2
1205,sub-07,rh-parahippocampal,0.625,0.16666666666666666,0.5,0.8165150859133334,None + Linear-SVM,conscious,conscious,False,Image,False,4,2,2,2
1206,sub-07,rh-parahippocampal,0.5,0.06900655593423542,0.4444444444444445,0.7755810792361909,None + Linear-SVM,conscious,conscious,False,Image,False,4,2,3,2
1207,sub-07,rh-parahippocampal,0.5925925925925926,0.1111111111111111,0.5333333333333333,0.6936430319188236,None + Linear-SVM,conscious,conscious,False,Image,False,4,4,5,2
1208,sub-07,rh-parahippocampal,0.33333333333333337,-0.3535533905932738,0.0,1.0291658765204157,None + Linear-SVM,conscious,conscious,False,Image,False,3,0,1,3
1209,sub-07,rh-parahippocampal,0.6111111111111112,0.0,0.5,0.7736731407098164,None + Linear-SVM,conscious,conscious,False,Image,False,3,3,3,3
1210,sub-07,rh-parahippocampal,0.40476190476190477,-0.07142857142857142,0.4615384615384615,0.7378019075243907,None + Linear-SVM,conscious,conscious,False,Image,False,3,3,4,3
1211,sub-07,rh-parahippocampal,0.31666666666666665,-0.09759000729485331,0.47058823529411764,0.8021732319615336,None + Linear-SVM,conscious,conscious,False,Image,False,3,4,6,3
1212,sub-07,rh-parahippocampal,0.4,-0.3105295017040594,0.22222222222222224,0.8029594137826197,None + Linear-SVM,conscious,conscious,False,Image,False,3,1,4,3
1213,sub-07,rh-parahippocampal,0.41666666666666663,-0.09759000729485331,0.47058823529411764,0.6949147414359534,None + Linear-SVM,conscious,conscious,False,Image,False,3,4,6,3
1214,sub-07,rh-parahippocampal,0.75,0.14907119849998599,0.4,0.9163162446591486,None + Linear-SVM,conscious,conscious,False,Image,False,4,1,1,2
1215,sub-07,rh-parahippocampal,0.3611111111111111,-0.16116459280507606,0.4210526315789474,0.6673808118681925,None + Linear-SVM,conscious,conscious,False,Image,False,3,4,8,3
1216,sub-07,rh-parahippocampal,0.26666666666666666,-0.1,0.4000000000000001,0.8269367557673999,None + Linear-SVM,conscious,conscious,False,Image,False,3,2,3,3
1217,sub-07,rh-parahippocampal,0.33333333333333337,-0.16666666666666666,0.4,0.7328330278058389,None + Linear-SVM,conscious,conscious,False,Image,False,3,3,6,3
1218,sub-07,rh-parahippocampal,0.5666666666666667,0.06900655593423542,0.4444444444444445,0.7953670339959898,None + Linear-SVM,conscious,conscious,False,Image,False,4,2,3,2
1219,sub-07,rh-parahippocampal,0.2,-0.3,0.28571428571428575,0.7257074427075753,None + Linear-SVM,conscious,conscious,False,Image,False,1,1,4,1
1220,sub-07,rh-parahippocampal,0.5,0.0,0.0,0.9391784416864946,None + Linear-SVM,conscious,conscious,False,Image,False,2,0,1,0
1221,sub-07,rh-parahippocampal,1.0,0.0,0.0,0.9007351856658472,None + Linear-SVM,conscious,conscious,False,Image,False,2,0,1,0
1222,sub-07,rh-parahippocampal,0.25,-0.5773502691896258,0.0,0.8025556020598852,None + Linear-SVM,conscious,conscious,False,Image,False,1,0,2,1
1223,sub-07,rh-parahippocampal,0.25,-0.25,0.3333333333333333,0.702537250894335,None + Linear-SVM,conscious,conscious,False,Image,False,1,1,3,1
1224,sub-07,rh-parahippocampal,0.5,0.31622776601683794,0.4,0.65084223769282,None + Linear-SVM,conscious,conscious,False,Image,False,2,1,3,0
1225,sub-07,rh-parahippocampal,0.16666666666666666,-0.6123724356957946,0.0,0.7719676264585101,None + Linear-SVM,conscious,conscious,False,Image,False,1,0,3,1
1226,sub-07,rh-parahippocampal,0.3571428571428571,-0.05976143046671968,0.5454545454545454,0.5981396263639215,None + Linear-SVM,conscious,conscious,False,Image,False,1,3,4,1
1227,sub-07,rh-parahippocampal,0.35,0.07559289460184544,0.7058823529411764,0.568297551605821,None + Linear-SVM,conscious,conscious,False,Image,False,1,6,4,1
1228,sub-07,rh-parahippocampal,0.0,-0.5,0.0,1.0261525145188062,None + Linear-SVM,conscious,conscious,False,Image,False,1,0,1,1
1229,sub-07,rh-parahippocampal,0.16666666666666666,-0.6123724356957946,0.0,0.7909351104658233,None + Linear-SVM,conscious,conscious,False,Image,False,1,0,3,1
1230,sub-07,rh-parahippocampal,0.0,-0.5,0.0,0.9804596911326152,None + Linear-SVM,conscious,conscious,False,Image,False,1,0,1,1
1231,sub-07,rh-parahippocampal,0.25,-0.5773502691896258,0.0,0.8139846019032053,None + Linear-SVM,conscious,conscious,False,Image,False,1,0,2,1
1232,sub-07,rh-parahippocampal,0.5,0.0,0.0,0.6560543985359114,None + Linear-SVM,conscious,conscious,False,Image,False,2,0,4,0
1233,sub-07,rh-parahippocampal,0.375,0.0,0.6153846153846154,0.5586690392283045,None + Linear-SVM,conscious,conscious,False,Image,False,1,4,4,1
1234,sub-07,rh-parahippocampal,0.36363636363636365,-0.03289758474798845,0.5882352941176471,0.5389567959691342,None + Linear-SVM,conscious,conscious,False,Image,False,1,5,6,1
1235,sub-07,rh-parahippocampal,0.5,0.0,0.0,0.9399526204561669,None + Linear-SVM,conscious,conscious,False,Image,False,2,0,1,0
1236,sub-07,rh-parahippocampal,0.5,-0.16666666666666666,0.4,0.7099488366308024,None + Linear-SVM,conscious,conscious,False,Image,False,1,1,2,1
1237,sub-07,rh-parahippocampal,0.39999999999999997,0.07559289460184544,0.7058823529411764,0.5679440782900635,None + Linear-SVM,conscious,conscious,False,Image,False,1,6,4,1
1238,sub-07,rh-parahippocampal,0.16666666666666666,-0.3333333333333333,0.25,0.6380435644771163,None + Linear-SVM,conscious,conscious,False,Image,False,1,1,5,1
1239,sub-07,rh-parahippocampal,0.25,-0.14907119849998599,0.4444444444444444,0.6579884672076921,None + Linear-SVM,conscious,conscious,False,Image,False,1,2,4,1
1240,sub-07,rh-parahippocampal,0.5,0.0,0.0,0.6961349910526474,None + Linear-SVM,conscious,conscious,False,Image,False,2,0,3,0
1241,sub-07,rh-parahippocampal,0.5,0.31622776601683794,0.4,0.6628013847801474,None + Linear-SVM,conscious,conscious,False,Image,False,2,1,3,0
1242,sub-07,rh-parahippocampal,0.0,-0.5773502691896258,0.0,0.8415205103851502,None + Linear-SVM,conscious,conscious,False,Image,False,1,0,2,1
1243,sub-07,rh-parahippocampal,0.0,-0.5773502691896258,0.0,0.853952272741543,None + Linear-SVM,conscious,conscious,False,Image,False,1,0,2,1
1244,sub-07,rh-parahippocampal,0.2692307692307693,-0.08006407690254358,0.5263157894736842,0.5318273815830973,None + Linear-SVM,conscious,conscious,False,Image,False,1,5,8,1
1245,sub-07,rh-parahippocampal,0.3333333333333333,-0.16666666666666666,0.4,0.7443981629544183,None + Linear-SVM,conscious,conscious,False,Image,False,1,1,2,1
1246,sub-07,rh-parahippocampal,0.5,0.0,0.0,0.9479926619361413,None + Linear-SVM,conscious,conscious,False,Image,False,2,0,1,0
1247,sub-07,rh-parahippocampal,0.25,-0.25,0.3333333333333333,0.6878232093340912,None + Linear-SVM,conscious,conscious,False,Image,False,1,1,3,1
1248,sub-07,rh-parahippocampal,0.3,-0.09128709291752768,0.5,0.6370570502275744,None + Linear-SVM,conscious,conscious,False,Image,False,1,2,3,1
1249,sub-07,rh-parahippocampal,0.5555555555555556,0.28867513459481287,0.5,0.5472550255777963,None + Linear-SVM,conscious,conscious,False,Image,False,2,3,6,0
1250,sub-07,rh-parahippocampal,0.0,-0.5,0.0,0.9738827896855661,None + Linear-SVM,conscious,conscious,False,Image,False,1,0,1,1
1251,sub-07,rh-parahippocampal,0.5833333333333334,0.3333333333333333,0.5,0.5962467144051871,None + Linear-SVM,conscious,conscious,False,Image,False,2,2,4,0
1252,sub-07,rh-parahippocampal,0.21428571428571427,-0.1889822365046136,0.4,0.6550651969173187,None + Linear-SVM,conscious,conscious,False,Image,False,1,2,5,1
1253,sub-07,rh-parahippocampal,0.2,-0.15811388300841897,0.4285714285714285,0.7154467863911926,None + Linear-SVM,conscious,conscious,False,Image,False,1,3,7,1
1254,sub-07,rh-parahippocampal,0.2,-0.3,0.28571428571428575,0.6657353965426684,None + Linear-SVM,conscious,conscious,False,Image,False,1,1,4,1
1255,sub-07,rh-parahippocampal,0.1,-0.25819888974716115,0.30769230769230765,0.6309560913553486,None + Linear-SVM,conscious,conscious,False,Image,False,1,2,8,1
1256,sub-07,rh-parahippocampal,0.5,0.0,0.0,0.7859271591579978,None + Linear-SVM,conscious,conscious,False,Image,False,2,0,2,0
1257,sub-07,rh-parahippocampal,0.25,-0.05892556509887897,0.5555555555555556,0.5627046377460327,None + Linear-SVM,conscious,conscious,False,Image,False,1,5,7,1
1258,sub-07,rh-parahippocampal,0.2,-0.3,0.28571428571428575,0.6660884058633136,None + Linear-SVM,conscious,conscious,False,Image,False,1,1,4,1
1259,sub-07,rh-parahippocampal,0.16666666666666666,-0.24056261216234406,0.3333333333333333,0.6372489976497284,None + Linear-SVM,conscious,conscious,False,Image,False,1,2,7,1
1260,sub-07,rh-parahippocampal,0.3,-0.09128709291752768,0.5,0.6799041518992863,None + Linear-SVM,conscious,conscious,False,Image,False,1,2,3,1
1261,sub-07,rh-parahippocampal,0.36,0.0,0.4444444444444445,0.7778076258722311,None + Linear-SVM,conscious,conscious,False,Image,False,3,2,3,2
1262,sub-07,rh-parahippocampal,0.8,-0.2,0.0,0.8788188500259344,None + Linear-SVM,conscious,conscious,False,Image,False,4,0,1,1
1263,sub-07,rh-parahippocampal,1.0,0.0,0.0,0.862164772065681,None + Linear-SVM,conscious,conscious,False,Image,False,5,0,1,0
1264,sub-07,rh-parahippocampal,0.8,0.3,0.5,0.8125908526182205,None + Linear-SVM,conscious,conscious,False,Image,False,4,1,1,1
1265,sub-07,rh-parahippocampal,0.6000000000000001,0.31622776601683794,0.5714285714285715,0.7502539981874153,None + Linear-SVM,conscious,conscious,False,Image,False,4,2,2,1
1266,sub-07,rh-parahippocampal,0.8,0.5976143046671968,0.6666666666666666,0.7005126652080519,None + Linear-SVM,conscious,conscious,False,Image,False,5,2,2,0
1267,sub-07,rh-parahippocampal,0.5333333333333332,-0.06666666666666667,0.3333333333333333,0.7796196883968105,None + Linear-SVM,conscious,conscious,False,Image,False,3,1,2,2
1268,sub-07,rh-parahippocampal,0.6571428571428571,0.37142857142857144,0.6666666666666666,0.6447354562564239,None + Linear-SVM,conscious,conscious,False,Image,False,4,4,3,1
1269,sub-07,rh-parahippocampal,0.5800000000000001,0.4,0.8000000000000002,0.6300923674177128,None + Linear-SVM,conscious,conscious,False,Image,False,3,8,2,2
1270,sub-07,rh-parahippocampal,0.19999999999999996,-0.4472135954999579,0.0,0.9410887957896771,None + Linear-SVM,conscious,conscious,False,Image,False,2,0,1,3
1271,sub-07,rh-parahippocampal,0.6666666666666666,0.14907119849998599,0.4,0.7708084408043785,None + Linear-SVM,conscious,conscious,False,Image,False,4,1,2,1
1272,sub-07,rh-parahippocampal,0.6,-0.31622776601683794,0.0,0.8978260238510055,None + Linear-SVM,conscious,conscious,False,Image,False,3,0,1,2
1273,sub-07,rh-parahippocampal,0.7,0.3,0.5,0.8192520788002009,None + Linear-SVM,conscious,conscious,False,Image,False,4,1,1,1
1274,sub-07,rh-parahippocampal,0.8500000000000001,0.55,0.75,0.709715436839061,None + Linear-SVM,conscious,conscious,False,Image,False,4,3,1,1
1275,sub-07,rh-parahippocampal,0.75,0.4147575310031266,0.7142857142857143,0.6137254327685545,None + Linear-SVM,conscious,conscious,False,Image,False,4,5,3,1
1276,sub-07,rh-parahippocampal,0.7090909090909091,0.40451991747794525,0.7368421052631579,0.5843075948980644,None + Linear-SVM,conscious,conscious,False,Image,False,4,7,4,1
1277,sub-07,rh-parahippocampal,0.8,-0.2,0.0,0.8912777058894804,None + Linear-SVM,conscious,conscious,False,Image,False,4,0,1,1
1278,sub-07,rh-parahippocampal,0.8,0.4666666666666667,0.6666666666666666,0.7559980944122007,None + Linear-SVM,conscious,conscious,False,Image,False,4,2,1,1
1279,sub-07,rh-parahippocampal,0.5800000000000001,0.18898223650461363,0.6666666666666665,0.615396645629716,None + Linear-SVM,conscious,conscious,False,Image,False,3,6,4,2
1280,sub-07,rh-parahippocampal,0.6333333333333333,0.1,0.5454545454545454,0.6845296659426613,None + Linear-SVM,conscious,conscious,False,Image,False,3,3,3,2
1281,sub-07,rh-parahippocampal,0.6,0.26666666666666666,0.6666666666666666,0.6930397428272074,None + Linear-SVM,conscious,conscious,False,Image,False,3,4,2,2
1282,sub-07,rh-parahippocampal,0.8666666666666667,0.4666666666666667,0.6666666666666666,0.7430194615236292,None + Linear-SVM,conscious,conscious,False,Image,False,4,2,1,1
1283,sub-07,rh-parahippocampal,0.75,0.31622776601683794,0.5714285714285715,0.7268863148009713,None + Linear-SVM,conscious,conscious,False,Image,False,4,2,2,1
1284,sub-07,rh-parahippocampal,0.6,0.09128709291752768,0.4,0.8285845273294438,None + Linear-SVM,conscious,conscious,False,Image,False,3,1,1,2
1285,sub-07,rh-parahippocampal,0.6,0.09128709291752768,0.4,0.8368301994460701,None + Linear-SVM,conscious,conscious,False,Image,False,3,1,1,2
1286,sub-07,rh-parahippocampal,0.7076923076923077,0.3721042037676254,0.7272727272727274,0.569684748987081,None + Linear-SVM,conscious,conscious,False,Image,False,4,8,5,1
1287,sub-07,rh-parahippocampal,0.6666666666666666,0.14907119849998599,0.4,0.7615341662114412,None + Linear-SVM,conscious,conscious,False,Image,False,4,1,2,1
1288,sub-07,rh-parahippocampal,0.8,-0.2,0.0,0.8828125536661249,None + Linear-SVM,conscious,conscious,False,Image,False,4,0,1,1
1289,sub-07,rh-parahippocampal,0.7000000000000001,0.31622776601683794,0.5714285714285715,0.7168455480410271,None + Linear-SVM,conscious,conscious,False,Image,False,4,2,2,1
1290,sub-07,rh-parahippocampal,0.8,0.408248290463863,0.6666666666666665,0.6765368121637175,None + Linear-SVM,conscious,conscious,False,Image,False,4,3,2,1
1291,sub-07,rh-parahippocampal,0.7333333333333333,0.4472135954999579,0.75,0.6032649614256076,None + Linear-SVM,conscious,conscious,False,Image,False,4,6,3,1
1292,sub-07,rh-parahippocampal,0.6,-0.31622776601683794,0.0,0.8953728102570393,None + Linear-SVM,conscious,conscious,False,Image,False,3,0,1,2
1293,sub-07,rh-parahippocampal,0.7333333333333334,0.3105295017040594,0.6,0.6521555484473952,None + Linear-SVM,conscious,conscious,False,Image,False,4,3,3,1
1294,sub-07,rh-parahippocampal,0.5142857142857142,0.02857142857142857,0.5,0.690079947988487,None + Linear-SVM,conscious,conscious,False,Image,False,3,3,4,2
1295,sub-07,rh-parahippocampal,0.42000000000000004,-0.18898223650461363,0.47058823529411764,0.7346336871109493,None + Linear-SVM,conscious,conscious,False,Image,False,2,4,6,3
1296,sub-07,rh-parahippocampal,0.56,0.2,0.6,0.7171763287976001,None + Linear-SVM,conscious,conscious,False,Image,False,3,3,2,2
1297,sub-07,rh-parahippocampal,0.45999999999999996,0.0,0.5,0.6480987980820019,None + Linear-SVM,conscious,conscious,False,Image,False,3,4,6,2
1298,sub-07,rh-parahippocampal,0.8,0.3,0.5,0.8028942987327211,None + Linear-SVM,conscious,conscious,False,Image,False,4,1,1,1
1299,sub-07,rh-parahippocampal,0.5666666666666667,0.16735967034880075,0.6666666666666666,0.6030174475495902,None + Linear-SVM,conscious,conscious,False,Image,False,3,7,5,2
1300,sub-07,rh-parahippocampal,0.56,0.0,0.4444444444444445,0.7097512966002154,None + Linear-SVM,conscious,conscious,False,Image,False,3,2,3,2
1301,sub-07,rh-parahippocampal,0.4888888888888889,0.04303314829119352,0.5333333333333333,0.6647604107673455,None + Linear-SVM,conscious,conscious,False,Image,False,3,4,5,2
1302,sub-07,rh-parahippocampal,0.64,0.408248290463863,0.6666666666666665,0.702905444123942,None + Linear-SVM,conscious,conscious,False,Image,False,4,3,2,1
1303,sub-07,rh-parahippocampal,0.1,-0.3,0.28571428571428575,0.7423789118129278,None + Linear-SVM,conscious,conscious,False,Image,False,1,1,4,1
1304,sub-07,rh-parahippocampal,0.5,0.0,0.0,0.965520177062036,None + Linear-SVM,conscious,conscious,False,Image,False,2,0,1,0
1305,sub-07,rh-parahippocampal,1.0,0.0,0.0,0.9180548431419622,None + Linear-SVM,conscious,conscious,False,Image,False,2,0,1,0
1306,sub-07,rh-parahippocampal,0.25,-0.5773502691896258,0.0,0.8369693423846184,None + Linear-SVM,conscious,conscious,False,Image,False,1,0,2,1
1307,sub-07,rh-parahippocampal,0.375,0.0,0.5714285714285715,0.7140319529111178,None + Linear-SVM,conscious,conscious,False,Image,False,1,2,2,1
1308,sub-07,rh-parahippocampal,0.5,0.31622776601683794,0.4,0.6589674959391653,None + Linear-SVM,conscious,conscious,False,Image,False,2,1,3,0
1309,sub-07,rh-parahippocampal,0.16666666666666666,-0.6123724356957946,0.0,0.8002190927840409,None + Linear-SVM,conscious,conscious,False,Image,False,1,0,3,1
1310,sub-07,rh-parahippocampal,0.3571428571428571,-0.05976143046671968,0.5454545454545454,0.6006702435280704,None + Linear-SVM,conscious,conscious,False,Image,False,1,3,4,1
1311,sub-07,rh-parahippocampal,0.15,-0.25819888974716115,0.30769230769230765,0.5826085221863256,None + Linear-SVM,conscious,conscious,False,Image,False,1,2,8,1
1312,sub-07,rh-parahippocampal,0.0,-0.5,0.0,1.0607896627022788,None + Linear-SVM,conscious,conscious,False,Image,False,1,0,1,1
1313,sub-07,rh-parahippocampal,0.16666666666666666,-0.6123724356957946,0.0,0.7966282852506203,None + Linear-SVM,conscious,conscious,False,Image,False,1,0,3,1
1314,sub-07,rh-parahippocampal,0.0,-0.5,0.0,1.0262097380543853,None + Linear-SVM,conscious,conscious,False,Image,False,1,0,1,1
1315,sub-07,rh-parahippocampal,0.25,-0.5773502691896258,0.0,0.8185791912266474,None + Linear-SVM,conscious,conscious,False,Image,False,1,0,2,1
1316,sub-07,rh-parahippocampal,0.25,-0.25,0.3333333333333333,0.6751742377616684,None + Linear-SVM,conscious,conscious,False,Image,False,1,1,3,1
1317,sub-07,rh-parahippocampal,0.4375,0.10206207261596577,0.7142857142857143,0.5558752542653584,None + Linear-SVM,conscious,conscious,False,Image,False,1,5,3,1
1318,sub-07,rh-parahippocampal,0.36363636363636365,-0.03289758474798845,0.5882352941176471,0.5373487471811665,None + Linear-SVM,conscious,conscious,False,Image,False,1,5,6,1
1319,sub-07,rh-parahippocampal,0.5,0.0,0.0,0.9740578330041494,None + Linear-SVM,conscious,conscious,False,Image,False,2,0,1,0
1320,sub-07,rh-parahippocampal,0.6666666666666666,0.4082482904638631,0.5,0.7120070122009483,None + Linear-SVM,conscious,conscious,False,Image,False,2,1,2,0
1321,sub-07,rh-parahippocampal,0.3,-0.07559289460184544,0.5333333333333333,0.5789300183380058,None + Linear-SVM,conscious,conscious,False,Image,False,1,4,6,1
1322,sub-07,rh-parahippocampal,0.16666666666666666,-0.3333333333333333,0.25,0.6551884761104354,None + Linear-SVM,conscious,conscious,False,Image,False,1,1,5,1
1323,sub-07,rh-parahippocampal,0.16666666666666666,-0.3333333333333333,0.25,0.6842666478588901,None + Linear-SVM,conscious,conscious,False,Image,False,1,1,5,1
1324,sub-07,rh-parahippocampal,0.5,0.0,0.0,0.6993766252027682,None + Linear-SVM,conscious,conscious,False,Image,False,2,0,3,0
1325,sub-07,rh-parahippocampal,0.125,-0.6324555320336759,0.0,0.6931618753492121,None + Linear-SVM,conscious,conscious,False,Image,False,1,0,4,1
1326,sub-07,rh-parahippocampal,0.0,-0.5773502691896258,0.0,0.8571532606373831,None + Linear-SVM,conscious,conscious,False,Image,False,1,0,2,1
1327,sub-07,rh-parahippocampal,0.0,-0.5773502691896258,0.0,0.8537414016126565,None + Linear-SVM,conscious,conscious,False,Image,False,1,0,2,1
1328,sub-07,rh-parahippocampal,0.2692307692307693,-0.08006407690254358,0.5263157894736842,0.5345704426256874,None + Linear-SVM,conscious,conscious,False,Image,False,1,5,8,1
1329,sub-07,rh-parahippocampal,0.16666666666666666,-0.6123724356957946,0.0,0.777396776550191,None + Linear-SVM,conscious,conscious,False,Image,False,1,0,3,1
1330,sub-07,rh-parahippocampal,0.5,0.0,0.0,0.9682514728561437,None + Linear-SVM,conscious,conscious,False,Image,False,2,0,1,0
1331,sub-07,rh-parahippocampal,0.25,-0.25,0.3333333333333333,0.6950018998231818,None + Linear-SVM,conscious,conscious,False,Image,False,1,1,3,1
1332,sub-07,rh-parahippocampal,0.3,-0.09128709291752768,0.5,0.634509250763568,None + Linear-SVM,conscious,conscious,False,Image,False,1,2,3,1
1333,sub-07,rh-parahippocampal,0.611111111111111,0.28867513459481287,0.5,0.5525038827569952,None + Linear-SVM,conscious,conscious,False,Image,False,2,3,6,0
1334,sub-07,rh-parahippocampal,0.0,-0.5,0.0,0.9803582539377365,None + Linear-SVM,conscious,conscious,False,Image,False,1,0,1,1
1335,sub-07,rh-parahippocampal,0.5833333333333333,0.4472135954999579,0.6666666666666666,0.5965099579708055,None + Linear-SVM,conscious,conscious,False,Image,False,2,3,3,0
1336,sub-07,rh-parahippocampal,0.07142857142857142,-0.35714285714285715,0.22222222222222224,0.6659503869831847,None + Linear-SVM,conscious,conscious,False,Image,False,1,1,6,1
1337,sub-07,rh-parahippocampal,0.1,-0.25819888974716115,0.30769230769230765,0.7787556377944321,None + Linear-SVM,conscious,conscious,False,Image,False,1,2,8,1
1338,sub-07,rh-parahippocampal,0.1,-0.3,0.28571428571428575,0.7000251442613727,None + Linear-SVM,conscious,conscious,False,Image,False,1,1,4,1
1339,sub-07,rh-parahippocampal,0.1,-0.25819888974716115,0.30769230769230765,0.6143638051035741,None + Linear-SVM,conscious,conscious,False,Image,False,1,2,8,1
1340,sub-07,rh-parahippocampal,0.5,0.0,0.0,0.7946336053473655,None + Linear-SVM,conscious,conscious,False,Image,False,2,0,2,0
1341,sub-07,rh-parahippocampal,0.25,-0.05892556509887897,0.5555555555555556,0.5601613411575258,None + Linear-SVM,conscious,conscious,False,Image,False,1,5,7,1
1342,sub-07,rh-parahippocampal,0.2,-0.3,0.28571428571428575,0.6836338505315791,None + Linear-SVM,conscious,conscious,False,Image,False,1,1,4,1
1343,sub-07,rh-parahippocampal,0.05555555555555555,-0.3888888888888889,0.1818181818181818,0.6482844652894867,None + Linear-SVM,conscious,conscious,False,Image,False,1,1,8,1
1344,sub-07,rh-parahippocampal,0.3,-0.09128709291752768,0.5,0.6704468969722249,None + Linear-SVM,conscious,conscious,False,Image,False,1,2,3,1
1345,sub-07,rh-parahippocampal,0.6000000000000001,0.4,0.5714285714285715,0.6294648192546869,None + Linear-SVM,conscious,conscious,False,Image,False,2,2,3,0
1346,sub-07,rh-parahippocampal,1.0,0.0,0.0,0.7044641485438502,None + Linear-SVM,conscious,conscious,False,Image,False,2,0,1,0
1347,sub-07,rh-parahippocampal,1.0,0.0,0.0,0.6666442881031519,None + Linear-SVM,conscious,conscious,False,Image,False,2,0,1,0
1348,sub-07,rh-parahippocampal,0.75,0.5773502691896258,0.6666666666666666,0.65454096164172,None + Linear-SVM,conscious,conscious,False,Image,False,2,1,1,0
1349,sub-07,rh-parahippocampal,0.75,0.5,0.6666666666666666,0.613753425400411,None + Linear-SVM,conscious,conscious,False,Image,False,2,2,2,0
1350,sub-07,rh-parahippocampal,0.875,0.5,0.6666666666666666,0.5471589879998885,None + Linear-SVM,conscious,conscious,False,Image,False,2,2,2,0
1351,sub-07,rh-parahippocampal,0.8333333333333333,0.6666666666666666,0.8,0.6124172119594644,None + Linear-SVM,conscious,conscious,False,Image,False,2,2,1,0
1352,sub-07,rh-parahippocampal,0.8571428571428571,0.5976143046671968,0.8333333333333333,0.5283455450010021,None + Linear-SVM,conscious,conscious,False,Image,False,2,5,2,0
1353,sub-07,rh-parahippocampal,0.95,0.6324555320336759,0.888888888888889,0.5245773393466262,None + Linear-SVM,conscious,conscious,False,Image,False,2,8,2,0
1354,sub-07,rh-parahippocampal,0.0,-0.5,0.0,0.7981108581722234,None + Linear-SVM,conscious,conscious,False,Image,False,1,0,1,1
1355,sub-07,rh-parahippocampal,0.8333333333333333,0.6666666666666666,0.8,0.6270890765692412,None + Linear-SVM,conscious,conscious,False,Image,False,2,2,1,0
1356,sub-07,rh-parahippocampal,0.5,0.0,0.0,0.7530508066297426,None + Linear-SVM,conscious,conscious,False,Image,False,2,0,1,0
1357,sub-07,rh-parahippocampal,1.0,0.5773502691896258,0.6666666666666666,0.6588116137291482,None + Linear-SVM,conscious,conscious,False,Image,False,2,1,1,0
1358,sub-07,rh-parahippocampal,1.0,0.7071067811865476,0.8571428571428571,0.564742295662667,None + Linear-SVM,conscious,conscious,False,Image,False,2,3,1,0
1359,sub-07,rh-parahippocampal,0.9375,0.6123724356957946,0.8571428571428571,0.4859177733669183,None + Linear-SVM,conscious,conscious,False,Image,False,2,6,2,0
1360,sub-07,rh-parahippocampal,0.8636363636363636,0.5393598899705937,0.8421052631578948,0.4857742252022189,None + Linear-SVM,conscious,conscious,False,Image,False,2,8,3,0
1361,sub-07,rh-parahippocampal,1.0,0.0,0.0,0.7144288057101787,None + Linear-SVM,conscious,conscious,False,Image,False,2,0,1,0
1362,sub-07,rh-parahippocampal,1.0,0.6666666666666666,0.8,0.5728958171765809,None + Linear-SVM,conscious,conscious,False,Image,False,2,2,1,0
1363,sub-07,rh-parahippocampal,0.75,0.4472135954999579,0.7499999999999999,0.5208624682805033,None + Linear-SVM,conscious,conscious,False,Image,False,2,6,4,0
1364,sub-07,rh-parahippocampal,0.75,0.5773502691896258,0.8,0.5617590482387685,None + Linear-SVM,conscious,conscious,False,Image,False,2,4,2,0
1365,sub-07,rh-parahippocampal,0.8333333333333334,0.5773502691896258,0.8,0.5773292372659171,None + Linear-SVM,conscious,conscious,False,Image,False,2,4,2,0
1366,sub-07,rh-parahippocampal,1.0,0.6666666666666666,0.8,0.5755913247830161,None + Linear-SVM,conscious,conscious,False,Image,False,2,2,1,0
1367,sub-07,rh-parahippocampal,0.875,0.5,0.6666666666666666,0.5751740414680647,None + Linear-SVM,conscious,conscious,False,Image,False,2,2,2,0
1368,sub-07,rh-parahippocampal,1.0,0.5773502691896258,0.6666666666666666,0.6678374820597791,None + Linear-SVM,conscious,conscious,False,Image,False,2,1,1,0
1369,sub-07,rh-parahippocampal,1.0,0.5773502691896258,0.6666666666666666,0.6862185238306682,None + Linear-SVM,conscious,conscious,False,Image,False,2,1,1,0
1370,sub-07,rh-parahippocampal,0.8846153846153846,0.5547001962252291,0.8695652173913044,0.4938177067178946,None + Linear-SVM,conscious,conscious,False,Image,False,2,10,3,0
1371,sub-07,rh-parahippocampal,0.8333333333333333,0.6666666666666666,0.8,0.6252175423464218,None + Linear-SVM,conscious,conscious,False,Image,False,2,2,1,0
1372,sub-07,rh-parahippocampal,1.0,0.0,0.0,0.7179250192987673,None + Linear-SVM,conscious,conscious,False,Image,False,2,0,1,0
1373,sub-07,rh-parahippocampal,0.75,0.5,0.6666666666666666,0.5736960499464027,None + Linear-SVM,conscious,conscious,False,Image,False,2,2,2,0
1374,sub-07,rh-parahippocampal,1.0,0.7302967433402214,0.888888888888889,0.5436239753522111,None + Linear-SVM,conscious,conscious,False,Image,False,2,4,1,0
1375,sub-07,rh-parahippocampal,0.8888888888888888,0.6236095644623235,0.8750000000000001,0.4998706380859874,None + Linear-SVM,conscious,conscious,False,Image,False,2,7,2,0
1376,sub-07,rh-parahippocampal,1.0,0.0,0.0,0.7313616869049259,None + Linear-SVM,conscious,conscious,False,Image,False,2,0,1,0
1377,sub-07,rh-parahippocampal,0.8333333333333334,0.5773502691896258,0.8,0.5083723523455174,None + Linear-SVM,conscious,conscious,False,Image,False,2,4,2,0
1378,sub-07,rh-parahippocampal,0.7857142857142857,0.5976143046671968,0.8333333333333333,0.551923972252147,None + Linear-SVM,conscious,conscious,False,Image,False,2,5,2,0
1379,sub-07,rh-parahippocampal,0.6499999999999999,0.4472135954999579,0.7499999999999999,0.668388479880476,None + Linear-SVM,conscious,conscious,False,Image,False,2,6,4,0
1380,sub-07,rh-parahippocampal,0.9,0.5477225575051661,0.7499999999999999,0.5737203581942846,None + Linear-SVM,conscious,conscious,False,Image,False,2,3,2,0
1381,sub-07,rh-parahippocampal,0.75,0.4472135954999579,0.7499999999999999,0.5476092270244538,None + Linear-SVM,conscious,conscious,False,Image,False,2,6,4,0
1382,sub-07,rh-parahippocampal,1.0,0.5773502691896258,0.6666666666666666,0.6183575761497943,None + Linear-SVM,conscious,conscious,False,Image,False,2,1,1,0
1383,sub-07,rh-parahippocampal,0.75,0.47140452079103173,0.8,0.5210912245930741,None + Linear-SVM,conscious,conscious,False,Image,False,2,8,4,0
1384,sub-07,rh-parahippocampal,0.6,0.4,0.5714285714285715,0.6001848325922045,None + Linear-SVM,conscious,conscious,False,Image,False,2,2,3,0
1385,sub-07,rh-parahippocampal,0.6666666666666667,0.43033148291193524,0.7142857142857143,0.5735918428926211,None + Linear-SVM,conscious,conscious,False,Image,False,2,5,4,0
1386,sub-07,rh-parahippocampal,0.8,0.5477225575051661,0.7499999999999999,0.569430095967023,None + Linear-SVM,conscious,conscious,False,Image,False,2,3,2,0
1387,sub-07,rh-parahippocampal,0.52,0.0,0.4444444444444445,0.7399366431304049,None + Linear-SVM,conscious,conscious,False,Image,False,3,2,3,2
1388,sub-07,rh-parahippocampal,0.8,-0.2,0.0,0.8330620400610248,None + Linear-SVM,conscious,conscious,False,Image,False,4,0,1,1
1389,sub-07,rh-parahippocampal,1.0,0.0,0.0,0.8123399172592906,None + Linear-SVM,conscious,conscious,False,Image,False,5,0,1,0
1390,sub-07,rh-parahippocampal,0.7,0.3,0.5,0.7732337862759765,None + Linear-SVM,conscious,conscious,False,Image,False,4,1,1,1
1391,sub-07,rh-parahippocampal,0.65,0.31622776601683794,0.5714285714285715,0.7175473513620552,None + Linear-SVM,conscious,conscious,False,Image,False,4,2,2,1
1392,sub-07,rh-parahippocampal,0.75,0.31622776601683794,0.5714285714285715,0.6778226649069533,None + Linear-SVM,conscious,conscious,False,Image,False,4,2,2,1
1393,sub-07,rh-parahippocampal,0.6666666666666666,0.14907119849998599,0.4,0.7361416446843072,None + Linear-SVM,conscious,conscious,False,Image,False,4,1,2,1
1394,sub-07,rh-parahippocampal,0.7142857142857142,0.37142857142857144,0.6666666666666666,0.6246486915555475,None + Linear-SVM,conscious,conscious,False,Image,False,4,4,3,1
1395,sub-07,rh-parahippocampal,0.62,0.533001790889026,0.8571428571428572,0.6090638582022392,None + Linear-SVM,conscious,conscious,False,Image,False,3,9,1,2
1396,sub-07,rh-parahippocampal,0.6,-0.31622776601683794,0.0,0.861009385812959,None + Linear-SVM,conscious,conscious,False,Image,False,3,0,1,2
1397,sub-07,rh-parahippocampal,0.6666666666666666,0.14907119849998599,0.4,0.7288728747440657,None + Linear-SVM,conscious,conscious,False,Image,False,4,1,2,1
1398,sub-07,rh-parahippocampal,0.6,-0.31622776601683794,0.0,0.8565007014274987,None + Linear-SVM,conscious,conscious,False,Image,False,3,0,1,2
1399,sub-07,rh-parahippocampal,0.6,0.09128709291752768,0.4,0.783049398318871,None + Linear-SVM,conscious,conscious,False,Image,False,3,1,1,2
1400,sub-07,rh-parahippocampal,0.7,0.31622776601683794,0.5714285714285715,0.6952785919059719,None + Linear-SVM,conscious,conscious,False,Image,False,4,2,2,1
1401,sub-07,rh-parahippocampal,0.775,0.4147575310031266,0.7142857142857143,0.5872399760514485,None + Linear-SVM,conscious,conscious,False,Image,False,4,5,3,1
1402,sub-07,rh-parahippocampal,0.7272727272727273,0.24370871833797697,0.5882352941176471,0.5783502017485087,None + Linear-SVM,conscious,conscious,False,Image,False,4,5,6,1
1403,sub-07,rh-parahippocampal,0.8,-0.2,0.0,0.8299133303075665,None + Linear-SVM,conscious,conscious,False,Image,False,4,0,1,1
1404,sub-07,rh-parahippocampal,0.8,0.4666666666666667,0.6666666666666666,0.7212314064399714,None + Linear-SVM,conscious,conscious,False,Image,False,4,2,1,1
1405,sub-07,rh-parahippocampal,0.7,0.2,0.5333333333333333,0.6105969892352052,None + Linear-SVM,conscious,conscious,False,Image,False,4,4,6,1
1406,sub-07,rh-parahippocampal,0.7,0.14907119849998599,0.4444444444444444,0.6498878473154993,None + Linear-SVM,conscious,conscious,False,Image,False,4,2,4,1
1407,sub-07,rh-parahippocampal,0.6666666666666666,0.4666666666666667,0.7272727272727272,0.6641774166659359,None + Linear-SVM,conscious,conscious,False,Image,False,4,4,2,1
1408,sub-07,rh-parahippocampal,0.8,0.4666666666666667,0.6666666666666666,0.708128639162716,None + Linear-SVM,conscious,conscious,False,Image,False,4,2,1,1
1409,sub-07,rh-parahippocampal,0.75,0.31622776601683794,0.5714285714285715,0.6842876793531308,None + Linear-SVM,conscious,conscious,False,Image,False,4,2,2,1
1410,sub-07,rh-parahippocampal,0.7,0.3,0.5,0.7705366523787631,None + Linear-SVM,conscious,conscious,False,Image,False,4,1,1,1
1411,sub-07,rh-parahippocampal,0.6,0.09128709291752768,0.4,0.7955163915748963,None + Linear-SVM,conscious,conscious,False,Image,False,3,1,1,2
1412,sub-07,rh-parahippocampal,0.7538461538461538,0.4437601569801833,0.7826086956521738,0.5629996770597429,None + Linear-SVM,conscious,conscious,False,Image,False,4,9,4,1
1413,sub-07,rh-parahippocampal,0.7333333333333333,0.4666666666666667,0.6666666666666666,0.7339769694797824,None + Linear-SVM,conscious,conscious,False,Image,False,4,2,1,1
1414,sub-07,rh-parahippocampal,0.8,-0.2,0.0,0.8333718821613051,None + Linear-SVM,conscious,conscious,False,Image,False,4,0,1,1
1415,sub-07,rh-parahippocampal,0.7,0.31622776601683794,0.5714285714285715,0.7030091907925199,None + Linear-SVM,conscious,conscious,False,Image,False,4,2,2,1
1416,sub-07,rh-parahippocampal,0.76,0.408248290463863,0.6666666666666665,0.64744013430033,None + Linear-SVM,conscious,conscious,False,Image,False,4,3,2,1
1417,sub-07,rh-parahippocampal,0.7555555555555555,0.5594309277855158,0.823529411764706,0.5815362334141391,None + Linear-SVM,conscious,conscious,False,Image,False,4,7,2,1
1418,sub-07,rh-parahippocampal,0.6,-0.31622776601683794,0.0,0.8428105754522469,None + Linear-SVM,conscious,conscious,False,Image,False,3,0,1,2
1419,sub-07,rh-parahippocampal,0.6666666666666666,0.4666666666666667,0.7272727272727272,0.6319988305577254,None + Linear-SVM,conscious,conscious,False,Image,False,4,4,2,1
1420,sub-07,rh-parahippocampal,0.6,0.3142857142857143,0.7142857142857143,0.6659412293302615,None + Linear-SVM,conscious,conscious,False,Image,False,3,5,2,2
1421,sub-07,rh-parahippocampal,0.5599999999999999,0.37796447300922725,0.7058823529411764,0.7106153660748709,None + Linear-SVM,conscious,conscious,False,Image,False,4,6,4,1
1422,sub-07,rh-parahippocampal,0.64,0.0,0.28571428571428575,0.6860192765700817,None + Linear-SVM,conscious,conscious,False,Image,False,4,1,4,1
1423,sub-07,rh-parahippocampal,0.6,0.4,0.8000000000000002,0.6313420384316755,None + Linear-SVM,conscious,conscious,False,Image,False,3,8,2,2
1424,sub-07,rh-parahippocampal,0.8,0.3,0.5,0.7622231534201107,None + Linear-SVM,conscious,conscious,False,Image,False,4,1,1,1
1425,sub-07,rh-parahippocampal,0.65,0.20658356100321165,0.5555555555555556,0.5938274342510095,None + Linear-SVM,conscious,conscious,False,Image,False,4,5,7,1
1426,sub-07,rh-parahippocampal,0.6799999999999999,0.2182178902359924,0.5,0.7039969437263673,None + Linear-SVM,conscious,conscious,False,Image,False,4,2,3,1
1427,sub-07,rh-parahippocampal,0.6222222222222222,0.1414213562373095,0.46153846153846156,0.6502882654329198,None + Linear-SVM,conscious,conscious,False,Image,False,4,3,6,1
1428,sub-07,rh-parahippocampal,0.6000000000000001,0.2182178902359924,0.5,0.6897614231304686,None + Linear-SVM,conscious,conscious,False,Image,False,4,2,3,1
1429,sub-07,rh-parahippocampal,0.6,0.06666666666666667,0.5,0.6566705907286328,None + Linear-SVM,conscious,conscious,False,Image,False,2,2,3,1
1430,sub-07,rh-parahippocampal,1.0,0.0,0.0,0.7126851065718832,None + Linear-SVM,conscious,conscious,False,Image,False,3,0,1,0
1431,sub-07,rh-parahippocampal,1.0,0.0,0.0,0.682065960880027,None + Linear-SVM,conscious,conscious,False,Image,False,3,0,1,0
1432,sub-07,rh-parahippocampal,1.0,0.6123724356957946,0.6666666666666666,0.6607686101984278,None + Linear-SVM,conscious,conscious,False,Image,False,3,1,1,0
1433,sub-07,rh-parahippocampal,0.8333333333333334,0.5477225575051661,0.6666666666666666,0.6223858415139436,None + Linear-SVM,conscious,conscious,False,Image,False,3,2,2,0
1434,sub-07,rh-parahippocampal,0.8333333333333334,0.5477225575051661,0.6666666666666666,0.576539130506563,None + Linear-SVM,conscious,conscious,False,Image,False,3,2,2,0
1435,sub-07,rh-parahippocampal,0.888888888888889,0.7071067811865476,0.8,0.6324960584336629,None + Linear-SVM,conscious,conscious,False,Image,False,3,2,1,0
1436,sub-07,rh-parahippocampal,0.8571428571428571,0.6546536707079772,0.8333333333333333,0.5468210949685461,None + Linear-SVM,conscious,conscious,False,Image,False,3,5,2,0
1437,sub-07,rh-parahippocampal,0.9666666666666668,0.6928203230275508,0.888888888888889,0.5405277212810582,None + Linear-SVM,conscious,conscious,False,Image,False,3,8,2,0
1438,sub-07,rh-parahippocampal,0.33333333333333337,-0.3333333333333333,0.0,0.7685439415664193,None + Linear-SVM,conscious,conscious,False,Image,False,2,0,1,1
1439,sub-07,rh-parahippocampal,0.888888888888889,0.7071067811865476,0.8,0.6435589806222687,None + Linear-SVM,conscious,conscious,False,Image,False,3,2,1,0
1440,sub-07,rh-parahippocampal,0.6666666666666667,-0.3333333333333333,0.0,0.740978099695638,None + Linear-SVM,conscious,conscious,False,Image,False,2,0,1,1
1441,sub-07,rh-parahippocampal,1.0,0.6123724356957946,0.6666666666666666,0.680204758935648,None + Linear-SVM,conscious,conscious,False,Image,False,3,1,1,0
1442,sub-07,rh-parahippocampal,1.0,0.75,0.8571428571428571,0.58699665360997,None + Linear-SVM,conscious,conscious,False,Image,False,3,3,1,0
1443,sub-07,rh-parahippocampal,0.9166666666666666,0.6708203932499369,0.8571428571428571,0.5095692238361204,None + Linear-SVM,conscious,conscious,False,Image,False,3,6,2,0
1444,sub-07,rh-parahippocampal,0.8484848484848485,0.6030226891555273,0.8421052631578948,0.5150943737337901,None + Linear-SVM,conscious,conscious,False,Image,False,3,8,3,0
1445,sub-07,rh-parahippocampal,1.0,0.0,0.0,0.7130705883340116,None + Linear-SVM,conscious,conscious,False,Image,False,3,0,1,0
1446,sub-07,rh-parahippocampal,1.0,0.7071067811865476,0.8,0.6065673930260846,None + Linear-SVM,conscious,conscious,False,Image,False,3,2,1,0
1447,sub-07,rh-parahippocampal,0.7666666666666666,0.2253744679276044,0.7058823529411764,0.5366665464098194,None + Linear-SVM,conscious,conscious,False,Image,False,2,6,4,1
1448,sub-07,rh-parahippocampal,0.888888888888889,0.6324555320336759,0.8,0.5599694323753263,None + Linear-SVM,conscious,conscious,False,Image,False,3,4,2,0
1449,sub-07,rh-parahippocampal,0.8333333333333334,0.6324555320336759,0.8,0.5794531488207709,None + Linear-SVM,conscious,conscious,False,Image,False,3,4,2,0
1450,sub-07,rh-parahippocampal,1.0,0.7071067811865476,0.8,0.6123980024064536,None + Linear-SVM,conscious,conscious,False,Image,False,3,2,1,0
1451,sub-07,rh-parahippocampal,1.0,0.75,0.8571428571428571,0.591037944977152,None + Linear-SVM,conscious,conscious,False,Image,False,3,3,1,0
1452,sub-07,rh-parahippocampal,1.0,0.6123724356957946,0.6666666666666666,0.6717580220244683,None + Linear-SVM,conscious,conscious,False,Image,False,3,1,1,0
1453,sub-07,rh-parahippocampal,0.6666666666666667,0.16666666666666666,0.5,0.6961427209943916,None + Linear-SVM,conscious,conscious,False,Image,False,2,1,1,1
1454,sub-07,rh-parahippocampal,0.8974358974358975,0.6201736729460423,0.8695652173913044,0.5127799420409006,None + Linear-SVM,conscious,conscious,False,Image,False,3,10,3,0
1455,sub-07,rh-parahippocampal,0.7777777777777778,0.3333333333333333,0.6666666666666666,0.6453140401992691,None + Linear-SVM,conscious,conscious,False,Image,False,2,2,1,1
1456,sub-07,rh-parahippocampal,1.0,0.0,0.0,0.7141410443082375,None + Linear-SVM,conscious,conscious,False,Image,False,3,0,1,0
1457,sub-07,rh-parahippocampal,0.8333333333333334,0.5477225575051661,0.6666666666666666,0.5975664838113085,None + Linear-SVM,conscious,conscious,False,Image,False,3,2,2,0
1458,sub-07,rh-parahippocampal,1.0,0.7745966692414834,0.888888888888889,0.5648432368401015,None + Linear-SVM,conscious,conscious,False,Image,False,3,4,1,0
1459,sub-07,rh-parahippocampal,0.8888888888888888,0.6831300510639732,0.8750000000000001,0.5250583295616784,None + Linear-SVM,conscious,conscious,False,Image,False,3,7,2,0
1460,sub-07,rh-parahippocampal,1.0,0.0,0.0,0.7208412743725071,None + Linear-SVM,conscious,conscious,False,Image,False,3,0,1,0
1461,sub-07,rh-parahippocampal,0.8333333333333334,0.6324555320336759,0.8,0.539991458844852,None + Linear-SVM,conscious,conscious,False,Image,False,3,4,2,0
1462,sub-07,rh-parahippocampal,0.8095238095238095,0.5345224838248488,0.7272727272727273,0.5792491864433374,None + Linear-SVM,conscious,conscious,False,Image,False,3,4,3,0
1463,sub-07,rh-parahippocampal,0.6666666666666667,0.2253744679276044,0.7058823529411764,0.6491443211715379,None + Linear-SVM,conscious,conscious,False,Image,False,2,6,4,1
1464,sub-07,rh-parahippocampal,0.8666666666666667,0.6,0.7499999999999999,0.5990618408769357,None + Linear-SVM,conscious,conscious,False,Image,False,3,3,2,0
1465,sub-07,rh-parahippocampal,0.8666666666666667,0.5916079783099616,0.8235294117647058,0.5513731185411918,None + Linear-SVM,conscious,conscious,False,Image,False,3,7,3,0
1466,sub-07,rh-parahippocampal,1.0,0.6123724356957946,0.6666666666666666,0.6481840472433724,None + Linear-SVM,conscious,conscious,False,Image,False,3,1,1,0
1467,sub-07,rh-parahippocampal,0.8611111111111112,0.6123724356957946,0.8571428571428571,0.5352514779189639,None + Linear-SVM,conscious,conscious,False,Image,False,3,9,3,0
1468,sub-07,rh-parahippocampal,0.8,0.6,0.7499999999999999,0.5985250895025193,None + Linear-SVM,conscious,conscious,False,Image,False,3,3,2,0
1469,sub-07,rh-parahippocampal,0.7037037037037037,0.19245008972987526,0.6666666666666667,0.5803564433956975,None + Linear-SVM,conscious,conscious,False,Image,False,2,5,4,1
1470,sub-07,rh-parahippocampal,0.8,0.6,0.7499999999999999,0.600832024044857,None + Linear-SVM,conscious,conscious,False,Image,False,3,3,2,0
