fold,sub,roi,roc_auc,mattews_correcoef,f1_score,log_loss,model,condition_target,condition_source,flip,language,transfer,tn,tp,fn,fp
1,sub-03,lh-superiorfrontal,0.8,0.3,0.5,0.6840128259026498,None + Linear-SVM,unconscious,unconscious,False,Image,False,4,1,1,1
2,sub-03,lh-superiorfrontal,0.8571428571428572,0.50709255283711,0.7692307692307692,0.6561491122322995,None + Linear-SVM,unconscious,unconscious,False,Image,False,4,5,2,1
3,sub-03,lh-superiorfrontal,0.6,0.26666666666666666,0.6666666666666666,0.6801230753063202,None + Linear-SVM,unconscious,unconscious,False,Image,False,3,4,2,2
4,sub-03,lh-superiorfrontal,0.6749999999999999,0.5270462766947299,0.6666666666666666,0.6847873283835308,None + Linear-SVM,unconscious,unconscious,False,Image,False,5,4,4,0
5,sub-03,lh-superiorfrontal,0.4666666666666666,0.1,0.5454545454545454,0.692110430191852,None + Linear-SVM,unconscious,unconscious,False,Image,False,3,3,3,2
6,sub-03,lh-superiorfrontal,0.26666666666666666,-0.4666666666666667,0.25,0.7092620143762212,None + Linear-SVM,unconscious,unconscious,False,Image,False,1,1,2,4
7,sub-03,lh-superiorfrontal,0.31999999999999995,0.0,0.4444444444444445,0.7205382651048006,None + Linear-SVM,unconscious,unconscious,False,Image,False,3,2,3,2
8,sub-03,lh-superiorfrontal,0.5,0.09759000729485333,0.5714285714285715,0.6873667925567528,None + Linear-SVM,unconscious,unconscious,False,Image,False,3,4,4,2
9,sub-03,lh-superiorfrontal,0.06666666666666665,-0.7745966692414834,0.0,0.7289471030339273,None + Linear-SVM,unconscious,unconscious,False,Image,False,1,0,3,4
10,sub-03,lh-superiorfrontal,0.5499999999999999,0.21957751641341997,0.6666666666666666,0.6925421189140771,None + Linear-SVM,unconscious,unconscious,False,Image,False,3,5,3,2
11,sub-03,lh-superiorfrontal,0.38,0.0,0.5,0.698977458491949,None + Linear-SVM,unconscious,unconscious,False,Image,False,3,4,6,2
12,sub-03,lh-superiorfrontal,0.7,0.26666666666666666,0.6666666666666666,0.6741534069348795,None + Linear-SVM,unconscious,unconscious,False,Image,False,3,4,2,2
13,sub-03,lh-superiorfrontal,0.43333333333333335,-0.06900655593423542,0.4,0.7134271085569605,None + Linear-SVM,unconscious,unconscious,False,Image,False,3,2,4,2
14,sub-03,lh-superiorfrontal,1.0,0.0,0.0,0.6970664024917915,None + Linear-SVM,unconscious,unconscious,False,Image,False,5,0,1,0
15,sub-03,lh-superiorfrontal,0.6000000000000001,0.0,0.4444444444444445,0.6863148377867845,None + Linear-SVM,unconscious,unconscious,False,Image,False,3,2,3,2
16,sub-03,lh-superiorfrontal,0.84,0.408248290463863,0.6666666666666665,0.6667490651391593,None + Linear-SVM,unconscious,unconscious,False,Image,False,4,3,2,1
17,sub-03,lh-superiorfrontal,0.5,0.0,0.0,0.7025290424432242,None + Linear-SVM,unconscious,unconscious,False,Image,False,5,0,2,0
18,sub-03,lh-superiorfrontal,0.54,0.18898223650461363,0.6666666666666665,0.7013651414477567,None + Linear-SVM,unconscious,unconscious,False,Image,False,3,6,4,2
19,sub-03,lh-superiorfrontal,0.48,-0.2,0.4000000000000001,0.6925235931165099,None + Linear-SVM,unconscious,unconscious,False,Image,False,2,2,3,3
20,sub-03,lh-superiorfrontal,0.7333333333333333,0.4879500364742666,0.5,0.6810705480693297,None + Linear-SVM,unconscious,unconscious,False,Image,False,5,1,2,0
21,sub-03,lh-superiorfrontal,0.5,-0.15811388300841897,0.28571428571428575,0.6865831616387638,None + Linear-SVM,unconscious,unconscious,False,Image,False,3,1,3,2
22,sub-03,lh-superiorfrontal,0.68,0.2,0.6,0.6732597060635411,None + Linear-SVM,unconscious,unconscious,False,Image,False,3,3,2,2
23,sub-03,lh-superiorfrontal,0.5,-0.2608745973749754,0.2222222222222222,0.6977433099607281,None + Linear-SVM,unconscious,unconscious,False,Image,False,3,1,5,2
24,sub-03,lh-superiorfrontal,0.6285714285714286,0.1690308509457033,0.6153846153846153,0.6729957642359222,None + Linear-SVM,unconscious,unconscious,False,Image,False,3,4,3,2
25,sub-03,lh-superiorfrontal,0.48,0.0,0.4444444444444445,0.694339389161285,None + Linear-SVM,unconscious,unconscious,False,Image,False,3,2,3,2
26,sub-03,lh-superiorfrontal,0.68,0.2182178902359924,0.5,0.6718084392112305,None + Linear-SVM,unconscious,unconscious,False,Image,False,4,2,3,1
27,sub-03,lh-superiorfrontal,0.45,-0.15811388300841897,0.28571428571428575,0.7071387805421286,None + Linear-SVM,unconscious,unconscious,False,Image,False,3,1,3,2
28,sub-03,lh-superiorfrontal,0.48,0.0,0.4444444444444445,0.6974715893478137,None + Linear-SVM,unconscious,unconscious,False,Image,False,3,2,3,2
29,sub-03,lh-superiorfrontal,0.6666666666666667,0.1,0.5454545454545454,0.6793611685888797,None + Linear-SVM,unconscious,unconscious,False,Image,False,3,3,3,2
30,sub-03,lh-superiorfrontal,0.4,-0.025,0.4615384615384615,0.709655919349558,None + Linear-SVM,unconscious,unconscious,False,Image,False,3,3,5,2
31,sub-03,lh-superiorfrontal,0.7,0.09128709291752768,0.4,0.6857271132440871,None + Linear-SVM,unconscious,unconscious,False,Image,False,3,1,1,2
32,sub-03,lh-superiorfrontal,0.8,0.3105295017040594,0.6,0.6672462774649784,None + Linear-SVM,unconscious,unconscious,False,Image,False,4,3,3,1
33,sub-03,lh-superiorfrontal,0.7333333333333334,0.3105295017040594,0.6,0.6741409399203854,None + Linear-SVM,unconscious,unconscious,False,Image,False,4,3,3,1
34,sub-03,lh-superiorfrontal,0.43999999999999995,0.0,0.5,0.7028165368687274,None + Linear-SVM,unconscious,unconscious,False,Image,False,3,4,6,2
35,sub-03,lh-superiorfrontal,0.64,0.37796447300922725,0.7058823529411764,0.6707195982849729,None + Linear-SVM,unconscious,unconscious,False,Image,False,4,6,4,1
36,sub-03,lh-superiorfrontal,0.65,-0.025,0.4615384615384615,0.6793426776022657,None + Linear-SVM,unconscious,unconscious,False,Image,False,3,3,5,2
37,sub-03,lh-superiorfrontal,0.54,0.0,0.5,0.6797918040183114,None + Linear-SVM,unconscious,unconscious,False,Image,False,3,4,6,2
38,sub-03,lh-superiorfrontal,0.45714285714285713,0.02857142857142857,0.5,0.6997914099598246,None + Linear-SVM,unconscious,unconscious,False,Image,False,3,3,4,2
39,sub-03,lh-superiorfrontal,0.5428571428571428,0.1690308509457033,0.6153846153846153,0.6998042804306026,None + Linear-SVM,unconscious,unconscious,False,Image,False,3,4,3,2
40,sub-03,lh-superiorfrontal,0.5,-0.025,0.4615384615384615,0.6947024018361213,None + Linear-SVM,unconscious,unconscious,False,Image,False,3,3,5,2
41,sub-03,lh-superiorfrontal,0.48,0.0,0.5,0.6821228351430141,None + Linear-SVM,unconscious,unconscious,False,Image,False,3,4,6,2
42,sub-03,lh-superiorfrontal,0.5142857142857142,0.02857142857142857,0.5,0.692134757362244,None + Linear-SVM,unconscious,unconscious,False,Image,False,3,3,4,2
43,sub-03,lh-superiorfrontal,0.7,0.3105295017040594,0.6,0.6660520961556354,None + Linear-SVM,unconscious,unconscious,False,Image,False,4,3,3,1
44,sub-03,lh-superiorfrontal,0.7333333333333333,0.34426518632954817,0.6666666666666667,0.6591765180127072,None + Linear-SVM,unconscious,unconscious,False,Image,False,4,5,4,1
45,sub-03,lh-superiorfrontal,0.5499999999999999,0.1,0.5,0.6914989271186794,None + Linear-SVM,unconscious,unconscious,False,Image,False,3,2,2,2
46,sub-03,lh-superiorfrontal,0.5333333333333333,0.1,0.5454545454545454,0.6929522474174258,None + Linear-SVM,unconscious,unconscious,False,Image,False,3,3,3,2
47,sub-03,lh-superiorfrontal,0.75,0.5976143046671968,0.6666666666666666,0.6641295431952448,None + Linear-SVM,unconscious,unconscious,False,Image,False,5,2,2,0
48,sub-03,lh-superiorfrontal,0.8666666666666667,0.4666666666666667,0.6666666666666666,0.669226783414336,None + Linear-SVM,unconscious,unconscious,False,Image,False,4,2,1,1
49,sub-03,lh-superiorfrontal,1.0,0.6454972243679028,0.6666666666666666,0.6328021615861033,None + Linear-SVM,unconscious,unconscious,False,Image,False,5,1,1,0
50,sub-03,lh-superiorfrontal,0.9714285714285715,0.8451542547285166,0.923076923076923,0.6328267535012446,None + Linear-SVM,unconscious,unconscious,False,Image,False,5,6,1,0
51,sub-03,lh-superiorfrontal,0.9333333333333333,0.6900655593423543,0.8,0.6467286775683584,None + Linear-SVM,unconscious,unconscious,False,Image,False,5,4,2,0
52,sub-03,lh-superiorfrontal,0.9,0.7319250547113999,0.8571428571428571,0.6520085078061084,None + Linear-SVM,unconscious,unconscious,False,Image,False,5,6,2,0
53,sub-03,lh-superiorfrontal,0.8333333333333333,0.4666666666666667,0.7272727272727272,0.6567166077846673,None + Linear-SVM,unconscious,unconscious,False,Image,False,4,4,2,1
54,sub-03,lh-superiorfrontal,0.6666666666666666,-0.06666666666666667,0.3333333333333333,0.6511955812178079,None + Linear-SVM,unconscious,unconscious,False,Image,False,3,1,2,2
55,sub-03,lh-superiorfrontal,0.76,0.408248290463863,0.6666666666666665,0.6684999462735698,None + Linear-SVM,unconscious,unconscious,False,Image,False,4,3,2,1
56,sub-03,lh-superiorfrontal,0.9,0.5367450401216932,0.7999999999999999,0.6551551167033594,None + Linear-SVM,unconscious,unconscious,False,Image,False,4,6,2,1
57,sub-03,lh-superiorfrontal,0.7333333333333333,0.14907119849998599,0.4,0.6549397449156393,None + Linear-SVM,unconscious,unconscious,False,Image,False,4,1,2,1
58,sub-03,lh-superiorfrontal,0.825,0.4147575310031266,0.7142857142857143,0.6633300732057921,None + Linear-SVM,unconscious,unconscious,False,Image,False,4,5,3,1
59,sub-03,lh-superiorfrontal,0.86,0.472455591261534,0.7777777777777777,0.6663002212859638,None + Linear-SVM,unconscious,unconscious,False,Image,False,4,7,3,1
60,sub-03,lh-superiorfrontal,1.0,0.8333333333333334,0.9090909090909091,0.635917087898878,None + Linear-SVM,unconscious,unconscious,False,Image,False,5,5,1,0
61,sub-03,lh-superiorfrontal,0.7333333333333334,0.1,0.5454545454545454,0.6677948824587517,None + Linear-SVM,unconscious,unconscious,False,Image,False,3,3,3,2
62,sub-03,lh-superiorfrontal,1.0,0.0,0.0,0.6266817717558129,None + Linear-SVM,unconscious,unconscious,False,Image,False,5,0,1,0
63,sub-03,lh-superiorfrontal,0.92,0.6546536707079772,0.7499999999999999,0.6467125216382157,None + Linear-SVM,unconscious,unconscious,False,Image,False,5,3,2,0
64,sub-03,lh-superiorfrontal,1.0,0.816496580927726,0.888888888888889,0.6349317692009058,None + Linear-SVM,unconscious,unconscious,False,Image,False,5,4,1,0
65,sub-03,lh-superiorfrontal,0.6,-0.09128709291752768,0.3333333333333333,0.6403897011967613,None + Linear-SVM,unconscious,unconscious,False,Image,False,2,1,1,3
66,sub-03,lh-superiorfrontal,0.8400000000000001,0.472455591261534,0.7777777777777777,0.6618574554586073,None + Linear-SVM,unconscious,unconscious,False,Image,False,4,7,3,1
67,sub-03,lh-superiorfrontal,0.92,0.6,0.8000000000000002,0.651527574868534,None + Linear-SVM,unconscious,unconscious,False,Image,False,4,4,1,1
68,sub-03,lh-superiorfrontal,1.0,0.7453559924999299,0.8,0.6356707383277194,None + Linear-SVM,unconscious,unconscious,False,Image,False,5,2,1,0
69,sub-03,lh-superiorfrontal,0.9,0.55,0.75,0.6469109585425045,None + Linear-SVM,unconscious,unconscious,False,Image,False,4,3,1,1
70,sub-03,lh-superiorfrontal,0.92,0.6546536707079772,0.7499999999999999,0.633321283473548,None + Linear-SVM,unconscious,unconscious,False,Image,False,5,3,2,0
71,sub-03,lh-superiorfrontal,1.0,0.8333333333333334,0.9090909090909091,0.6485617070916109,None + Linear-SVM,unconscious,unconscious,False,Image,False,5,5,1,0
72,sub-03,lh-superiorfrontal,0.9428571428571428,0.7142857142857143,0.8333333333333333,0.6392531486168478,None + Linear-SVM,unconscious,unconscious,False,Image,False,5,5,2,0
73,sub-03,lh-superiorfrontal,0.92,0.6546536707079772,0.7499999999999999,0.6479883197621343,None + Linear-SVM,unconscious,unconscious,False,Image,False,5,3,2,0
74,sub-03,lh-superiorfrontal,0.9600000000000001,0.816496580927726,0.888888888888889,0.6417852222268979,None + Linear-SVM,unconscious,unconscious,False,Image,False,5,4,1,0
75,sub-03,lh-superiorfrontal,0.75,0.31622776601683794,0.5714285714285715,0.6507981415936306,None + Linear-SVM,unconscious,unconscious,False,Image,False,4,2,2,1
76,sub-03,lh-superiorfrontal,0.84,0.408248290463863,0.6666666666666665,0.6537540194498606,None + Linear-SVM,unconscious,unconscious,False,Image,False,4,3,2,1
77,sub-03,lh-superiorfrontal,0.9333333333333333,0.6900655593423543,0.8,0.6459574639713291,None + Linear-SVM,unconscious,unconscious,False,Image,False,5,4,2,0
78,sub-03,lh-superiorfrontal,0.775,0.3,0.6153846153846154,0.6698070210396287,None + Linear-SVM,unconscious,unconscious,False,Image,False,4,4,4,1
79,sub-03,lh-superiorfrontal,0.8,0.3,0.5,0.6339578994965163,None + Linear-SVM,unconscious,unconscious,False,Image,False,4,1,1,1
80,sub-03,lh-superiorfrontal,1.0,0.8333333333333334,0.9090909090909091,0.6393599268481439,None + Linear-SVM,unconscious,unconscious,False,Image,False,5,5,1,0
81,sub-03,lh-superiorfrontal,0.9666666666666668,0.8333333333333334,0.9090909090909091,0.6472877250487586,None + Linear-SVM,unconscious,unconscious,False,Image,False,5,5,1,0
82,sub-03,lh-superiorfrontal,0.86,0.472455591261534,0.7777777777777777,0.6731358534183874,None + Linear-SVM,unconscious,unconscious,False,Image,False,4,7,3,1
83,sub-03,lh-superiorfrontal,0.9,0.6614378277661477,0.8235294117647058,0.6561659443560709,None + Linear-SVM,unconscious,unconscious,False,Image,False,5,7,3,0
84,sub-03,lh-superiorfrontal,0.875,0.5367450401216932,0.7999999999999999,0.6573485348018431,None + Linear-SVM,unconscious,unconscious,False,Image,False,4,6,2,1
85,sub-03,lh-superiorfrontal,0.9800000000000001,0.7559289460184545,0.888888888888889,0.6500210049019904,None + Linear-SVM,unconscious,unconscious,False,Image,False,5,8,2,0
86,sub-03,lh-superiorfrontal,0.8285714285714285,0.50709255283711,0.7692307692307692,0.6631813648190259,None + Linear-SVM,unconscious,unconscious,False,Image,False,4,5,2,1
87,sub-03,lh-superiorfrontal,0.8857142857142857,0.7142857142857143,0.8333333333333333,0.6638957678595124,None + Linear-SVM,unconscious,unconscious,False,Image,False,5,5,2,0
88,sub-03,lh-superiorfrontal,0.75,0.4147575310031266,0.7142857142857143,0.6666494982172377,None + Linear-SVM,unconscious,unconscious,False,Image,False,4,5,3,1
89,sub-03,lh-superiorfrontal,0.84,0.472455591261534,0.7777777777777777,0.6582366395173639,None + Linear-SVM,unconscious,unconscious,False,Image,False,4,7,3,1
90,sub-03,lh-superiorfrontal,0.7714285714285714,0.37142857142857144,0.6666666666666666,0.6670590489450968,None + Linear-SVM,unconscious,unconscious,False,Image,False,4,4,3,1
91,sub-03,lh-superiorfrontal,0.9,0.6900655593423543,0.8,0.6393033614755799,None + Linear-SVM,unconscious,unconscious,False,Image,False,5,4,2,0
92,sub-03,lh-superiorfrontal,1.0,0.8606629658238705,0.9411764705882353,0.6416054530007702,None + Linear-SVM,unconscious,unconscious,False,Image,False,5,8,1,0
93,sub-03,lh-superiorfrontal,0.9,0.55,0.75,0.6534800839850475,None + Linear-SVM,unconscious,unconscious,False,Image,False,4,3,1,1
94,sub-03,lh-superiorfrontal,0.8333333333333333,0.4666666666666667,0.7272727272727272,0.6566404970417287,None + Linear-SVM,unconscious,unconscious,False,Image,False,4,4,2,1
95,sub-03,lh-superiorfrontal,0.9,0.55,0.75,0.6340292413121156,None + Linear-SVM,unconscious,unconscious,False,Image,False,4,3,1,1
96,sub-03,lh-superiorfrontal,1.0,0.7453559924999299,0.8,0.6265234755020208,None + Linear-SVM,unconscious,unconscious,False,Image,False,5,2,1,0
97,sub-03,lh-superiorfrontal,0.7,0.09128709291752768,0.4,0.6774003123000076,None + Linear-SVM,unconscious,unconscious,False,Image,False,3,1,1,2
98,sub-03,lh-superiorfrontal,0.8,0.37142857142857144,0.6666666666666666,0.6472175599702659,None + Linear-SVM,unconscious,unconscious,False,Image,False,4,4,3,1
99,sub-03,lh-superiorfrontal,0.5,-0.06900655593423542,0.4,0.6866543915780304,None + Linear-SVM,unconscious,unconscious,False,Image,False,3,2,4,2
100,sub-03,lh-superiorfrontal,0.55,0.09759000729485333,0.5714285714285715,0.6888334917643117,None + Linear-SVM,unconscious,unconscious,False,Image,False,3,4,4,2
101,sub-03,lh-superiorfrontal,0.5333333333333332,0.1,0.5454545454545454,0.6882258331098859,None + Linear-SVM,unconscious,unconscious,False,Image,False,3,3,3,2
102,sub-03,lh-superiorfrontal,0.39999999999999997,-0.2581988897471611,0.28571428571428575,0.7107540339329683,None + Linear-SVM,unconscious,unconscious,False,Image,False,2,1,2,3
103,sub-03,lh-superiorfrontal,0.43999999999999995,0.0,0.4444444444444445,0.7095877812723751,None + Linear-SVM,unconscious,unconscious,False,Image,False,3,2,3,2
104,sub-03,lh-superiorfrontal,0.55,-0.15811388300841897,0.3333333333333333,0.6789379028680156,None + Linear-SVM,unconscious,unconscious,False,Image,False,3,2,6,2
105,sub-03,lh-superiorfrontal,0.3333333333333333,-0.2581988897471611,0.28571428571428575,0.709971139542904,None + Linear-SVM,unconscious,unconscious,False,Image,False,2,1,2,3
106,sub-03,lh-superiorfrontal,0.5499999999999999,-0.025,0.4615384615384615,0.6943365004559893,None + Linear-SVM,unconscious,unconscious,False,Image,False,3,3,5,2
107,sub-03,lh-superiorfrontal,0.42,-0.18898223650461363,0.47058823529411764,0.6977013043773778,None + Linear-SVM,unconscious,unconscious,False,Image,False,2,4,6,3
108,sub-03,lh-superiorfrontal,0.6666666666666666,0.1,0.5454545454545454,0.6649458902193918,None + Linear-SVM,unconscious,unconscious,False,Image,False,3,3,3,2
109,sub-03,lh-superiorfrontal,0.5,-0.06900655593423542,0.4,0.6991606765898001,None + Linear-SVM,unconscious,unconscious,False,Image,False,3,2,4,2
110,sub-03,lh-superiorfrontal,0.8,-0.2,0.0,0.685267417117902,None + Linear-SVM,unconscious,unconscious,False,Image,False,4,0,1,1
111,sub-03,lh-superiorfrontal,0.6,0.0,0.4444444444444445,0.679801869875923,None + Linear-SVM,unconscious,unconscious,False,Image,False,3,2,3,2
112,sub-03,lh-superiorfrontal,0.68,0.2182178902359924,0.5,0.6610334571349873,None + Linear-SVM,unconscious,unconscious,False,Image,False,4,2,3,1
113,sub-03,lh-superiorfrontal,0.6,-0.09128709291752768,0.3333333333333333,0.6937936119244972,None + Linear-SVM,unconscious,unconscious,False,Image,False,2,1,1,3
114,sub-03,lh-superiorfrontal,0.5599999999999999,0.09449111825230681,0.588235294117647,0.6977496136525,None + Linear-SVM,unconscious,unconscious,False,Image,False,3,5,5,2
115,sub-03,lh-superiorfrontal,0.56,0.0,0.4444444444444445,0.6851501430641231,None + Linear-SVM,unconscious,unconscious,False,Image,False,3,2,3,2
116,sub-03,lh-superiorfrontal,0.7333333333333333,0.14907119849998599,0.4,0.6678161121385158,None + Linear-SVM,unconscious,unconscious,False,Image,False,4,1,2,1
117,sub-03,lh-superiorfrontal,0.5,-0.15811388300841897,0.28571428571428575,0.6863027455591248,None + Linear-SVM,unconscious,unconscious,False,Image,False,3,1,3,2
118,sub-03,lh-superiorfrontal,0.72,0.2,0.6,0.6614346069564226,None + Linear-SVM,unconscious,unconscious,False,Image,False,3,3,2,2
119,sub-03,lh-superiorfrontal,0.5666666666666667,0.1,0.5454545454545454,0.6839003975972422,None + Linear-SVM,unconscious,unconscious,False,Image,False,3,3,3,2
120,sub-03,lh-superiorfrontal,0.5714285714285714,0.02857142857142857,0.5,0.6686843694579047,None + Linear-SVM,unconscious,unconscious,False,Image,False,3,3,4,2
121,sub-03,lh-superiorfrontal,0.48,0.0,0.4444444444444445,0.6921446003713201,None + Linear-SVM,unconscious,unconscious,False,Image,False,3,2,3,2
122,sub-03,lh-superiorfrontal,0.64,0.0,0.4444444444444445,0.6716811520037753,None + Linear-SVM,unconscious,unconscious,False,Image,False,3,2,3,2
123,sub-03,lh-superiorfrontal,0.49999999999999994,-0.15811388300841897,0.28571428571428575,0.7011502943665543,None + Linear-SVM,unconscious,unconscious,False,Image,False,3,1,3,2
124,sub-03,lh-superiorfrontal,0.56,0.0,0.4444444444444445,0.6800101773871435,None + Linear-SVM,unconscious,unconscious,False,Image,False,3,2,3,2
125,sub-03,lh-superiorfrontal,0.6666666666666666,0.1,0.5454545454545454,0.6689158360299327,None + Linear-SVM,unconscious,unconscious,False,Image,False,3,3,3,2
126,sub-03,lh-superiorfrontal,0.42500000000000004,-0.025,0.4615384615384615,0.7153393103301702,None + Linear-SVM,unconscious,unconscious,False,Image,False,3,3,5,2
127,sub-03,lh-superiorfrontal,0.7,0.09128709291752768,0.4,0.6816897974639414,None + Linear-SVM,unconscious,unconscious,False,Image,False,3,1,1,2
128,sub-03,lh-superiorfrontal,0.7,0.3105295017040594,0.6,0.6618424496626216,None + Linear-SVM,unconscious,unconscious,False,Image,False,4,3,3,1
129,sub-03,lh-superiorfrontal,0.6,0.1,0.5454545454545454,0.6722402071469994,None + Linear-SVM,unconscious,unconscious,False,Image,False,3,3,3,2
130,sub-03,lh-superiorfrontal,0.44,-0.1,0.4,0.697276828983631,None + Linear-SVM,unconscious,unconscious,False,Image,False,3,3,7,2
131,sub-03,lh-superiorfrontal,0.6,0.09449111825230681,0.588235294117647,0.6640268398472546,None + Linear-SVM,unconscious,unconscious,False,Image,False,3,5,5,2
132,sub-03,lh-superiorfrontal,0.6,-0.025,0.4615384615384615,0.6726558403260451,None + Linear-SVM,unconscious,unconscious,False,Image,False,3,3,5,2
133,sub-03,lh-superiorfrontal,0.5800000000000001,0.0,0.5,0.6742662698464216,None + Linear-SVM,unconscious,unconscious,False,Image,False,3,4,6,2
134,sub-03,lh-superiorfrontal,0.48571428571428565,0.02857142857142857,0.5,0.6953130472582104,None + Linear-SVM,unconscious,unconscious,False,Image,False,3,3,4,2
135,sub-03,lh-superiorfrontal,0.5428571428571428,0.02857142857142857,0.5,0.6882970255985866,None + Linear-SVM,unconscious,unconscious,False,Image,False,3,3,4,2
136,sub-03,lh-superiorfrontal,0.6,0.09759000729485333,0.5714285714285715,0.6841783090386664,None + Linear-SVM,unconscious,unconscious,False,Image,False,3,4,4,2
137,sub-03,lh-superiorfrontal,0.62,0.09449111825230681,0.588235294117647,0.6736192864890357,None + Linear-SVM,unconscious,unconscious,False,Image,False,3,5,5,2
138,sub-03,lh-superiorfrontal,0.5142857142857142,0.02857142857142857,0.5,0.6900177821524887,None + Linear-SVM,unconscious,unconscious,False,Image,False,3,3,4,2
139,sub-03,lh-superiorfrontal,0.6,-0.06900655593423542,0.4,0.6606686245672825,None + Linear-SVM,unconscious,unconscious,False,Image,False,3,2,4,2
140,sub-03,lh-superiorfrontal,0.7555555555555555,0.34426518632954817,0.6666666666666667,0.6470145042952337,None + Linear-SVM,unconscious,unconscious,False,Image,False,4,5,4,1
141,sub-03,lh-superiorfrontal,0.6,0.1,0.5,0.6815963092375373,None + Linear-SVM,unconscious,unconscious,False,Image,False,3,2,2,2
142,sub-03,lh-superiorfrontal,0.6,0.1,0.5454545454545454,0.6830366164367185,None + Linear-SVM,unconscious,unconscious,False,Image,False,3,3,3,2
143,sub-03,lh-superiorfrontal,0.8,0.5976143046671968,0.6666666666666666,0.653006609791114,None + Linear-SVM,unconscious,unconscious,False,Image,False,5,2,2,0
144,sub-03,lh-superiorfrontal,0.8,0.4666666666666667,0.6666666666666666,0.6552013536721539,None + Linear-SVM,unconscious,unconscious,False,Image,False,4,2,1,1
145,sub-03,lh-superiorfrontal,0.9,0.3,0.5,0.6632341556732436,None + Linear-SVM,unconscious,unconscious,False,Image,False,4,1,1,1
146,sub-03,lh-superiorfrontal,0.9428571428571428,0.7142857142857143,0.8333333333333333,0.6473854632946711,None + Linear-SVM,unconscious,unconscious,False,Image,False,5,5,2,0
147,sub-03,lh-superiorfrontal,0.7666666666666666,0.4666666666666667,0.7272727272727272,0.6689205497495261,None + Linear-SVM,unconscious,unconscious,False,Image,False,4,4,2,1
148,sub-03,lh-superiorfrontal,0.7,0.4147575310031266,0.7142857142857143,0.6756711105746903,None + Linear-SVM,unconscious,unconscious,False,Image,False,4,5,3,1
149,sub-03,lh-superiorfrontal,0.6333333333333333,0.3105295017040594,0.6,0.6755131235868088,None + Linear-SVM,unconscious,unconscious,False,Image,False,4,3,3,1
150,sub-03,lh-superiorfrontal,0.4666666666666666,-0.2581988897471611,0.28571428571428575,0.6788066190593454,None + Linear-SVM,unconscious,unconscious,False,Image,False,2,1,2,3
151,sub-03,lh-superiorfrontal,0.52,0.0,0.4444444444444445,0.6959160021453976,None + Linear-SVM,unconscious,unconscious,False,Image,False,3,2,3,2
152,sub-03,lh-superiorfrontal,0.7,0.4147575310031266,0.7142857142857143,0.6741468705616698,None + Linear-SVM,unconscious,unconscious,False,Image,False,4,5,3,1
153,sub-03,lh-superiorfrontal,0.39999999999999997,-0.2581988897471611,0.28571428571428575,0.6881935272970098,None + Linear-SVM,unconscious,unconscious,False,Image,False,2,1,2,3
154,sub-03,lh-superiorfrontal,0.75,0.4147575310031266,0.7142857142857143,0.6755674154022178,None + Linear-SVM,unconscious,unconscious,False,Image,False,4,5,3,1
155,sub-03,lh-superiorfrontal,0.6399999999999999,0.18898223650461363,0.6666666666666665,0.6822922716723983,None + Linear-SVM,unconscious,unconscious,False,Image,False,3,6,4,2
156,sub-03,lh-superiorfrontal,0.8333333333333333,0.4666666666666667,0.7272727272727272,0.6597910700492684,None + Linear-SVM,unconscious,unconscious,False,Image,False,4,4,2,1
157,sub-03,lh-superiorfrontal,0.5666666666666667,0.14907119849998599,0.4444444444444444,0.6873581005427983,None + Linear-SVM,unconscious,unconscious,False,Image,False,4,2,4,1
158,sub-03,lh-superiorfrontal,1.0,0.0,0.0,0.6683252391353128,None + Linear-SVM,unconscious,unconscious,False,Image,False,5,0,1,0
159,sub-03,lh-superiorfrontal,0.76,0.408248290463863,0.6666666666666665,0.6663735914616328,None + Linear-SVM,unconscious,unconscious,False,Image,False,4,3,2,1
160,sub-03,lh-superiorfrontal,0.9600000000000001,0.816496580927726,0.888888888888889,0.6555651166710234,None + Linear-SVM,unconscious,unconscious,False,Image,False,5,4,1,0
161,sub-03,lh-superiorfrontal,0.6,-0.09128709291752768,0.3333333333333333,0.6702282781638536,None + Linear-SVM,unconscious,unconscious,False,Image,False,2,1,1,3
162,sub-03,lh-superiorfrontal,0.7,0.37796447300922725,0.7058823529411764,0.6773587099730972,None + Linear-SVM,unconscious,unconscious,False,Image,False,4,6,4,1
163,sub-03,lh-superiorfrontal,0.64,0.0,0.4444444444444445,0.6754649116984381,None + Linear-SVM,unconscious,unconscious,False,Image,False,3,2,3,2
164,sub-03,lh-superiorfrontal,0.8666666666666667,0.4666666666666667,0.6666666666666666,0.6606440218207839,None + Linear-SVM,unconscious,unconscious,False,Image,False,4,2,1,1
165,sub-03,lh-superiorfrontal,0.6,0.1,0.5,0.675322557693577,None + Linear-SVM,unconscious,unconscious,False,Image,False,3,2,2,2
166,sub-03,lh-superiorfrontal,0.76,0.408248290463863,0.6666666666666665,0.6566085492293291,None + Linear-SVM,unconscious,unconscious,False,Image,False,4,3,2,1
167,sub-03,lh-superiorfrontal,0.8333333333333333,0.4666666666666667,0.7272727272727272,0.6703356670797853,None + Linear-SVM,unconscious,unconscious,False,Image,False,4,4,2,1
168,sub-03,lh-superiorfrontal,0.8,0.37142857142857144,0.6666666666666666,0.662445615566737,None + Linear-SVM,unconscious,unconscious,False,Image,False,4,4,3,1
169,sub-03,lh-superiorfrontal,0.68,0.408248290463863,0.6666666666666665,0.674959207220142,None + Linear-SVM,unconscious,unconscious,False,Image,False,4,3,2,1
170,sub-03,lh-superiorfrontal,0.8,0.408248290463863,0.6666666666666665,0.6648880612515777,None + Linear-SVM,unconscious,unconscious,False,Image,False,4,3,2,1
171,sub-03,lh-superiorfrontal,0.65,0.1,0.5,0.682938135004787,None + Linear-SVM,unconscious,unconscious,False,Image,False,3,2,2,2
172,sub-03,lh-superiorfrontal,0.72,0.2182178902359924,0.5,0.6671139876297907,None + Linear-SVM,unconscious,unconscious,False,Image,False,4,2,3,1
173,sub-03,lh-superiorfrontal,0.7666666666666666,0.4666666666666667,0.7272727272727272,0.6667417374961508,None + Linear-SVM,unconscious,unconscious,False,Image,False,4,4,2,1
174,sub-03,lh-superiorfrontal,0.575,0.18446619684315546,0.5,0.6902599049654989,None + Linear-SVM,unconscious,unconscious,False,Image,False,4,3,5,1
175,sub-03,lh-superiorfrontal,0.8,0.3,0.5,0.6643355656640745,None + Linear-SVM,unconscious,unconscious,False,Image,False,4,1,1,1
176,sub-03,lh-superiorfrontal,0.8333333333333333,0.4666666666666667,0.7272727272727272,0.66051309641906,None + Linear-SVM,unconscious,unconscious,False,Image,False,4,4,2,1
177,sub-03,lh-superiorfrontal,0.8333333333333333,0.4666666666666667,0.7272727272727272,0.6666337159695703,None + Linear-SVM,unconscious,unconscious,False,Image,False,4,4,2,1
178,sub-03,lh-superiorfrontal,0.5800000000000001,0.28867513459481287,0.7368421052631577,0.6871827806125329,None + Linear-SVM,unconscious,unconscious,False,Image,False,3,7,3,2
179,sub-03,lh-superiorfrontal,0.72,0.472455591261534,0.7777777777777777,0.6652313418067166,None + Linear-SVM,unconscious,unconscious,False,Image,False,4,7,3,1
180,sub-03,lh-superiorfrontal,0.75,0.3,0.6153846153846154,0.6684103759434905,None + Linear-SVM,unconscious,unconscious,False,Image,False,4,4,4,1
181,sub-03,lh-superiorfrontal,0.82,0.37796447300922725,0.7058823529411764,0.6623704227764525,None + Linear-SVM,unconscious,unconscious,False,Image,False,4,6,4,1
182,sub-03,lh-superiorfrontal,0.7142857142857143,0.37142857142857144,0.6666666666666666,0.6778223713798769,None + Linear-SVM,unconscious,unconscious,False,Image,False,4,4,3,1
183,sub-03,lh-superiorfrontal,0.6285714285714286,0.23904572186687872,0.5454545454545454,0.6861545224741015,None + Linear-SVM,unconscious,unconscious,False,Image,False,4,3,4,1
184,sub-03,lh-superiorfrontal,0.6,-0.025,0.4615384615384615,0.6831629785421099,None + Linear-SVM,unconscious,unconscious,False,Image,False,3,3,5,2
185,sub-03,lh-superiorfrontal,0.64,0.28867513459481287,0.7368421052631577,0.6697277790222561,None + Linear-SVM,unconscious,unconscious,False,Image,False,3,7,3,2
186,sub-03,lh-superiorfrontal,0.6285714285714286,0.1690308509457033,0.6153846153846153,0.6812274615243603,None + Linear-SVM,unconscious,unconscious,False,Image,False,3,4,3,2
187,sub-03,lh-superiorfrontal,0.8333333333333334,0.4666666666666667,0.7272727272727272,0.6567639493598375,None + Linear-SVM,unconscious,unconscious,False,Image,False,4,4,2,1
188,sub-03,lh-superiorfrontal,0.8,0.25819888974716115,0.7058823529411765,0.6520542774283884,None + Linear-SVM,unconscious,unconscious,False,Image,False,3,6,3,2
189,sub-03,lh-superiorfrontal,0.7000000000000001,0.31622776601683794,0.5714285714285715,0.6718273066647151,None + Linear-SVM,unconscious,unconscious,False,Image,False,4,2,2,1
190,sub-03,lh-superiorfrontal,0.7333333333333334,0.3105295017040594,0.6,0.6747223537280583,None + Linear-SVM,unconscious,unconscious,False,Image,False,4,3,3,1
191,sub-03,lh-superiorfrontal,0.8,0.5976143046671968,0.6666666666666666,0.6521044184064098,None + Linear-SVM,unconscious,unconscious,False,Image,False,5,2,2,0
192,sub-03,lh-superiorfrontal,0.8666666666666667,0.4666666666666667,0.6666666666666666,0.6542993731403317,None + Linear-SVM,unconscious,unconscious,False,Image,False,4,2,1,1
193,sub-03,lh-superiorfrontal,0.5,-0.2182178902359924,0.0,0.7250029019694323,None + Linear-SVM,unconscious,unconscious,False,Image,False,5,0,2,1
194,sub-03,lh-superiorfrontal,0.5238095238095237,-0.07142857142857142,0.4615384615384615,0.6819568805152703,None + Linear-SVM,unconscious,unconscious,False,Image,False,3,3,4,3
195,sub-03,lh-superiorfrontal,0.2777777777777778,-0.1690308509457033,0.4615384615384615,0.7195111651258269,None + Linear-SVM,unconscious,unconscious,False,Image,False,2,3,3,4
196,sub-03,lh-superiorfrontal,0.3541666666666667,-0.41079191812887456,0.16666666666666666,0.7094172666016457,None + Linear-SVM,unconscious,unconscious,False,Image,False,3,1,7,3
197,sub-03,lh-superiorfrontal,0.3333333333333333,-0.3333333333333333,0.3333333333333333,0.7233495460782149,None + Linear-SVM,unconscious,unconscious,False,Image,False,2,2,4,4
198,sub-03,lh-superiorfrontal,0.2222222222222222,-0.6324555320336759,0.0,0.7520092081034623,None + Linear-SVM,unconscious,unconscious,False,Image,False,2,0,3,4
199,sub-03,lh-superiorfrontal,0.16666666666666663,-0.6900655593423543,0.0,0.764174826311632,None + Linear-SVM,unconscious,unconscious,False,Image,False,2,0,5,4
200,sub-03,lh-superiorfrontal,0.31250000000000006,-0.41079191812887456,0.16666666666666666,0.7093080330909619,None + Linear-SVM,unconscious,unconscious,False,Image,False,3,1,7,3
201,sub-03,lh-superiorfrontal,0.16666666666666663,-0.6324555320336759,0.0,0.7665534896267749,None + Linear-SVM,unconscious,unconscious,False,Image,False,2,0,3,4
202,sub-03,lh-superiorfrontal,0.35416666666666663,-0.25819888974716115,0.3076923076923077,0.7189713797352045,None + Linear-SVM,unconscious,unconscious,False,Image,False,3,2,6,3
203,sub-03,lh-superiorfrontal,0.3,-0.4666666666666667,0.25,0.715030833702729,None + Linear-SVM,unconscious,unconscious,False,Image,False,2,2,8,4
204,sub-03,lh-superiorfrontal,0.3333333333333333,-0.3333333333333333,0.3333333333333333,0.7037151929786002,None + Linear-SVM,unconscious,unconscious,False,Image,False,2,2,4,4
205,sub-03,lh-superiorfrontal,0.2222222222222222,-0.50709255283711,0.1818181818181818,0.7449439710603095,None + Linear-SVM,unconscious,unconscious,False,Image,False,2,1,5,4
206,sub-03,lh-superiorfrontal,0.33333333333333337,-0.3535533905932738,0.0,0.7566061654136467,None + Linear-SVM,unconscious,unconscious,False,Image,False,3,0,1,3
207,sub-03,lh-superiorfrontal,0.23333333333333334,-0.4666666666666667,0.20000000000000004,0.7205555075480498,None + Linear-SVM,unconscious,unconscious,False,Image,False,2,1,4,4
208,sub-03,lh-superiorfrontal,0.4,-0.3105295017040594,0.22222222222222224,0.7047087786379619,None + Linear-SVM,unconscious,unconscious,False,Image,False,3,1,4,3
209,sub-03,lh-superiorfrontal,0.5,-0.2182178902359924,0.0,0.7518206638767713,None + Linear-SVM,unconscious,unconscious,False,Image,False,5,0,2,1
210,sub-03,lh-superiorfrontal,0.3666666666666667,-0.2,0.37499999999999994,0.729333929440422,None + Linear-SVM,unconscious,unconscious,False,Image,False,3,3,7,3
211,sub-03,lh-superiorfrontal,0.26666666666666666,-0.4666666666666667,0.20000000000000004,0.7218429338295038,None + Linear-SVM,unconscious,unconscious,False,Image,False,2,1,4,4
212,sub-03,lh-superiorfrontal,0.4444444444444444,-0.15811388300841897,0.28571428571428575,0.7210282923408907,None + Linear-SVM,unconscious,unconscious,False,Image,False,3,1,2,3
213,sub-03,lh-superiorfrontal,0.41666666666666663,-0.25,0.25,0.7173522988473481,None + Linear-SVM,unconscious,unconscious,False,Image,False,3,1,3,3
214,sub-03,lh-superiorfrontal,0.5,-0.1,0.4000000000000001,0.6980781056827637,None + Linear-SVM,unconscious,unconscious,False,Image,False,3,2,3,3
215,sub-03,lh-superiorfrontal,0.24999999999999994,-0.50709255283711,0.1818181818181818,0.7197859553300116,None + Linear-SVM,unconscious,unconscious,False,Image,False,2,1,5,4
216,sub-03,lh-superiorfrontal,0.38095238095238093,-0.38575837490522974,0.18181818181818182,0.6966233577380788,None + Linear-SVM,unconscious,unconscious,False,Image,False,3,1,6,3
217,sub-03,lh-superiorfrontal,0.23333333333333334,-0.4666666666666667,0.20000000000000004,0.7257681359669506,None + Linear-SVM,unconscious,unconscious,False,Image,False,2,1,4,4
218,sub-03,lh-superiorfrontal,0.3666666666666667,-0.3105295017040594,0.22222222222222224,0.7081580106033768,None + Linear-SVM,unconscious,unconscious,False,Image,False,3,1,4,3
219,sub-03,lh-superiorfrontal,0.25,-0.408248290463863,0.22222222222222224,0.7458454759258473,None + Linear-SVM,unconscious,unconscious,False,Image,False,2,1,3,4
220,sub-03,lh-superiorfrontal,0.3666666666666667,-0.3105295017040594,0.22222222222222224,0.7254399513002258,None + Linear-SVM,unconscious,unconscious,False,Image,False,3,1,4,3
221,sub-03,lh-superiorfrontal,0.36111111111111105,-0.1690308509457033,0.3636363636363636,0.7111261043886983,None + Linear-SVM,unconscious,unconscious,False,Image,False,3,2,4,3
222,sub-03,lh-superiorfrontal,0.22916666666666663,-0.5594309277855158,0.15384615384615385,0.7431284060028746,None + Linear-SVM,unconscious,unconscious,False,Image,False,2,1,7,4
223,sub-03,lh-superiorfrontal,0.5,-0.2182178902359924,0.0,0.745087008551937,None + Linear-SVM,unconscious,unconscious,False,Image,False,5,0,2,1
224,sub-03,lh-superiorfrontal,0.3611111111111111,-0.3535533905932738,0.2,0.6953962814068427,None + Linear-SVM,unconscious,unconscious,False,Image,False,3,1,5,3
225,sub-03,lh-superiorfrontal,0.3611111111111111,-0.3535533905932738,0.2,0.699695421407402,None + Linear-SVM,unconscious,unconscious,False,Image,False,3,1,5,3
226,sub-03,lh-superiorfrontal,0.1833333333333333,-0.5918640302493726,0.13333333333333333,0.7409710752281198,None + Linear-SVM,unconscious,unconscious,False,Image,False,2,1,9,4
227,sub-03,lh-superiorfrontal,0.43333333333333335,-0.09759000729485331,0.47058823529411764,0.6824476508650151,None + Linear-SVM,unconscious,unconscious,False,Image,False,3,4,6,3
228,sub-03,lh-superiorfrontal,0.375,-0.25819888974716115,0.3076923076923077,0.6988981266108317,None + Linear-SVM,unconscious,unconscious,False,Image,False,3,2,6,3
229,sub-03,lh-superiorfrontal,0.35,-0.2,0.37499999999999994,0.6934931457913519,None + Linear-SVM,unconscious,unconscious,False,Image,False,3,3,7,3
230,sub-03,lh-superiorfrontal,0.23809523809523808,-0.38095238095238093,0.30769230769230765,0.7283628903769686,None + Linear-SVM,unconscious,unconscious,False,Image,False,2,2,5,4
231,sub-03,lh-superiorfrontal,0.26190476190476186,-0.5367450401216932,0.16666666666666666,0.7252379358947715,None + Linear-SVM,unconscious,unconscious,False,Image,False,2,1,6,4
232,sub-03,lh-superiorfrontal,0.33333333333333337,-0.4166666666666667,0.28571428571428575,0.7301658762163991,None + Linear-SVM,unconscious,unconscious,False,Image,False,2,2,6,4
233,sub-03,lh-superiorfrontal,0.45,-0.2,0.37499999999999994,0.6992567817735269,None + Linear-SVM,unconscious,unconscious,False,Image,False,3,3,7,3
234,sub-03,lh-superiorfrontal,0.2857142857142857,-0.5367450401216932,0.16666666666666666,0.7292852843769718,None + Linear-SVM,unconscious,unconscious,False,Image,False,2,1,6,4
235,sub-03,lh-superiorfrontal,0.4722222222222222,-0.1690308509457033,0.3636363636363636,0.6926006478341239,None + Linear-SVM,unconscious,unconscious,False,Image,False,3,2,4,3
236,sub-03,lh-superiorfrontal,0.537037037037037,0.1111111111111111,0.5333333333333333,0.6702064779419933,None + Linear-SVM,unconscious,unconscious,False,Image,False,4,4,5,2
237,sub-03,lh-superiorfrontal,0.25,-0.408248290463863,0.22222222222222224,0.7327068020222114,None + Linear-SVM,unconscious,unconscious,False,Image,False,2,1,3,4
238,sub-03,lh-superiorfrontal,0.3333333333333333,-0.3333333333333333,0.3333333333333333,0.7231001348396443,None + Linear-SVM,unconscious,unconscious,False,Image,False,2,2,4,4
239,sub-03,lh-superiorfrontal,0.6666666666666666,0.16666666666666666,0.5,0.7033091755325812,None + Linear-SVM,unconscious,unconscious,False,Image,False,4,2,2,2
240,sub-03,lh-superiorfrontal,0.5555555555555556,-0.15811388300841897,0.28571428571428575,0.7039527674301952,None + Linear-SVM,unconscious,unconscious,False,Image,False,3,1,2,3
241,sub-03,lh-superiorfrontal,0.5,-0.31622776601683794,0.0,0.7174346791208417,None + Linear-SVM,unconscious,unconscious,False,Image,False,3,0,2,1
242,sub-03,lh-superiorfrontal,0.5,0.21428571428571427,0.7142857142857143,0.670069741089952,None + Linear-SVM,unconscious,unconscious,False,Image,False,2,5,2,2
243,sub-03,lh-superiorfrontal,0.45833333333333337,0.16666666666666666,0.6666666666666666,0.7199578448199105,None + Linear-SVM,unconscious,unconscious,False,Image,False,2,4,2,2
244,sub-03,lh-superiorfrontal,0.40625,0.0,0.5714285714285715,0.7232767022867009,None + Linear-SVM,unconscious,unconscious,False,Image,False,2,4,4,2
245,sub-03,lh-superiorfrontal,0.41666666666666663,0.0,0.5454545454545454,0.708103719934126,None + Linear-SVM,unconscious,unconscious,False,Image,False,2,3,3,2
246,sub-03,lh-superiorfrontal,0.3333333333333333,-0.16666666666666666,0.3333333333333333,0.7731668562696107,None + Linear-SVM,unconscious,unconscious,False,Image,False,2,1,2,2
247,sub-03,lh-superiorfrontal,0.35,-0.1,0.4444444444444445,0.7463245222188295,None + Linear-SVM,unconscious,unconscious,False,Image,False,2,2,3,2
248,sub-03,lh-superiorfrontal,0.46875,0.25,0.75,0.7163593590145876,None + Linear-SVM,unconscious,unconscious,False,Image,False,2,6,2,2
249,sub-03,lh-superiorfrontal,0.41666666666666663,-0.16666666666666666,0.3333333333333333,0.7692113549935714,None + Linear-SVM,unconscious,unconscious,False,Image,False,2,1,2,2
250,sub-03,lh-superiorfrontal,0.4375,0.11952286093343936,0.6666666666666666,0.7193278433633618,None + Linear-SVM,unconscious,unconscious,False,Image,False,2,5,3,2
251,sub-03,lh-superiorfrontal,0.475,0.09128709291752768,0.6666666666666665,0.7107083904979037,None + Linear-SVM,unconscious,unconscious,False,Image,False,2,6,4,2
252,sub-03,lh-superiorfrontal,0.5,-0.408248290463863,0.0,0.6901578271318052,None + Linear-SVM,unconscious,unconscious,False,Image,False,3,0,6,1
253,sub-03,lh-superiorfrontal,0.375,-0.16666666666666666,0.4,0.7519042477143939,None + Linear-SVM,unconscious,unconscious,False,Image,False,2,2,4,2
254,sub-03,lh-superiorfrontal,0.5,-0.25,0.0,0.7528282084448575,None + Linear-SVM,unconscious,unconscious,False,Image,False,3,0,1,1
255,sub-03,lh-superiorfrontal,0.45,0.1,0.6,0.7074388704068963,None + Linear-SVM,unconscious,unconscious,False,Image,False,2,3,2,2
256,sub-03,lh-superiorfrontal,0.55,-0.05976143046671968,0.28571428571428575,0.6693680843676112,None + Linear-SVM,unconscious,unconscious,False,Image,False,3,1,4,1
257,sub-03,lh-superiorfrontal,0.375,-0.5,0.0,0.7577442357365761,None + Linear-SVM,unconscious,unconscious,False,Image,False,2,0,2,2
258,sub-03,lh-superiorfrontal,0.45000000000000007,0.18856180831641267,0.7368421052631577,0.7234551508912487,None + Linear-SVM,unconscious,unconscious,False,Image,False,2,7,3,2
259,sub-03,lh-superiorfrontal,0.5,-0.3952847075210474,0.0,0.70130833204837,None + Linear-SVM,unconscious,unconscious,False,Image,False,3,0,5,1
260,sub-03,lh-superiorfrontal,0.5,-0.3535533905932738,0.0,0.7084253765511591,None + Linear-SVM,unconscious,unconscious,False,Image,False,3,0,3,1
261,sub-03,lh-superiorfrontal,0.5,0.0,0.3333333333333333,0.7060655704931137,None + Linear-SVM,unconscious,unconscious,False,Image,False,3,1,3,1
262,sub-03,lh-superiorfrontal,0.55,-0.05976143046671968,0.28571428571428575,0.6808412696856139,None + Linear-SVM,unconscious,unconscious,False,Image,False,3,1,4,1
263,sub-03,lh-superiorfrontal,0.5,-0.408248290463863,0.0,0.7101985216765734,None + Linear-SVM,unconscious,unconscious,False,Image,False,3,0,6,1
264,sub-03,lh-superiorfrontal,0.5,0.21428571428571427,0.7142857142857143,0.7081411870867527,None + Linear-SVM,unconscious,unconscious,False,Image,False,2,5,2,2
265,sub-03,lh-superiorfrontal,0.45,0.1,0.6,0.7324289622520567,None + Linear-SVM,unconscious,unconscious,False,Image,False,2,3,2,2
266,sub-03,lh-superiorfrontal,0.5,-0.3952847075210474,0.0,0.700272320437133,None + Linear-SVM,unconscious,unconscious,False,Image,False,3,0,5,1
267,sub-03,lh-superiorfrontal,0.375,-0.2581988897471611,0.28571428571428575,0.7550457734445308,None + Linear-SVM,unconscious,unconscious,False,Image,False,2,1,3,2
268,sub-03,lh-superiorfrontal,0.5,-0.3952847075210474,0.0,0.7043013751271032,None + Linear-SVM,unconscious,unconscious,False,Image,False,3,0,5,1
269,sub-03,lh-superiorfrontal,0.5,-0.408248290463863,0.0,0.6952397213662354,None + Linear-SVM,unconscious,unconscious,False,Image,False,3,0,6,1
270,sub-03,lh-superiorfrontal,0.40625,0.0,0.5714285714285715,0.7360155120562064,None + Linear-SVM,unconscious,unconscious,False,Image,False,2,4,4,2
271,sub-03,lh-superiorfrontal,0.375,-0.5,0.0,0.7402740117202914,None + Linear-SVM,unconscious,unconscious,False,Image,False,2,0,2,2
272,sub-03,lh-superiorfrontal,0.5,-0.408248290463863,0.0,0.6805041271109561,None + Linear-SVM,unconscious,unconscious,False,Image,False,3,0,6,1
273,sub-03,lh-superiorfrontal,0.5,-0.408248290463863,0.0,0.6893533436403693,None + Linear-SVM,unconscious,unconscious,False,Image,False,3,0,6,1
274,sub-03,lh-superiorfrontal,0.475,0.3,0.8000000000000002,0.7137474033322578,None + Linear-SVM,unconscious,unconscious,False,Image,False,2,8,2,2
275,sub-03,lh-superiorfrontal,0.55,-0.055048188256318034,0.30769230769230765,0.6746677135894199,None + Linear-SVM,unconscious,unconscious,False,Image,False,3,2,8,1
276,sub-03,lh-superiorfrontal,0.5,-0.42640143271122083,0.0,0.6849065631870443,None + Linear-SVM,unconscious,unconscious,False,Image,False,3,0,8,1
277,sub-03,lh-superiorfrontal,0.5,-0.19364916731037085,0.16666666666666669,0.6947378457135075,None + Linear-SVM,unconscious,unconscious,False,Image,False,3,1,9,1
278,sub-03,lh-superiorfrontal,0.39285714285714285,-0.06900655593423542,0.5,0.7281500147131502,None + Linear-SVM,unconscious,unconscious,False,Image,False,2,3,4,2
279,sub-03,lh-superiorfrontal,0.4642857142857143,0.21428571428571427,0.7142857142857143,0.7133793984125879,None + Linear-SVM,unconscious,unconscious,False,Image,False,2,5,2,2
280,sub-03,lh-superiorfrontal,0.46875,0.25,0.75,0.7200306635645496,None + Linear-SVM,unconscious,unconscious,False,Image,False,2,6,2,2
281,sub-03,lh-superiorfrontal,0.475,0.09128709291752768,0.6666666666666665,0.6967881257016938,None + Linear-SVM,unconscious,unconscious,False,Image,False,2,6,4,2
282,sub-03,lh-superiorfrontal,0.4285714285714286,0.06900655593423542,0.6153846153846153,0.7133422741163836,None + Linear-SVM,unconscious,unconscious,False,Image,False,2,4,3,2
283,sub-03,lh-superiorfrontal,0.5416666666666667,-0.10206207261596577,0.25,0.6819820384903329,None + Linear-SVM,unconscious,unconscious,False,Image,False,3,1,5,1
284,sub-03,lh-superiorfrontal,0.5833333333333334,-0.03042903097250923,0.3333333333333333,0.6581922464555192,None + Linear-SVM,unconscious,unconscious,False,Image,False,3,2,7,1
285,sub-03,lh-superiorfrontal,0.4375,0.0,0.5,0.7382515708830751,None + Linear-SVM,unconscious,unconscious,False,Image,False,2,2,2,2
286,sub-03,lh-superiorfrontal,0.41666666666666663,0.0,0.5454545454545454,0.7148134584828973,None + Linear-SVM,unconscious,unconscious,False,Image,False,2,3,3,2
287,sub-03,lh-superiorfrontal,0.5625,0.0,0.3333333333333333,0.6810245125240212,None + Linear-SVM,unconscious,unconscious,False,Image,False,3,1,3,1
288,sub-03,lh-superiorfrontal,0.5833333333333334,0.09128709291752768,0.4,0.6858368030790211,None + Linear-SVM,unconscious,unconscious,False,Image,False,3,1,2,1
289,sub-03,lh-superiorfrontal,0.8571428571428572,0.35714285714285715,0.5,0.6857443686990599,None + Linear-SVM,unconscious,unconscious,False,Image,False,6,1,1,1
290,sub-03,lh-superiorfrontal,0.7755102040816326,0.42857142857142855,0.7142857142857143,0.6630717021374026,None + Linear-SVM,unconscious,unconscious,False,Image,False,5,5,2,2
291,sub-03,lh-superiorfrontal,0.6428571428571429,0.38095238095238093,0.6666666666666666,0.6862377331497437,None + Linear-SVM,unconscious,unconscious,False,Image,False,5,4,2,2
292,sub-03,lh-superiorfrontal,0.6071428571428572,0.21821789023599236,0.5714285714285715,0.6861437953662345,None + Linear-SVM,unconscious,unconscious,False,Image,False,5,4,4,2
293,sub-03,lh-superiorfrontal,0.5476190476190477,0.21957751641341997,0.5454545454545454,0.6918363457795323,None + Linear-SVM,unconscious,unconscious,False,Image,False,5,3,3,2
294,sub-03,lh-superiorfrontal,0.33333333333333337,-0.3563483225498992,0.2222222222222222,0.7072133024211064,None + Linear-SVM,unconscious,unconscious,False,Image,False,2,1,2,5
295,sub-03,lh-superiorfrontal,0.4571428571428572,-0.02857142857142857,0.4000000000000001,0.7025781606120086,None + Linear-SVM,unconscious,unconscious,False,Image,False,4,2,3,3
296,sub-03,lh-superiorfrontal,0.625,0.3392857142857143,0.6666666666666666,0.6810217919487142,None + Linear-SVM,unconscious,unconscious,False,Image,False,5,5,3,2
297,sub-03,lh-superiorfrontal,0.28571428571428575,-0.3563483225498992,0.2222222222222222,0.7070534584442151,None + Linear-SVM,unconscious,unconscious,False,Image,False,2,1,2,5
298,sub-03,lh-superiorfrontal,0.5892857142857143,0.3392857142857143,0.6666666666666666,0.6889558355197861,None + Linear-SVM,unconscious,unconscious,False,Image,False,5,5,3,2
299,sub-03,lh-superiorfrontal,0.5,0.07042952122737638,0.5555555555555556,0.6916998279380402,None + Linear-SVM,unconscious,unconscious,False,Image,False,4,5,5,3
300,sub-03,lh-superiorfrontal,0.7142857142857143,0.38095238095238093,0.6666666666666666,0.6741665877314728,None + Linear-SVM,unconscious,unconscious,False,Image,False,5,4,2,2
301,sub-03,lh-superiorfrontal,0.45238095238095244,0.05143444998736397,0.4,0.7046828816179508,None + Linear-SVM,unconscious,unconscious,False,Image,False,5,2,4,2
302,sub-03,lh-superiorfrontal,0.7142857142857143,-0.2182178902359924,0.0,0.6978525791594747,None + Linear-SVM,unconscious,unconscious,False,Image,False,5,0,1,2
303,sub-03,lh-superiorfrontal,0.7428571428571429,0.3142857142857143,0.6,0.6789722516692822,None + Linear-SVM,unconscious,unconscious,False,Image,False,5,3,2,2
304,sub-03,lh-superiorfrontal,0.8,0.50709255283711,0.7272727272727272,0.6724073656165473,None + Linear-SVM,unconscious,unconscious,False,Image,False,5,4,1,2
305,sub-03,lh-superiorfrontal,0.5,0.0,0.0,0.698362852798172,None + Linear-SVM,unconscious,unconscious,False,Image,False,7,0,2,0
306,sub-03,lh-superiorfrontal,0.5142857142857142,0.07042952122737638,0.5555555555555556,0.7003921766200891,None + Linear-SVM,unconscious,unconscious,False,Image,False,4,5,5,3
307,sub-03,lh-superiorfrontal,0.5142857142857142,-0.1690308509457033,0.3636363636363636,0.6898971320662803,None + Linear-SVM,unconscious,unconscious,False,Image,False,3,2,3,4
308,sub-03,lh-superiorfrontal,0.6666666666666666,0.047619047619047616,0.3333333333333333,0.6848032476523345,None + Linear-SVM,unconscious,unconscious,False,Image,False,5,1,2,2
309,sub-03,lh-superiorfrontal,0.5714285714285714,-0.03857583749052298,0.28571428571428575,0.6924079763957963,None + Linear-SVM,unconscious,unconscious,False,Image,False,5,1,3,2
310,sub-03,lh-superiorfrontal,0.6857142857142857,0.02857142857142857,0.5,0.6756379952308632,None + Linear-SVM,unconscious,unconscious,False,Image,False,3,3,2,4
311,sub-03,lh-superiorfrontal,0.5714285714285714,0.21957751641341997,0.5454545454545454,0.6900441395279411,None + Linear-SVM,unconscious,unconscious,False,Image,False,5,3,3,2
312,sub-03,lh-superiorfrontal,0.5918367346938775,0.28867513459481287,0.6153846153846153,0.6744049132986631,None + Linear-SVM,unconscious,unconscious,False,Image,False,5,4,3,2
313,sub-03,lh-superiorfrontal,0.5428571428571428,0.11952286093343936,0.4444444444444445,0.6932186599635154,None + Linear-SVM,unconscious,unconscious,False,Image,False,5,2,3,2
314,sub-03,lh-superiorfrontal,0.7142857142857143,0.3142857142857143,0.6,0.6792804026759286,None + Linear-SVM,unconscious,unconscious,False,Image,False,5,3,2,2
315,sub-03,lh-superiorfrontal,0.4642857142857143,-0.03857583749052298,0.28571428571428575,0.6974401530794179,None + Linear-SVM,unconscious,unconscious,False,Image,False,5,1,3,2
316,sub-03,lh-superiorfrontal,0.5428571428571429,-0.02857142857142857,0.4000000000000001,0.6870555263333972,None + Linear-SVM,unconscious,unconscious,False,Image,False,4,2,3,3
317,sub-03,lh-superiorfrontal,0.6190476190476191,0.21957751641341997,0.5454545454545454,0.6828970398494961,None + Linear-SVM,unconscious,unconscious,False,Image,False,5,3,3,2
318,sub-03,lh-superiorfrontal,0.44642857142857145,0.09449111825230681,0.4615384615384615,0.7039876658680275,None + Linear-SVM,unconscious,unconscious,False,Image,False,5,3,5,2
319,sub-03,lh-superiorfrontal,0.6428571428571428,-0.05976143046671968,0.28571428571428575,0.6921919698669448,None + Linear-SVM,unconscious,unconscious,False,Image,False,3,1,1,4
320,sub-03,lh-superiorfrontal,0.7142857142857143,0.38095238095238093,0.6666666666666666,0.6724800330900315,None + Linear-SVM,unconscious,unconscious,False,Image,False,5,4,2,2
321,sub-03,lh-superiorfrontal,0.7619047619047619,0.38095238095238093,0.6666666666666666,0.6738567371082039,None + Linear-SVM,unconscious,unconscious,False,Image,False,5,4,2,2
322,sub-03,lh-superiorfrontal,0.5571428571428572,0.2714285714285714,0.7,0.6909681678340883,None + Linear-SVM,unconscious,unconscious,False,Image,False,4,7,3,3
323,sub-03,lh-superiorfrontal,0.7000000000000001,0.3098898934004561,0.6666666666666665,0.6703912781694641,None + Linear-SVM,unconscious,unconscious,False,Image,False,5,6,4,2
324,sub-03,lh-superiorfrontal,0.7678571428571428,0.4642857142857143,0.75,0.6761622918967255,None + Linear-SVM,unconscious,unconscious,False,Image,False,5,6,2,2
325,sub-03,lh-superiorfrontal,0.7000000000000001,0.408491223118783,0.7368421052631577,0.6723589162138685,None + Linear-SVM,unconscious,unconscious,False,Image,False,5,7,3,2
326,sub-03,lh-superiorfrontal,0.5306122448979591,0.0,0.4615384615384615,0.6909895043208127,None + Linear-SVM,unconscious,unconscious,False,Image,False,4,3,4,3
327,sub-03,lh-superiorfrontal,0.5918367346938775,0.28867513459481287,0.6153846153846153,0.6909564122796364,None + Linear-SVM,unconscious,unconscious,False,Image,False,5,4,3,2
328,sub-03,lh-superiorfrontal,0.5178571428571428,0.09449111825230681,0.4615384615384615,0.6935154485499895,None + Linear-SVM,unconscious,unconscious,False,Image,False,5,3,5,2
329,sub-03,lh-superiorfrontal,0.6000000000000001,0.1690308509457033,0.631578947368421,0.67687299055523,None + Linear-SVM,unconscious,unconscious,False,Image,False,4,6,4,3
330,sub-03,lh-superiorfrontal,0.5306122448979591,0.14907119849998599,0.5,0.6889215944528659,None + Linear-SVM,unconscious,unconscious,False,Image,False,5,3,4,2
331,sub-03,lh-superiorfrontal,0.7142857142857143,0.38095238095238093,0.6666666666666666,0.6710815133360596,None + Linear-SVM,unconscious,unconscious,False,Image,False,5,4,2,2
332,sub-03,lh-superiorfrontal,0.7301587301587302,0.2698412698412698,0.6250000000000001,0.6640794940898784,None + Linear-SVM,unconscious,unconscious,False,Image,False,5,5,4,2
333,sub-03,lh-superiorfrontal,0.6428571428571429,0.21428571428571427,0.5,0.6878261742792394,None + Linear-SVM,unconscious,unconscious,False,Image,False,5,2,2,2
334,sub-03,lh-superiorfrontal,0.5476190476190477,0.05143444998736397,0.4,0.6895069327628308,None + Linear-SVM,unconscious,unconscious,False,Image,False,5,2,4,2
335,sub-03,lh-superiorfrontal,0.7857142857142857,0.6236095644623235,0.6666666666666666,0.672627454429468,None + Linear-SVM,unconscious,unconscious,False,Image,False,7,2,2,0
336,sub-03,lh-superiorfrontal,0.8095238095238095,0.3563483225498992,0.5714285714285715,0.6707800425650804,None + Linear-SVM,unconscious,unconscious,False,Image,False,5,2,1,2
337,sub-03,lh-superiorfrontal,0.75,0.25,0.5,0.6782455014972723,None + Linear-SVM,unconscious,unconscious,False,Image,False,3,1,1,1
338,sub-03,lh-superiorfrontal,0.8214285714285714,0.4485426135725303,0.7692307692307692,0.6524668287604737,None + Linear-SVM,unconscious,unconscious,False,Image,False,3,5,2,1
339,sub-03,lh-superiorfrontal,0.45833333333333337,0.0,0.5454545454545454,0.6936719435958112,None + Linear-SVM,unconscious,unconscious,False,Image,False,2,3,3,2
340,sub-03,lh-superiorfrontal,0.5625,0.125,0.5,0.6942054447604818,None + Linear-SVM,unconscious,unconscious,False,Image,False,3,3,5,1
341,sub-03,lh-superiorfrontal,0.41666666666666663,0.0,0.5454545454545454,0.6980822506666737,None + Linear-SVM,unconscious,unconscious,False,Image,False,2,3,3,2
342,sub-03,lh-superiorfrontal,0.3333333333333333,-0.16666666666666666,0.3333333333333333,0.7226688098884966,None + Linear-SVM,unconscious,unconscious,False,Image,False,2,1,2,2
343,sub-03,lh-superiorfrontal,0.35000000000000003,-0.31622776601683794,0.25,0.7171801491290205,None + Linear-SVM,unconscious,unconscious,False,Image,False,2,1,4,2
344,sub-03,lh-superiorfrontal,0.5625,0.0,0.36363636363636365,0.6813353330566551,None + Linear-SVM,unconscious,unconscious,False,Image,False,3,2,6,1
345,sub-03,lh-superiorfrontal,0.16666666666666666,-0.5477225575051661,0.0,0.7296650070516668,None + Linear-SVM,unconscious,unconscious,False,Image,False,2,0,3,2
346,sub-03,lh-superiorfrontal,0.5,-0.11952286093343936,0.4615384615384615,0.6988927333814302,None + Linear-SVM,unconscious,unconscious,False,Image,False,2,3,5,2
347,sub-03,lh-superiorfrontal,0.35,-0.18856180831641267,0.4,0.7058258427941825,None + Linear-SVM,unconscious,unconscious,False,Image,False,2,3,7,2
348,sub-03,lh-superiorfrontal,0.6666666666666667,0.25,0.6,0.670939016893954,None + Linear-SVM,unconscious,unconscious,False,Image,False,3,3,3,1
349,sub-03,lh-superiorfrontal,0.375,-0.16666666666666666,0.4,0.7145028618594679,None + Linear-SVM,unconscious,unconscious,False,Image,False,2,2,4,2
350,sub-03,lh-superiorfrontal,0.75,-0.25,0.0,0.6971407930562696,None + Linear-SVM,unconscious,unconscious,False,Image,False,3,0,1,1
351,sub-03,lh-superiorfrontal,0.5,0.15811388300841897,0.5,0.6901474956864173,None + Linear-SVM,unconscious,unconscious,False,Image,False,3,2,3,1
352,sub-03,lh-superiorfrontal,0.75,0.35,0.6666666666666665,0.6635986913710941,None + Linear-SVM,unconscious,unconscious,False,Image,False,3,3,2,1
353,sub-03,lh-superiorfrontal,0.5,0.0,0.0,0.7051456324056614,None + Linear-SVM,unconscious,unconscious,False,Image,False,4,0,2,0
354,sub-03,lh-superiorfrontal,0.475,-0.09128709291752768,0.5,0.7117063121710564,None + Linear-SVM,unconscious,unconscious,False,Image,False,2,4,6,2
355,sub-03,lh-superiorfrontal,0.55,-0.1,0.4444444444444445,0.6929953641381436,None + Linear-SVM,unconscious,unconscious,False,Image,False,2,2,3,2
356,sub-03,lh-superiorfrontal,0.6666666666666666,0.09128709291752768,0.4,0.6775206337654831,None + Linear-SVM,unconscious,unconscious,False,Image,False,3,1,2,1
357,sub-03,lh-superiorfrontal,0.5,-0.2581988897471611,0.28571428571428575,0.6868164794301946,None + Linear-SVM,unconscious,unconscious,False,Image,False,2,1,3,2
358,sub-03,lh-superiorfrontal,0.7,0.1,0.6,0.6701534132780377,None + Linear-SVM,unconscious,unconscious,False,Image,False,2,3,2,2
359,sub-03,lh-superiorfrontal,0.5,-0.10206207261596577,0.25,0.6858078653062976,None + Linear-SVM,unconscious,unconscious,False,Image,False,3,1,5,1
360,sub-03,lh-superiorfrontal,0.6071428571428572,0.3105295017040594,0.6666666666666666,0.672744513867288,None + Linear-SVM,unconscious,unconscious,False,Image,False,3,4,3,1
361,sub-03,lh-superiorfrontal,0.35000000000000003,-0.31622776601683794,0.25,0.7028865042130004,None + Linear-SVM,unconscious,unconscious,False,Image,False,2,1,4,2
362,sub-03,lh-superiorfrontal,0.65,0.15811388300841897,0.5,0.6676960893172978,None + Linear-SVM,unconscious,unconscious,False,Image,False,3,2,3,1
363,sub-03,lh-superiorfrontal,0.4375,0.0,0.3333333333333333,0.7115068519026059,None + Linear-SVM,unconscious,unconscious,False,Image,False,3,1,3,1
364,sub-03,lh-superiorfrontal,0.5,-0.1,0.4444444444444445,0.6852087476779154,None + Linear-SVM,unconscious,unconscious,False,Image,False,2,2,3,2
365,sub-03,lh-superiorfrontal,0.5833333333333333,0.0890870806374748,0.4444444444444444,0.6834851337103199,None + Linear-SVM,unconscious,unconscious,False,Image,False,3,2,4,1
366,sub-03,lh-superiorfrontal,0.5,0.125,0.5,0.711852577356817,None + Linear-SVM,unconscious,unconscious,False,Image,False,3,3,5,1
367,sub-03,lh-superiorfrontal,0.625,0.0,0.4,0.6943415601568509,None + Linear-SVM,unconscious,unconscious,False,Image,False,2,1,1,2
368,sub-03,lh-superiorfrontal,0.7083333333333333,0.25,0.6,0.6697073468665323,None + Linear-SVM,unconscious,unconscious,False,Image,False,3,3,3,1
369,sub-03,lh-superiorfrontal,0.6666666666666667,0.25,0.6,0.6735537198099296,None + Linear-SVM,unconscious,unconscious,False,Image,False,3,3,3,1
370,sub-03,lh-superiorfrontal,0.325,-0.3,0.28571428571428575,0.7014939202086226,None + Linear-SVM,unconscious,unconscious,False,Image,False,2,2,8,2
371,sub-03,lh-superiorfrontal,0.55,0.05,0.4285714285714285,0.671054444164939,None + Linear-SVM,unconscious,unconscious,False,Image,False,3,3,7,1
372,sub-03,lh-superiorfrontal,0.59375,0.125,0.5,0.6740402789376922,None + Linear-SVM,unconscious,unconscious,False,Image,False,3,3,5,1
373,sub-03,lh-superiorfrontal,0.55,0.0,0.588235294117647,0.6735938023508561,None + Linear-SVM,unconscious,unconscious,False,Image,False,2,5,5,2
374,sub-03,lh-superiorfrontal,0.5714285714285714,-0.06900655593423542,0.5,0.6944215206426235,None + Linear-SVM,unconscious,unconscious,False,Image,False,2,3,4,2
375,sub-03,lh-superiorfrontal,0.49999999999999994,-0.06900655593423542,0.5,0.7001532702651421,None + Linear-SVM,unconscious,unconscious,False,Image,False,2,3,4,2
376,sub-03,lh-superiorfrontal,0.46875,-0.11952286093343936,0.4615384615384615,0.696794906518155,None + Linear-SVM,unconscious,unconscious,False,Image,False,2,3,5,2
377,sub-03,lh-superiorfrontal,0.5,-0.09128709291752768,0.5,0.6831688266943451,None + Linear-SVM,unconscious,unconscious,False,Image,False,2,4,6,2
378,sub-03,lh-superiorfrontal,0.3928571428571428,-0.21428571428571427,0.36363636363636365,0.6995111689969594,None + Linear-SVM,unconscious,unconscious,False,Image,False,2,2,5,2
379,sub-03,lh-superiorfrontal,0.6250000000000001,0.25,0.6,0.6637795775912114,None + Linear-SVM,unconscious,unconscious,False,Image,False,3,3,3,1
380,sub-03,lh-superiorfrontal,0.7222222222222222,0.2828894749305018,0.6666666666666667,0.6545452816384677,None + Linear-SVM,unconscious,unconscious,False,Image,False,3,5,4,1
381,sub-03,lh-superiorfrontal,0.5,0.0,0.3333333333333333,0.6943340777358331,None + Linear-SVM,unconscious,unconscious,False,Image,False,3,1,3,1
382,sub-03,lh-superiorfrontal,0.5,0.0890870806374748,0.4444444444444444,0.6939977351087919,None + Linear-SVM,unconscious,unconscious,False,Image,False,3,2,4,1
383,sub-03,lh-superiorfrontal,0.75,0.5773502691896258,0.6666666666666666,0.6603221971144837,None + Linear-SVM,unconscious,unconscious,False,Image,False,4,2,2,0
384,sub-03,lh-superiorfrontal,0.8333333333333333,0.4166666666666667,0.6666666666666666,0.660978419464972,None + Linear-SVM,unconscious,unconscious,False,Image,False,3,2,1,1
385,sub-03,lh-superiorfrontal,0.8333333333333334,0.6123724356957946,0.6666666666666666,0.6451433028165318,None + Linear-SVM,unconscious,unconscious,False,Image,False,3,1,1,0
386,sub-03,lh-superiorfrontal,0.9047619047619049,0.6546536707079772,0.8333333333333333,0.6392922303329309,None + Linear-SVM,unconscious,unconscious,False,Image,False,3,5,2,0
387,sub-03,lh-superiorfrontal,0.7222222222222223,0.5,0.8333333333333334,0.6696237397074535,None + Linear-SVM,unconscious,unconscious,False,Image,False,2,5,1,1
388,sub-03,lh-superiorfrontal,0.75,0.4629100498862757,0.6666666666666666,0.6755120117368038,None + Linear-SVM,unconscious,unconscious,False,Image,False,3,4,4,0
389,sub-03,lh-superiorfrontal,0.5,0.15811388300841897,0.6,0.6882534517291219,None + Linear-SVM,unconscious,unconscious,False,Image,False,2,3,3,1
390,sub-03,lh-superiorfrontal,0.5555555555555556,0.0,0.4,0.6980701698454754,None + Linear-SVM,unconscious,unconscious,False,Image,False,2,1,2,1
391,sub-03,lh-superiorfrontal,0.4666666666666667,0.06666666666666667,0.5,0.7119618964985247,None + Linear-SVM,unconscious,unconscious,False,Image,False,2,2,3,1
392,sub-03,lh-superiorfrontal,0.7916666666666667,0.375,0.5454545454545454,0.6696621392767587,None + Linear-SVM,unconscious,unconscious,False,Image,False,3,3,5,0
393,sub-03,lh-superiorfrontal,0.4444444444444445,0.0,0.4,0.7082781085726401,None + Linear-SVM,unconscious,unconscious,False,Image,False,2,1,2,1
394,sub-03,lh-superiorfrontal,0.625,0.2608745973749754,0.7142857142857143,0.6843854288945916,None + Linear-SVM,unconscious,unconscious,False,Image,False,2,5,3,1
395,sub-03,lh-superiorfrontal,0.5666666666666667,0.2253744679276044,0.7058823529411764,0.6961709102045288,None + Linear-SVM,unconscious,unconscious,False,Image,False,2,6,4,1
396,sub-03,lh-superiorfrontal,0.8333333333333334,0.5,0.6666666666666666,0.6539695648176008,None + Linear-SVM,unconscious,unconscious,False,Image,False,3,3,3,0
397,sub-03,lh-superiorfrontal,0.5555555555555556,0.15811388300841897,0.6,0.7000012829727049,None + Linear-SVM,unconscious,unconscious,False,Image,False,2,3,3,1
398,sub-03,lh-superiorfrontal,1.0,0.0,0.0,0.652672091435085,None + Linear-SVM,unconscious,unconscious,False,Image,False,3,0,1,0
399,sub-03,lh-superiorfrontal,0.8,0.4472135954999579,0.5714285714285715,0.6666948212210715,None + Linear-SVM,unconscious,unconscious,False,Image,False,3,2,3,0
400,sub-03,lh-superiorfrontal,0.8,0.4472135954999579,0.5714285714285715,0.64601000640983,None + Linear-SVM,unconscious,unconscious,False,Image,False,3,2,3,0
401,sub-03,lh-superiorfrontal,0.5,0.0,0.0,0.6746222563784054,None + Linear-SVM,unconscious,unconscious,False,Image,False,3,0,2,0
402,sub-03,lh-superiorfrontal,0.5666666666666667,0.2253744679276044,0.7058823529411764,0.6963995168932542,None + Linear-SVM,unconscious,unconscious,False,Image,False,2,6,4,1
403,sub-03,lh-superiorfrontal,0.7333333333333334,0.4666666666666667,0.8000000000000002,0.675636232944463,None + Linear-SVM,unconscious,unconscious,False,Image,False,2,4,1,1
404,sub-03,lh-superiorfrontal,0.888888888888889,0.7071067811865476,0.8,0.6515509925333558,None + Linear-SVM,unconscious,unconscious,False,Image,False,3,2,1,0
405,sub-03,lh-superiorfrontal,0.7500000000000001,0.4166666666666667,0.75,0.6707039786821792,None + Linear-SVM,unconscious,unconscious,False,Image,False,2,3,1,1
406,sub-03,lh-superiorfrontal,0.8,0.6,0.7499999999999999,0.646945761015576,None + Linear-SVM,unconscious,unconscious,False,Image,False,3,3,2,0
407,sub-03,lh-superiorfrontal,0.7222222222222223,0.5,0.8333333333333334,0.6709687577896218,None + Linear-SVM,unconscious,unconscious,False,Image,False,2,5,1,1
408,sub-03,lh-superiorfrontal,0.7142857142857144,0.5238095238095238,0.8571428571428571,0.6596956817583635,None + Linear-SVM,unconscious,unconscious,False,Image,False,2,6,1,1
409,sub-03,lh-superiorfrontal,0.7333333333333334,0.4666666666666667,0.8000000000000002,0.675589187664654,None + Linear-SVM,unconscious,unconscious,False,Image,False,2,4,1,1
410,sub-03,lh-superiorfrontal,0.8,0.4472135954999579,0.5714285714285715,0.650631824002971,None + Linear-SVM,unconscious,unconscious,False,Image,False,3,2,3,0
411,sub-03,lh-superiorfrontal,0.6666666666666666,0.16666666666666666,0.5714285714285715,0.6897324412354069,None + Linear-SVM,unconscious,unconscious,False,Image,False,2,2,2,1
412,sub-03,lh-superiorfrontal,0.8,0.4472135954999579,0.5714285714285715,0.6716269479816575,None + Linear-SVM,unconscious,unconscious,False,Image,False,3,2,3,0
413,sub-03,lh-superiorfrontal,0.7777777777777779,0.5,0.8333333333333334,0.6649681325602128,None + Linear-SVM,unconscious,unconscious,False,Image,False,2,5,1,1
414,sub-03,lh-superiorfrontal,0.6666666666666667,0.2608745973749754,0.7142857142857143,0.697389457786798,None + Linear-SVM,unconscious,unconscious,False,Image,False,2,5,3,1
415,sub-03,lh-superiorfrontal,0.8333333333333334,0.6123724356957946,0.6666666666666666,0.6573973588327621,None + Linear-SVM,unconscious,unconscious,False,Image,False,3,1,1,0
416,sub-03,lh-superiorfrontal,0.8333333333333334,0.5,0.6666666666666666,0.6507242770427043,None + Linear-SVM,unconscious,unconscious,False,Image,False,3,3,3,0
417,sub-03,lh-superiorfrontal,0.7777777777777779,0.5,0.8333333333333334,0.6606734964343661,None + Linear-SVM,unconscious,unconscious,False,Image,False,2,5,1,1
418,sub-03,lh-superiorfrontal,0.7000000000000001,0.5666666666666667,0.9,0.6964346579670109,None + Linear-SVM,unconscious,unconscious,False,Image,False,2,9,1,1
419,sub-03,lh-superiorfrontal,0.7000000000000001,0.42600643361512924,0.8421052631578948,0.6593510717644673,None + Linear-SVM,unconscious,unconscious,False,Image,False,2,8,2,1
420,sub-03,lh-superiorfrontal,0.7916666666666667,0.375,0.5454545454545454,0.6649175845369716,None + Linear-SVM,unconscious,unconscious,False,Image,False,3,3,5,0
421,sub-03,lh-superiorfrontal,0.8,0.36514837167011077,0.5714285714285715,0.6618040081136809,None + Linear-SVM,unconscious,unconscious,False,Image,False,3,4,6,0
422,sub-03,lh-superiorfrontal,0.6666666666666667,0.2182178902359924,0.6666666666666666,0.6866203441843115,None + Linear-SVM,unconscious,unconscious,False,Image,False,2,4,3,1
423,sub-03,lh-superiorfrontal,0.6190476190476191,0.3563483225498992,0.7692307692307692,0.6832528063962676,None + Linear-SVM,unconscious,unconscious,False,Image,False,2,5,2,1
424,sub-03,lh-superiorfrontal,0.625,0.2608745973749754,0.7142857142857143,0.6879538030676513,None + Linear-SVM,unconscious,unconscious,False,Image,False,2,5,3,1
425,sub-03,lh-superiorfrontal,0.7000000000000001,0.42600643361512924,0.8421052631578948,0.669446877658056,None + Linear-SVM,unconscious,unconscious,False,Image,False,2,8,2,1
426,sub-03,lh-superiorfrontal,0.6190476190476191,0.3563483225498992,0.7692307692307692,0.6824038345050066,None + Linear-SVM,unconscious,unconscious,False,Image,False,2,5,2,1
427,sub-03,lh-superiorfrontal,0.7222222222222223,0.31622776601683794,0.7272727272727272,0.6464150166329562,None + Linear-SVM,unconscious,unconscious,False,Image,False,2,4,2,1
428,sub-03,lh-superiorfrontal,0.888888888888889,0.5773502691896257,0.8,0.6425899327756353,None + Linear-SVM,unconscious,unconscious,False,Image,False,3,6,3,0
429,sub-03,lh-superiorfrontal,0.7500000000000001,0.4166666666666667,0.75,0.672174311279626,None + Linear-SVM,unconscious,unconscious,False,Image,False,2,3,1,1
430,sub-03,lh-superiorfrontal,0.7222222222222223,0.31622776601683794,0.7272727272727272,0.6775206970123286,None + Linear-SVM,unconscious,unconscious,False,Image,False,2,4,2,1
431,sub-03,lh-superiorfrontal,0.9166666666666667,0.75,0.8571428571428571,0.6371711894189164,None + Linear-SVM,unconscious,unconscious,False,Image,False,3,3,1,0
432,sub-03,lh-superiorfrontal,0.888888888888889,0.7071067811865476,0.8,0.6336991217364526,None + Linear-SVM,unconscious,unconscious,False,Image,False,3,2,1,0
433,sub-03,lh-superiorfrontal,0.375,-0.31622776601683794,0.0,0.7732998663589682,None + Linear-SVM,unconscious,unconscious,False,Image,False,3,0,2,1
434,sub-03,lh-superiorfrontal,0.3214285714285714,-0.21428571428571427,0.36363636363636365,0.6906269533816123,None + Linear-SVM,unconscious,unconscious,False,Image,False,2,2,5,2
435,sub-03,lh-superiorfrontal,0.041666666666666664,-0.8017837257372732,0.0,0.7493562524598515,None + Linear-SVM,unconscious,unconscious,False,Image,False,1,0,6,3
436,sub-03,lh-superiorfrontal,0.125,-0.625,0.16666666666666666,0.7507545026507861,None + Linear-SVM,unconscious,unconscious,False,Image,False,1,1,7,3
437,sub-03,lh-superiorfrontal,0.08333333333333333,-0.5833333333333334,0.2,0.7709439260302066,None + Linear-SVM,unconscious,unconscious,False,Image,False,1,1,5,3
438,sub-03,lh-superiorfrontal,0.0,-0.75,0.0,0.8330583701444034,None + Linear-SVM,unconscious,unconscious,False,Image,False,1,0,3,3
439,sub-03,lh-superiorfrontal,0.0,-0.7905694150420948,0.0,0.7943122127872466,None + Linear-SVM,unconscious,unconscious,False,Image,False,1,0,5,3
440,sub-03,lh-superiorfrontal,0.0625,-0.625,0.16666666666666666,0.7281955649941364,None + Linear-SVM,unconscious,unconscious,False,Image,False,1,1,7,3
441,sub-03,lh-superiorfrontal,0.0,-0.75,0.0,0.8448049694013334,None + Linear-SVM,unconscious,unconscious,False,Image,False,1,0,3,3
442,sub-03,lh-superiorfrontal,0.0625,-0.625,0.16666666666666666,0.7882174128297085,None + Linear-SVM,unconscious,unconscious,False,Image,False,1,1,7,3
443,sub-03,lh-superiorfrontal,0.1,-0.65,0.14285714285714288,0.7576142389673174,None + Linear-SVM,unconscious,unconscious,False,Image,False,1,1,9,3
444,sub-03,lh-superiorfrontal,0.08333333333333333,-0.5833333333333334,0.2,0.7324890086406781,None + Linear-SVM,unconscious,unconscious,False,Image,False,1,1,5,3
445,sub-03,lh-superiorfrontal,0.08333333333333333,-0.5833333333333334,0.2,0.7850548139672398,None + Linear-SVM,unconscious,unconscious,False,Image,False,1,1,5,3
446,sub-03,lh-superiorfrontal,0.0,-0.6123724356957946,0.0,0.821866869248076,None + Linear-SVM,unconscious,unconscious,False,Image,False,1,0,1,3
447,sub-03,lh-superiorfrontal,0.05,-0.7905694150420948,0.0,0.7500158550820427,None + Linear-SVM,unconscious,unconscious,False,Image,False,1,0,5,3
448,sub-03,lh-superiorfrontal,0.2,-0.55,0.22222222222222224,0.7092328795949301,None + Linear-SVM,unconscious,unconscious,False,Image,False,1,1,4,3
449,sub-03,lh-superiorfrontal,0.5,0.0,0.0,0.8057851423062452,None + Linear-SVM,unconscious,unconscious,False,Image,False,4,0,2,0
450,sub-03,lh-superiorfrontal,0.15000000000000002,-0.5185449728701348,0.26666666666666666,0.758647366420763,None + Linear-SVM,unconscious,unconscious,False,Image,False,1,2,8,3
451,sub-03,lh-superiorfrontal,0.05,-0.7905694150420948,0.0,0.7526958601183044,None + Linear-SVM,unconscious,unconscious,False,Image,False,1,0,5,3
452,sub-03,lh-superiorfrontal,0.3333333333333333,-0.4166666666666667,0.28571428571428575,0.767249708636098,None + Linear-SVM,unconscious,unconscious,False,Image,False,1,1,2,3
453,sub-03,lh-superiorfrontal,0.25,-0.5,0.25,0.7589170247028468,None + Linear-SVM,unconscious,unconscious,False,Image,False,1,1,3,3
454,sub-03,lh-superiorfrontal,0.4,-0.1,0.4444444444444445,0.7102517818839786,None + Linear-SVM,unconscious,unconscious,False,Image,False,2,2,3,2
455,sub-03,lh-superiorfrontal,0.041666666666666664,-0.8017837257372732,0.0,0.7547968920618657,None + Linear-SVM,unconscious,unconscious,False,Image,False,1,0,6,3
456,sub-03,lh-superiorfrontal,0.14285714285714285,-0.6071428571428571,0.18181818181818182,0.7220952999652681,None + Linear-SVM,unconscious,unconscious,False,Image,False,1,1,6,3
457,sub-03,lh-superiorfrontal,0.05,-0.7905694150420948,0.0,0.7634500770010435,None + Linear-SVM,unconscious,unconscious,False,Image,False,1,0,5,3
458,sub-03,lh-superiorfrontal,0.25,-0.31622776601683794,0.25,0.724073096419229,None + Linear-SVM,unconscious,unconscious,False,Image,False,2,1,4,2
459,sub-03,lh-superiorfrontal,0.0,-0.7745966692414834,0.0,0.8249167953129216,None + Linear-SVM,unconscious,unconscious,False,Image,False,1,0,4,3
460,sub-03,lh-superiorfrontal,0.1,-0.55,0.22222222222222224,0.758406309691583,None + Linear-SVM,unconscious,unconscious,False,Image,False,1,1,4,3
461,sub-03,lh-superiorfrontal,0.125,-0.5833333333333334,0.2,0.7338335942536298,None + Linear-SVM,unconscious,unconscious,False,Image,False,1,1,5,3
462,sub-03,lh-superiorfrontal,0.03125,-0.816496580927726,0.0,0.7722560629905857,None + Linear-SVM,unconscious,unconscious,False,Image,False,1,0,8,3
463,sub-03,lh-superiorfrontal,0.375,-0.31622776601683794,0.0,0.7832750050912693,None + Linear-SVM,unconscious,unconscious,False,Image,False,3,0,2,1
464,sub-03,lh-superiorfrontal,0.08333333333333333,-0.5833333333333334,0.2,0.7080128942282079,None + Linear-SVM,unconscious,unconscious,False,Image,False,1,1,5,3
465,sub-03,lh-superiorfrontal,0.08333333333333333,-0.5833333333333334,0.2,0.7317829130564445,None + Linear-SVM,unconscious,unconscious,False,Image,False,1,1,5,3
466,sub-03,lh-superiorfrontal,0.05,-0.65,0.14285714285714288,0.7439951063449259,None + Linear-SVM,unconscious,unconscious,False,Image,False,1,1,9,3
467,sub-03,lh-superiorfrontal,0.22500000000000003,-0.3,0.28571428571428575,0.6986270613588594,None + Linear-SVM,unconscious,unconscious,False,Image,False,2,2,8,2
468,sub-03,lh-superiorfrontal,0.09375,-0.47809144373375745,0.3076923076923077,0.7114680856860472,None + Linear-SVM,unconscious,unconscious,False,Image,False,1,2,6,3
469,sub-03,lh-superiorfrontal,0.125,-0.65,0.14285714285714288,0.7160124184714654,None + Linear-SVM,unconscious,unconscious,False,Image,False,1,1,9,3
470,sub-03,lh-superiorfrontal,0.14285714285714285,-0.38575837490522974,0.2,0.7456698831996711,None + Linear-SVM,unconscious,unconscious,False,Image,False,2,1,6,2
471,sub-03,lh-superiorfrontal,0.07142857142857142,-0.6071428571428571,0.18181818181818182,0.7469332073703889,None + Linear-SVM,unconscious,unconscious,False,Image,False,1,1,6,3
472,sub-03,lh-superiorfrontal,0.15625,-0.625,0.16666666666666666,0.7522910609747728,None + Linear-SVM,unconscious,unconscious,False,Image,False,1,1,7,3
473,sub-03,lh-superiorfrontal,0.22500000000000003,-0.3,0.28571428571428575,0.7307052414398251,None + Linear-SVM,unconscious,unconscious,False,Image,False,2,2,8,2
474,sub-03,lh-superiorfrontal,0.10714285714285714,-0.6071428571428571,0.18181818181818182,0.7597643692889059,None + Linear-SVM,unconscious,unconscious,False,Image,False,1,1,6,3
475,sub-03,lh-superiorfrontal,0.375,-0.16666666666666666,0.4,0.697214784089692,None + Linear-SVM,unconscious,unconscious,False,Image,False,2,2,4,2
476,sub-03,lh-superiorfrontal,0.3333333333333333,-0.15811388300841897,0.42857142857142855,0.6865863669829448,None + Linear-SVM,unconscious,unconscious,False,Image,False,2,3,6,2
477,sub-03,lh-superiorfrontal,0.0625,-0.7745966692414834,0.0,0.7557525387349562,None + Linear-SVM,unconscious,unconscious,False,Image,False,1,0,4,3
478,sub-03,lh-superiorfrontal,0.08333333333333333,-0.5833333333333334,0.2,0.7540695121390437,None + Linear-SVM,unconscious,unconscious,False,Image,False,1,1,5,3
479,sub-03,lh-superiorfrontal,0.5625,0.2581988897471611,0.5714285714285715,0.7132035903094163,None + Linear-SVM,unconscious,unconscious,False,Image,False,3,2,2,1
480,sub-03,lh-superiorfrontal,0.41666666666666663,-0.16666666666666666,0.3333333333333333,0.7268502553372596,None + Linear-SVM,unconscious,unconscious,False,Image,False,2,1,2,2
481,sub-03,lh-superiorfrontal,0.5,0.0,0.0,0.6970529802424632,None + Linear-SVM,unconscious,unconscious,False,Image,False,2,0,2,0
482,sub-03,lh-superiorfrontal,0.42857142857142855,-0.05976143046671968,0.5454545454545454,0.6621807844617772,None + Linear-SVM,unconscious,unconscious,False,Image,False,1,3,4,1
483,sub-03,lh-superiorfrontal,0.16666666666666666,-0.3333333333333333,0.25,0.7007155957266145,None + Linear-SVM,unconscious,unconscious,False,Image,False,1,1,5,1
484,sub-03,lh-superiorfrontal,0.125,-0.375,0.2,0.7125332603404099,None + Linear-SVM,unconscious,unconscious,False,Image,False,1,1,7,1
485,sub-03,lh-superiorfrontal,0.16666666666666666,-0.3333333333333333,0.25,0.7221135360307245,None + Linear-SVM,unconscious,unconscious,False,Image,False,1,1,5,1
486,sub-03,lh-superiorfrontal,0.0,-0.6123724356957946,0.0,0.7855980708057975,None + Linear-SVM,unconscious,unconscious,False,Image,False,1,0,3,1
487,sub-03,lh-superiorfrontal,0.0,-0.6454972243679028,0.0,0.7613528088222711,None + Linear-SVM,unconscious,unconscious,False,Image,False,1,0,5,1
488,sub-03,lh-superiorfrontal,0.25,-0.2182178902359924,0.36363636363636365,0.6971308484833119,None + Linear-SVM,unconscious,unconscious,False,Image,False,1,2,6,1
489,sub-03,lh-superiorfrontal,0.0,-0.6123724356957946,0.0,0.7768300967470483,None + Linear-SVM,unconscious,unconscious,False,Image,False,1,0,3,1
490,sub-03,lh-superiorfrontal,0.1875,-0.375,0.2,0.7228300374022708,None + Linear-SVM,unconscious,unconscious,False,Image,False,1,1,7,1
491,sub-03,lh-superiorfrontal,0.15000000000000002,-0.25819888974716115,0.30769230769230765,0.7145723593971008,None + Linear-SVM,unconscious,unconscious,False,Image,False,1,2,8,1
492,sub-03,lh-superiorfrontal,0.16666666666666666,-0.3333333333333333,0.25,0.6892209265770692,None + Linear-SVM,unconscious,unconscious,False,Image,False,1,1,5,1
493,sub-03,lh-superiorfrontal,0.08333333333333333,-0.3333333333333333,0.25,0.7387191734180322,None + Linear-SVM,unconscious,unconscious,False,Image,False,1,1,5,1
494,sub-03,lh-superiorfrontal,0.0,-0.5,0.0,0.736703001465246,None + Linear-SVM,unconscious,unconscious,False,Image,False,1,0,1,1
495,sub-03,lh-superiorfrontal,0.30000000000000004,-0.3,0.28571428571428575,0.7029409005139765,None + Linear-SVM,unconscious,unconscious,False,Image,False,1,1,4,1
496,sub-03,lh-superiorfrontal,0.30000000000000004,-0.3,0.28571428571428575,0.6709344658749997,None + Linear-SVM,unconscious,unconscious,False,Image,False,1,1,4,1
497,sub-03,lh-superiorfrontal,0.5,0.0,0.0,0.7363541578720602,None + Linear-SVM,unconscious,unconscious,False,Image,False,2,0,2,0
498,sub-03,lh-superiorfrontal,0.3,-0.15811388300841897,0.4285714285714285,0.7234104462524474,None + Linear-SVM,unconscious,unconscious,False,Image,False,1,3,7,1
499,sub-03,lh-superiorfrontal,0.30000000000000004,-0.3,0.28571428571428575,0.6952492129831404,None + Linear-SVM,unconscious,unconscious,False,Image,False,1,1,4,1
500,sub-03,lh-superiorfrontal,0.3333333333333333,-0.16666666666666666,0.4,0.6888834802646928,None + Linear-SVM,unconscious,unconscious,False,Image,False,1,1,2,1
501,sub-03,lh-superiorfrontal,0.25,-0.25,0.3333333333333333,0.7157371262702621,None + Linear-SVM,unconscious,unconscious,False,Image,False,1,1,3,1
502,sub-03,lh-superiorfrontal,0.6,0.4,0.5714285714285715,0.6742374204314835,None + Linear-SVM,unconscious,unconscious,False,Image,False,2,2,3,0
503,sub-03,lh-superiorfrontal,0.16666666666666666,-0.3333333333333333,0.25,0.6941007671746964,None + Linear-SVM,unconscious,unconscious,False,Image,False,1,1,5,1
504,sub-03,lh-superiorfrontal,0.14285714285714285,-0.35714285714285715,0.22222222222222224,0.683467652304278,None + Linear-SVM,unconscious,unconscious,False,Image,False,1,1,6,1
505,sub-03,lh-superiorfrontal,0.0,-0.6454972243679028,0.0,0.7117198193852963,None + Linear-SVM,unconscious,unconscious,False,Image,False,1,0,5,1
506,sub-03,lh-superiorfrontal,0.4,-0.09128709291752768,0.5,0.686056690850001,None + Linear-SVM,unconscious,unconscious,False,Image,False,1,2,3,1
507,sub-03,lh-superiorfrontal,0.0,-0.6324555320336759,0.0,0.73831939292575,None + Linear-SVM,unconscious,unconscious,False,Image,False,1,0,4,1
508,sub-03,lh-superiorfrontal,0.2,-0.3,0.28571428571428575,0.7102943730702805,None + Linear-SVM,unconscious,unconscious,False,Image,False,1,1,4,1
509,sub-03,lh-superiorfrontal,0.3333333333333333,-0.14907119849998599,0.4444444444444444,0.6899795779781199,None + Linear-SVM,unconscious,unconscious,False,Image,False,1,2,4,1
510,sub-03,lh-superiorfrontal,0.125,-0.375,0.2,0.7321063892621322,None + Linear-SVM,unconscious,unconscious,False,Image,False,1,1,7,1
511,sub-03,lh-superiorfrontal,0.5,0.0,0.0,0.7183794744036385,None + Linear-SVM,unconscious,unconscious,False,Image,False,2,0,2,0
512,sub-03,lh-superiorfrontal,0.16666666666666666,-0.3333333333333333,0.25,0.6797343002103751,None + Linear-SVM,unconscious,unconscious,False,Image,False,1,1,5,1
513,sub-03,lh-superiorfrontal,0.3333333333333333,-0.14907119849998599,0.4444444444444444,0.6870868973264004,None + Linear-SVM,unconscious,unconscious,False,Image,False,1,2,4,1
514,sub-03,lh-superiorfrontal,0.0,-0.674199862463242,0.0,0.7225846315931584,None + Linear-SVM,unconscious,unconscious,False,Image,False,1,0,10,1
515,sub-03,lh-superiorfrontal,0.25,-0.25819888974716115,0.30769230769230765,0.6709205984305342,None + Linear-SVM,unconscious,unconscious,False,Image,False,1,2,8,1
516,sub-03,lh-superiorfrontal,0.375,-0.10206207261596577,0.5,0.6818807500012222,None + Linear-SVM,unconscious,unconscious,False,Image,False,1,3,5,1
517,sub-03,lh-superiorfrontal,0.2,-0.25819888974716115,0.30769230769230765,0.6863052172663493,None + Linear-SVM,unconscious,unconscious,False,Image,False,1,2,8,1
518,sub-03,lh-superiorfrontal,0.14285714285714285,-0.35714285714285715,0.22222222222222224,0.7115495165163933,None + Linear-SVM,unconscious,unconscious,False,Image,False,1,1,6,1
519,sub-03,lh-superiorfrontal,0.0,-0.6614378277661476,0.0,0.7161212492233677,None + Linear-SVM,unconscious,unconscious,False,Image,False,1,0,7,1
520,sub-03,lh-superiorfrontal,0.25,-0.2182178902359924,0.36363636363636365,0.7248621706170637,None + Linear-SVM,unconscious,unconscious,False,Image,False,1,2,6,1
521,sub-03,lh-superiorfrontal,0.25,-0.25819888974716115,0.30769230769230765,0.6973266506897633,None + Linear-SVM,unconscious,unconscious,False,Image,False,1,2,8,1
522,sub-03,lh-superiorfrontal,0.14285714285714285,-0.35714285714285715,0.22222222222222224,0.722754508814312,None + Linear-SVM,unconscious,unconscious,False,Image,False,1,1,6,1
523,sub-03,lh-superiorfrontal,0.3333333333333333,-0.14907119849998599,0.4444444444444444,0.6727697536578132,None + Linear-SVM,unconscious,unconscious,False,Image,False,1,2,4,1
524,sub-03,lh-superiorfrontal,0.4444444444444444,-0.04303314829119352,0.5714285714285714,0.6601623447735221,None + Linear-SVM,unconscious,unconscious,False,Image,False,1,4,5,1
525,sub-03,lh-superiorfrontal,0.25,-0.25,0.3333333333333333,0.7103726724853985,None + Linear-SVM,unconscious,unconscious,False,Image,False,1,1,3,1
526,sub-03,lh-superiorfrontal,0.16666666666666666,-0.3333333333333333,0.25,0.7170124346574296,None + Linear-SVM,unconscious,unconscious,False,Image,False,1,1,5,1
527,sub-03,lh-superiorfrontal,0.75,0.5,0.6666666666666666,0.6552550342568949,None + Linear-SVM,unconscious,unconscious,False,Image,False,2,2,2,0
528,sub-03,lh-superiorfrontal,0.3333333333333333,-0.16666666666666666,0.4,0.6681703727120633,None + Linear-SVM,unconscious,unconscious,False,Image,False,1,1,2,1
529,sub-03,lh-superiorfrontal,0.75,0.10206207261596577,0.3333333333333333,0.6989024433052649,None + Linear-SVM,unconscious,unconscious,False,Image,False,5,1,1,3
530,sub-03,lh-superiorfrontal,0.7857142857142858,0.600099198148979,0.7692307692307692,0.666155462514367,None + Linear-SVM,unconscious,unconscious,False,Image,False,7,5,2,1
531,sub-03,lh-superiorfrontal,0.5208333333333334,-0.22821773229381923,0.2,0.6954240339846706,None + Linear-SVM,unconscious,unconscious,False,Image,False,5,1,5,3
532,sub-03,lh-superiorfrontal,0.5625,0.1259881576697424,0.5333333333333333,0.6936843101810228,None + Linear-SVM,unconscious,unconscious,False,Image,False,5,4,4,3
533,sub-03,lh-superiorfrontal,0.4791666666666667,0.125,0.5,0.7014955335158073,None + Linear-SVM,unconscious,unconscious,False,Image,False,5,3,3,3
534,sub-03,lh-superiorfrontal,0.29166666666666663,-0.38575837490522974,0.2,0.7224838637023606,None + Linear-SVM,unconscious,unconscious,False,Image,False,2,1,2,6
535,sub-03,lh-superiorfrontal,0.4750000000000001,0.025,0.4000000000000001,0.7151693245169508,None + Linear-SVM,unconscious,unconscious,False,Image,False,5,2,3,3
536,sub-03,lh-superiorfrontal,0.5625,0.1259881576697424,0.5333333333333333,0.6869311962356404,None + Linear-SVM,unconscious,unconscious,False,Image,False,5,4,4,3
537,sub-03,lh-superiorfrontal,0.29166666666666663,-0.2608745973749754,0.2222222222222222,0.7195050456771834,None + Linear-SVM,unconscious,unconscious,False,Image,False,3,1,2,5
538,sub-03,lh-superiorfrontal,0.5,0.1259881576697424,0.5333333333333333,0.7005556752095838,None + Linear-SVM,unconscious,unconscious,False,Image,False,5,4,4,3
539,sub-03,lh-superiorfrontal,0.4624999999999999,0.1,0.6,0.697705970636627,None + Linear-SVM,unconscious,unconscious,False,Image,False,4,6,4,4
540,sub-03,lh-superiorfrontal,0.6666666666666667,0.25819888974716115,0.5454545454545454,0.6813553599838874,None + Linear-SVM,unconscious,unconscious,False,Image,False,6,3,3,2
541,sub-03,lh-superiorfrontal,0.4375,-0.04303314829119352,0.3636363636363636,0.7079397821827557,None + Linear-SVM,unconscious,unconscious,False,Image,False,5,2,4,3
542,sub-03,lh-superiorfrontal,0.75,-0.1889822365046136,0.0,0.709772070724959,None + Linear-SVM,unconscious,unconscious,False,Image,False,6,0,1,2
543,sub-03,lh-superiorfrontal,0.625,0.21957751641341997,0.5454545454545454,0.6893318991287691,None + Linear-SVM,unconscious,unconscious,False,Image,False,5,3,2,3
544,sub-03,lh-superiorfrontal,0.775,0.35,0.6,0.6755597520661515,None + Linear-SVM,unconscious,unconscious,False,Image,False,6,3,2,2
545,sub-03,lh-superiorfrontal,0.5,0.0,0.0,0.7081268016462593,None + Linear-SVM,unconscious,unconscious,False,Image,False,8,0,2,0
546,sub-03,lh-superiorfrontal,0.525,0.025482359571881278,0.47058823529411764,0.7043808500638253,None + Linear-SVM,unconscious,unconscious,False,Image,False,5,4,6,3
547,sub-03,lh-superiorfrontal,0.55,-0.09759000729485333,0.3636363636363636,0.6901790570635065,None + Linear-SVM,unconscious,unconscious,False,Image,False,4,2,3,4
548,sub-03,lh-superiorfrontal,0.7083333333333333,0.08333333333333333,0.3333333333333333,0.6933140650680735,None + Linear-SVM,unconscious,unconscious,False,Image,False,6,1,2,2
549,sub-03,lh-superiorfrontal,0.5625,0.0,0.4,0.6949895794648198,None + Linear-SVM,unconscious,unconscious,False,Image,False,4,2,2,4
550,sub-03,lh-superiorfrontal,0.65,0.09759000729485333,0.5,0.6822618266891116,None + Linear-SVM,unconscious,unconscious,False,Image,False,4,3,2,4
551,sub-03,lh-superiorfrontal,0.5833333333333334,-0.04303314829119352,0.3636363636363636,0.6871634802871734,None + Linear-SVM,unconscious,unconscious,False,Image,False,5,2,4,3
552,sub-03,lh-superiorfrontal,0.625,0.19642857142857142,0.5714285714285714,0.6839636198409539,None + Linear-SVM,unconscious,unconscious,False,Image,False,5,4,3,3
553,sub-03,lh-superiorfrontal,0.5,-0.18446619684315546,0.22222222222222224,0.700196117784411,None + Linear-SVM,unconscious,unconscious,False,Image,False,5,1,4,3
554,sub-03,lh-superiorfrontal,0.625,0.21957751641341997,0.5454545454545454,0.6882608833194275,None + Linear-SVM,unconscious,unconscious,False,Image,False,5,3,2,3
555,sub-03,lh-superiorfrontal,0.4375,0.0,0.28571428571428575,0.7120261207258558,None + Linear-SVM,unconscious,unconscious,False,Image,False,6,1,3,2
556,sub-03,lh-superiorfrontal,0.575,0.025,0.4000000000000001,0.6901100266460763,None + Linear-SVM,unconscious,unconscious,False,Image,False,5,2,3,3
557,sub-03,lh-superiorfrontal,0.6041666666666667,0.125,0.5,0.6873005340711196,None + Linear-SVM,unconscious,unconscious,False,Image,False,5,3,3,3
558,sub-03,lh-superiorfrontal,0.390625,0.0,0.42857142857142855,0.7056387563197387,None + Linear-SVM,unconscious,unconscious,False,Image,False,5,3,5,3
559,sub-03,lh-superiorfrontal,0.5625,-0.10206207261596577,0.25,0.7026666124169244,None + Linear-SVM,unconscious,unconscious,False,Image,False,3,1,1,5
560,sub-03,lh-superiorfrontal,0.6458333333333334,0.125,0.5,0.6835829882441845,None + Linear-SVM,unconscious,unconscious,False,Image,False,5,3,3,3
561,sub-03,lh-superiorfrontal,0.6041666666666666,0.125,0.5,0.6910033428974185,None + Linear-SVM,unconscious,unconscious,False,Image,False,5,3,3,3
562,sub-03,lh-superiorfrontal,0.5125,-0.07905694150420949,0.37499999999999994,0.7029399496848202,None + Linear-SVM,unconscious,unconscious,False,Image,False,5,3,7,3
563,sub-03,lh-superiorfrontal,0.65,0.22360679774997896,0.631578947368421,0.6767453999926065,None + Linear-SVM,unconscious,unconscious,False,Image,False,5,6,4,3
564,sub-03,lh-superiorfrontal,0.53125,0.0,0.42857142857142855,0.6899413880286079,None + Linear-SVM,unconscious,unconscious,False,Image,False,5,3,5,3
565,sub-03,lh-superiorfrontal,0.6375,0.22360679774997896,0.631578947368421,0.67874318965583,None + Linear-SVM,unconscious,unconscious,False,Image,False,5,6,4,3
566,sub-03,lh-superiorfrontal,0.5,-0.07142857142857142,0.42857142857142855,0.6999165446912541,None + Linear-SVM,unconscious,unconscious,False,Image,False,4,3,4,4
567,sub-03,lh-superiorfrontal,0.6071428571428571,0.19642857142857142,0.5714285714285714,0.6893805157575615,None + Linear-SVM,unconscious,unconscious,False,Image,False,5,4,3,3
568,sub-03,lh-superiorfrontal,0.4375,-0.1259881576697424,0.39999999999999997,0.7057516539031952,None + Linear-SVM,unconscious,unconscious,False,Image,False,4,3,5,4
569,sub-03,lh-superiorfrontal,0.5125000000000001,0.025482359571881278,0.47058823529411764,0.6900642373017409,None + Linear-SVM,unconscious,unconscious,False,Image,False,5,4,6,3
570,sub-03,lh-superiorfrontal,0.4821428571428571,-0.09449111825230681,0.3333333333333333,0.6981553663361242,None + Linear-SVM,unconscious,unconscious,False,Image,False,5,2,5,3
571,sub-03,lh-superiorfrontal,0.7083333333333334,0.4166666666666667,0.6666666666666666,0.6781060502332613,None + Linear-SVM,unconscious,unconscious,False,Image,False,6,4,2,2
572,sub-03,lh-superiorfrontal,0.7083333333333333,0.18055555555555555,0.5882352941176471,0.6699038079313949,None + Linear-SVM,unconscious,unconscious,False,Image,False,5,5,4,3
573,sub-03,lh-superiorfrontal,0.5,0.11952286093343936,0.4444444444444445,0.6998124097997365,None + Linear-SVM,unconscious,unconscious,False,Image,False,5,2,2,3
574,sub-03,lh-superiorfrontal,0.5208333333333333,0.125,0.5,0.6966171236914932,None + Linear-SVM,unconscious,unconscious,False,Image,False,5,3,3,3
575,sub-03,lh-superiorfrontal,0.75,0.408248290463863,0.5714285714285715,0.6806796212465551,None + Linear-SVM,unconscious,unconscious,False,Image,False,7,2,2,1
576,sub-03,lh-superiorfrontal,0.7916666666666666,0.38575837490522974,0.5714285714285715,0.6865072951793597,None + Linear-SVM,unconscious,unconscious,False,Image,False,6,2,1,2
577,sub-03,lh-superiorfrontal,0.5555555555555556,-0.1336306209562122,0.22222222222222224,0.777279185600048,None + Linear-SVM,unconscious,unconscious,False,Image,False,3,1,1,6
578,sub-03,lh-superiorfrontal,0.5079365079365079,-0.015873015873015872,0.42857142857142855,0.7217000545381104,None + Linear-SVM,unconscious,unconscious,False,Image,False,5,3,4,4
579,sub-03,lh-superiorfrontal,0.22222222222222224,-0.49099025303098287,0.15384615384615383,0.7583316174281443,None + Linear-SVM,unconscious,unconscious,False,Image,False,3,1,5,6
580,sub-03,lh-superiorfrontal,0.30555555555555564,-0.3098898934004561,0.26666666666666666,0.7486663869594814,None + Linear-SVM,unconscious,unconscious,False,Image,False,4,2,6,5
581,sub-03,lh-superiorfrontal,0.24074074074074073,-0.49099025303098287,0.15384615384615383,0.7731353959501311,None + Linear-SVM,unconscious,unconscious,False,Image,False,3,1,5,6
582,sub-03,lh-superiorfrontal,0.14814814814814814,-0.4879500364742666,0.0,0.8028617620403818,None + Linear-SVM,unconscious,unconscious,False,Image,False,4,0,3,5
583,sub-03,lh-superiorfrontal,0.2,-0.4472135954999579,0.16666666666666666,0.7939158145148157,None + Linear-SVM,unconscious,unconscious,False,Image,False,3,1,4,6
584,sub-03,lh-superiorfrontal,0.3194444444444445,-0.3098898934004561,0.26666666666666666,0.7315161962598106,None + Linear-SVM,unconscious,unconscious,False,Image,False,4,2,6,5
585,sub-03,lh-superiorfrontal,0.0,-0.816496580927726,0.0,0.8072940174355708,None + Linear-SVM,unconscious,unconscious,False,Image,False,1,0,3,8
586,sub-03,lh-superiorfrontal,0.33333333333333337,-0.18055555555555555,0.375,0.754405957342042,None + Linear-SVM,unconscious,unconscious,False,Image,False,4,3,5,5
587,sub-03,lh-superiorfrontal,0.22222222222222224,-0.36666666666666664,0.3157894736842105,0.7519165603800185,None + Linear-SVM,unconscious,unconscious,False,Image,False,3,3,7,6
588,sub-03,lh-superiorfrontal,0.2962962962962963,-0.32732683535398854,0.28571428571428575,0.7508517066469262,None + Linear-SVM,unconscious,unconscious,False,Image,False,3,2,4,6
589,sub-03,lh-superiorfrontal,0.25925925925925924,-0.21821789023599236,0.30769230769230765,0.7656537592937492,None + Linear-SVM,unconscious,unconscious,False,Image,False,4,2,4,5
590,sub-03,lh-superiorfrontal,0.4444444444444444,-0.2721655269759087,0.0,0.802428811134303,None + Linear-SVM,unconscious,unconscious,False,Image,False,5,0,1,4
591,sub-03,lh-superiorfrontal,0.26666666666666666,-0.34426518632954817,0.1818181818181818,0.7628096153782817,None + Linear-SVM,unconscious,unconscious,False,Image,False,4,1,4,5
592,sub-03,lh-superiorfrontal,0.3555555555555555,-0.14907119849998599,0.3333333333333333,0.7480432495181797,None + Linear-SVM,unconscious,unconscious,False,Image,False,4,2,3,5
593,sub-03,lh-superiorfrontal,0.4444444444444444,-0.14907119849998599,0.0,0.8021348147613868,None + Linear-SVM,unconscious,unconscious,False,Image,False,8,0,2,1
594,sub-03,lh-superiorfrontal,0.3,-0.2584432806109095,0.33333333333333326,0.7624434686024695,None + Linear-SVM,unconscious,unconscious,False,Image,False,4,3,7,5
595,sub-03,lh-superiorfrontal,0.26666666666666666,-0.24444444444444444,0.20000000000000004,0.7577045716159354,None + Linear-SVM,unconscious,unconscious,False,Image,False,5,1,4,4
596,sub-03,lh-superiorfrontal,0.4444444444444444,-0.09759000729485331,0.25,0.766303432322421,None + Linear-SVM,unconscious,unconscious,False,Image,False,5,1,2,4
597,sub-03,lh-superiorfrontal,0.2222222222222222,-0.6388888888888888,0.15384615384615383,0.7815099923683372,None + Linear-SVM,unconscious,unconscious,False,Image,False,1,1,3,8
598,sub-03,lh-superiorfrontal,0.37777777777777777,-0.14907119849998599,0.3333333333333333,0.7455063710844815,None + Linear-SVM,unconscious,unconscious,False,Image,False,4,2,3,5
599,sub-03,lh-superiorfrontal,0.1851851851851852,-0.49099025303098287,0.15384615384615383,0.7543461418595906,None + Linear-SVM,unconscious,unconscious,False,Image,False,3,1,5,6
600,sub-03,lh-superiorfrontal,0.3492063492063492,-0.2698412698412698,0.2857142857142857,0.7409784095862355,None + Linear-SVM,unconscious,unconscious,False,Image,False,4,2,5,5
601,sub-03,lh-superiorfrontal,0.2222222222222222,-0.34426518632954817,0.1818181818181818,0.7589549962849131,None + Linear-SVM,unconscious,unconscious,False,Image,False,4,1,4,5
602,sub-03,lh-superiorfrontal,0.37777777777777777,-0.14907119849998599,0.3333333333333333,0.745155481760884,None + Linear-SVM,unconscious,unconscious,False,Image,False,4,2,3,5
603,sub-03,lh-superiorfrontal,0.2222222222222222,-0.2828894749305018,0.2,0.7852576789120369,None + Linear-SVM,unconscious,unconscious,False,Image,False,4,1,3,5
604,sub-03,lh-superiorfrontal,0.31111111111111117,-0.24444444444444444,0.20000000000000004,0.7588608246474148,None + Linear-SVM,unconscious,unconscious,False,Image,False,5,1,4,4
605,sub-03,lh-superiorfrontal,0.31481481481481477,-0.21821789023599236,0.30769230769230765,0.7464219103062502,None + Linear-SVM,unconscious,unconscious,False,Image,False,4,2,4,5
606,sub-03,lh-superiorfrontal,0.1388888888888889,-0.6527777777777778,0.125,0.7751194757187679,None + Linear-SVM,unconscious,unconscious,False,Image,False,2,1,7,7
607,sub-03,lh-superiorfrontal,0.33333333333333337,-0.28867513459481287,0.0,0.786830762447786,None + Linear-SVM,unconscious,unconscious,False,Image,False,6,0,2,3
608,sub-03,lh-superiorfrontal,0.3148148148148148,-0.32732683535398854,0.28571428571428575,0.7433726420471322,None + Linear-SVM,unconscious,unconscious,False,Image,False,3,2,4,6
609,sub-03,lh-superiorfrontal,0.35185185185185186,-0.21821789023599236,0.30769230769230765,0.7396095196980842,None + Linear-SVM,unconscious,unconscious,False,Image,False,4,2,4,5
610,sub-03,lh-superiorfrontal,0.13333333333333336,-0.47193990372426947,0.22222222222222224,0.7648308064275577,None + Linear-SVM,unconscious,unconscious,False,Image,False,3,2,8,6
611,sub-03,lh-superiorfrontal,0.3666666666666667,-0.2584432806109095,0.33333333333333326,0.7078513800265301,None + Linear-SVM,unconscious,unconscious,False,Image,False,4,3,7,5
612,sub-03,lh-superiorfrontal,0.25,-0.2030905986149808,0.28571428571428575,0.7304097400854758,None + Linear-SVM,unconscious,unconscious,False,Image,False,5,2,6,4
613,sub-03,lh-superiorfrontal,0.28888888888888886,-0.3680349649825889,0.23529411764705882,0.7278031298738639,None + Linear-SVM,unconscious,unconscious,False,Image,False,4,2,8,5
614,sub-03,lh-superiorfrontal,0.25396825396825395,-0.2698412698412698,0.2857142857142857,0.7448612777364102,None + Linear-SVM,unconscious,unconscious,False,Image,False,4,2,5,5
615,sub-03,lh-superiorfrontal,0.25396825396825395,-0.2698412698412698,0.2857142857142857,0.7520808212553604,None + Linear-SVM,unconscious,unconscious,False,Image,False,4,2,5,5
616,sub-03,lh-superiorfrontal,0.2638888888888889,-0.4166666666666667,0.25,0.7513151751121944,None + Linear-SVM,unconscious,unconscious,False,Image,False,3,2,6,6
617,sub-03,lh-superiorfrontal,0.24444444444444446,-0.3680349649825889,0.23529411764705882,0.7453000710067162,None + Linear-SVM,unconscious,unconscious,False,Image,False,4,2,8,5
618,sub-03,lh-superiorfrontal,0.25396825396825395,-0.3779644730092272,0.26666666666666666,0.7474035208299228,None + Linear-SVM,unconscious,unconscious,False,Image,False,3,2,5,6
619,sub-03,lh-superiorfrontal,0.3148148148148148,-0.3888888888888889,0.16666666666666666,0.7456893523813652,None + Linear-SVM,unconscious,unconscious,False,Image,False,4,1,5,5
620,sub-03,lh-superiorfrontal,0.4444444444444444,0.0,0.47058823529411764,0.7046857319401928,None + Linear-SVM,unconscious,unconscious,False,Image,False,5,4,5,4
621,sub-03,lh-superiorfrontal,0.11111111111111113,-0.6172133998483676,0.0,0.7855118082654269,None + Linear-SVM,unconscious,unconscious,False,Image,False,3,0,4,6
622,sub-03,lh-superiorfrontal,0.24074074074074073,-0.21821789023599236,0.30769230769230765,0.7666304145626817,None + Linear-SVM,unconscious,unconscious,False,Image,False,4,2,4,5
623,sub-03,lh-superiorfrontal,0.6666666666666666,0.42600643361512924,0.5714285714285715,0.7412639509502816,None + Linear-SVM,unconscious,unconscious,False,Image,False,8,2,2,1
624,sub-03,lh-superiorfrontal,0.4444444444444444,-0.09759000729485331,0.25,0.7663697993858195,None + Linear-SVM,unconscious,unconscious,False,Image,False,5,1,2,4
625,sub-03,lh-superiorfrontal,0.625,0.0,0.28571428571428575,0.7159098309893961,None + Linear-SVM,unconscious,unconscious,False,Image,False,4,1,1,4
626,sub-03,lh-superiorfrontal,0.6428571428571429,0.18898223650461363,0.5,0.6788810684028971,None + Linear-SVM,unconscious,unconscious,False,Image,False,6,3,4,2
627,sub-03,lh-superiorfrontal,0.43750000000000006,-0.16666666666666666,0.3333333333333333,0.7035216813067537,None + Linear-SVM,unconscious,unconscious,False,Image,False,4,2,4,4
628,sub-03,lh-superiorfrontal,0.453125,0.0,0.5,0.7125752394490273,None + Linear-SVM,unconscious,unconscious,False,Image,False,4,4,4,4
629,sub-03,lh-superiorfrontal,0.4166666666666667,0.0,0.4615384615384615,0.7183261222348882,None + Linear-SVM,unconscious,unconscious,False,Image,False,4,3,3,4
630,sub-03,lh-superiorfrontal,0.29166666666666663,-0.38575837490522974,0.2,0.7466476062059385,None + Linear-SVM,unconscious,unconscious,False,Image,False,2,1,2,6
631,sub-03,lh-superiorfrontal,0.375,-0.09759000729485333,0.3636363636363636,0.7257766912679345,None + Linear-SVM,unconscious,unconscious,False,Image,False,4,2,3,4
632,sub-03,lh-superiorfrontal,0.46875,-0.1259881576697424,0.39999999999999997,0.6953486173499416,None + Linear-SVM,unconscious,unconscious,False,Image,False,4,3,5,4
633,sub-03,lh-superiorfrontal,0.24999999999999997,-0.5590169943749475,0.0,0.7412609782863673,None + Linear-SVM,unconscious,unconscious,False,Image,False,3,0,3,5
634,sub-03,lh-superiorfrontal,0.4375,0.0,0.42857142857142855,0.7215474916556646,None + Linear-SVM,unconscious,unconscious,False,Image,False,5,3,5,3
635,sub-03,lh-superiorfrontal,0.425,-0.20385887657505022,0.3529411764705882,0.7093526866150422,None + Linear-SVM,unconscious,unconscious,False,Image,False,4,3,7,4
636,sub-03,lh-superiorfrontal,0.6041666666666666,0.125,0.5,0.6897673397346403,None + Linear-SVM,unconscious,unconscious,False,Image,False,5,3,3,3
637,sub-03,lh-superiorfrontal,0.39583333333333337,-0.04303314829119352,0.3636363636363636,0.7259742489730028,None + Linear-SVM,unconscious,unconscious,False,Image,False,5,2,4,3
638,sub-03,lh-superiorfrontal,0.625,-0.25,0.0,0.7334500347104461,None + Linear-SVM,unconscious,unconscious,False,Image,False,5,0,1,3
639,sub-03,lh-superiorfrontal,0.55,0.025,0.4000000000000001,0.702321756567132,None + Linear-SVM,unconscious,unconscious,False,Image,False,5,2,3,3
640,sub-03,lh-superiorfrontal,0.65,0.21957751641341997,0.5454545454545454,0.691482896753213,None + Linear-SVM,unconscious,unconscious,False,Image,False,5,3,2,3
641,sub-03,lh-superiorfrontal,0.5,0.0,0.0,0.7256399983570045,None + Linear-SVM,unconscious,unconscious,False,Image,False,8,0,2,0
642,sub-03,lh-superiorfrontal,0.46249999999999997,-0.1,0.4444444444444445,0.7184304251803397,None + Linear-SVM,unconscious,unconscious,False,Image,False,4,4,6,4
643,sub-03,lh-superiorfrontal,0.44999999999999996,-0.09759000729485333,0.3636363636363636,0.7104532085425692,None + Linear-SVM,unconscious,unconscious,False,Image,False,4,2,3,4
644,sub-03,lh-superiorfrontal,0.625,-0.03857583749052298,0.28571428571428575,0.7071210410000678,None + Linear-SVM,unconscious,unconscious,False,Image,False,5,1,2,3
645,sub-03,lh-superiorfrontal,0.40625,-0.23904572186687872,0.22222222222222224,0.7201296392472814,None + Linear-SVM,unconscious,unconscious,False,Image,False,4,1,3,4
646,sub-03,lh-superiorfrontal,0.575,0.15811388300841897,0.4444444444444445,0.6968980093808292,None + Linear-SVM,unconscious,unconscious,False,Image,False,6,2,3,2
647,sub-03,lh-superiorfrontal,0.4375,-0.16666666666666666,0.3333333333333333,0.7097566872755668,None + Linear-SVM,unconscious,unconscious,False,Image,False,4,2,4,4
648,sub-03,lh-superiorfrontal,0.625,0.19642857142857142,0.5714285714285714,0.6849778053927528,None + Linear-SVM,unconscious,unconscious,False,Image,False,5,4,3,3
649,sub-03,lh-superiorfrontal,0.35,-0.3,0.20000000000000004,0.7285174578008813,None + Linear-SVM,unconscious,unconscious,False,Image,False,4,1,4,4
650,sub-03,lh-superiorfrontal,0.575,0.025,0.4000000000000001,0.6943539476232059,None + Linear-SVM,unconscious,unconscious,False,Image,False,5,2,3,3
651,sub-03,lh-superiorfrontal,0.375,-0.125,0.25,0.7205101071020859,None + Linear-SVM,unconscious,unconscious,False,Image,False,5,1,3,3
652,sub-03,lh-superiorfrontal,0.45000000000000007,-0.21957751641341997,0.3333333333333333,0.7088513360267713,None + Linear-SVM,unconscious,unconscious,False,Image,False,3,2,3,5
653,sub-03,lh-superiorfrontal,0.5,-0.04303314829119352,0.3636363636363636,0.6987718300468346,None + Linear-SVM,unconscious,unconscious,False,Image,False,5,2,4,3
654,sub-03,lh-superiorfrontal,0.390625,0.0,0.42857142857142855,0.7195929588097283,None + Linear-SVM,unconscious,unconscious,False,Image,False,5,3,5,3
655,sub-03,lh-superiorfrontal,0.5,-0.25,0.0,0.7231403066075821,None + Linear-SVM,unconscious,unconscious,False,Image,False,6,0,2,2
656,sub-03,lh-superiorfrontal,0.5833333333333333,0.125,0.5,0.6902744338972369,None + Linear-SVM,unconscious,unconscious,False,Image,False,5,3,3,3
657,sub-03,lh-superiorfrontal,0.47916666666666663,-0.16666666666666666,0.3333333333333333,0.7075397186564867,None + Linear-SVM,unconscious,unconscious,False,Image,False,4,2,4,4
658,sub-03,lh-superiorfrontal,0.3625,-0.31622776601683794,0.25,0.7115777488707498,None + Linear-SVM,unconscious,unconscious,False,Image,False,4,2,8,4
659,sub-03,lh-superiorfrontal,0.5874999999999999,0.125,0.5555555555555556,0.6782452032525685,None + Linear-SVM,unconscious,unconscious,False,Image,False,5,5,5,3
660,sub-03,lh-superiorfrontal,0.484375,0.0,0.42857142857142855,0.6973812153572156,None + Linear-SVM,unconscious,unconscious,False,Image,False,5,3,5,3
661,sub-03,lh-superiorfrontal,0.4625,-0.1,0.4444444444444445,0.6907083167155024,None + Linear-SVM,unconscious,unconscious,False,Image,False,4,4,6,4
662,sub-03,lh-superiorfrontal,0.42857142857142855,-0.19642857142857142,0.39999999999999997,0.7072798853016057,None + Linear-SVM,unconscious,unconscious,False,Image,False,3,3,4,5
663,sub-03,lh-superiorfrontal,0.4464285714285714,-0.07142857142857142,0.42857142857142855,0.7092269114564312,None + Linear-SVM,unconscious,unconscious,False,Image,False,4,3,4,4
664,sub-03,lh-superiorfrontal,0.4375,0.0,0.42857142857142855,0.7137912876571827,None + Linear-SVM,unconscious,unconscious,False,Image,False,5,3,5,3
665,sub-03,lh-superiorfrontal,0.5,-0.1,0.4444444444444445,0.6966300902176994,None + Linear-SVM,unconscious,unconscious,False,Image,False,4,4,6,4
666,sub-03,lh-superiorfrontal,0.4107142857142857,-0.21821789023599236,0.30769230769230765,0.7095733140467728,None + Linear-SVM,unconscious,unconscious,False,Image,False,4,2,5,4
667,sub-03,lh-superiorfrontal,0.5625,0.125,0.5,0.691249901156627,None + Linear-SVM,unconscious,unconscious,False,Image,False,5,3,3,3
668,sub-03,lh-superiorfrontal,0.6388888888888888,0.18055555555555555,0.5882352941176471,0.6694118480239117,None + Linear-SVM,unconscious,unconscious,False,Image,False,5,5,4,3
669,sub-03,lh-superiorfrontal,0.4375,-0.23904572186687872,0.22222222222222224,0.7139881480527941,None + Linear-SVM,unconscious,unconscious,False,Image,False,4,1,3,4
670,sub-03,lh-superiorfrontal,0.35416666666666663,-0.16666666666666666,0.3333333333333333,0.7242600377425885,None + Linear-SVM,unconscious,unconscious,False,Image,False,4,2,4,4
671,sub-03,lh-superiorfrontal,0.75,0.408248290463863,0.5714285714285715,0.6870253782057406,None + Linear-SVM,unconscious,unconscious,False,Image,False,7,2,2,1
672,sub-03,lh-superiorfrontal,0.75,0.08333333333333333,0.3333333333333333,0.6937852462398013,None + Linear-SVM,unconscious,unconscious,False,Image,False,6,1,2,2
673,sub-03,lh-superiorfrontal,0.6875,0.0,0.28571428571428575,0.7334853390006262,None + Linear-SVM,unconscious,unconscious,False,Image,False,4,1,1,4
674,sub-03,lh-superiorfrontal,0.5535714285714286,-0.09449111825230681,0.3333333333333333,0.6942019844131525,None + Linear-SVM,unconscious,unconscious,False,Image,False,5,2,5,3
675,sub-03,lh-superiorfrontal,0.3125,-0.4583333333333333,0.16666666666666666,0.7292954511085441,None + Linear-SVM,unconscious,unconscious,False,Image,False,3,1,5,5
676,sub-03,lh-superiorfrontal,0.390625,-0.2581988897471611,0.28571428571428575,0.7209293182170184,None + Linear-SVM,unconscious,unconscious,False,Image,False,4,2,6,4
677,sub-03,lh-superiorfrontal,0.3125,-0.4583333333333333,0.16666666666666666,0.7361022897033037,None + Linear-SVM,unconscious,unconscious,False,Image,False,3,1,5,5
678,sub-03,lh-superiorfrontal,0.125,-0.5590169943749475,0.0,0.7645747498330447,None + Linear-SVM,unconscious,unconscious,False,Image,False,3,0,3,5
679,sub-03,lh-superiorfrontal,0.275,-0.4147575310031266,0.1818181818181818,0.7472504104136408,None + Linear-SVM,unconscious,unconscious,False,Image,False,3,1,4,5
680,sub-03,lh-superiorfrontal,0.3125,-0.3779644730092272,0.26666666666666666,0.717433535451774,None + Linear-SVM,unconscious,unconscious,False,Image,False,3,2,6,5
681,sub-03,lh-superiorfrontal,0.08333333333333333,-0.6708203932499369,0.0,0.7657712027907292,None + Linear-SVM,unconscious,unconscious,False,Image,False,2,0,3,6
682,sub-03,lh-superiorfrontal,0.34375,-0.1259881576697424,0.39999999999999997,0.7272474023353638,None + Linear-SVM,unconscious,unconscious,False,Image,False,4,3,5,4
683,sub-03,lh-superiorfrontal,0.2375,-0.4332001127219817,0.23529411764705882,0.7239230373215206,None + Linear-SVM,unconscious,unconscious,False,Image,False,3,2,8,5
684,sub-03,lh-superiorfrontal,0.4583333333333333,-0.16666666666666666,0.3333333333333333,0.71237448770479,None + Linear-SVM,unconscious,unconscious,False,Image,False,4,2,4,4
685,sub-03,lh-superiorfrontal,0.3125,-0.16666666666666666,0.3333333333333333,0.7329135713324183,None + Linear-SVM,unconscious,unconscious,False,Image,False,4,2,4,4
686,sub-03,lh-superiorfrontal,0.5,-0.25,0.0,0.7546870646284596,None + Linear-SVM,unconscious,unconscious,False,Image,False,5,0,1,3
687,sub-03,lh-superiorfrontal,0.425,-0.09759000729485333,0.3636363636363636,0.718912794139485,None + Linear-SVM,unconscious,unconscious,False,Image,False,4,2,3,4
688,sub-03,lh-superiorfrontal,0.575,-0.18446619684315546,0.22222222222222224,0.7032931423849692,None + Linear-SVM,unconscious,unconscious,False,Image,False,5,1,4,3
689,sub-03,lh-superiorfrontal,0.5,0.0,0.0,0.7586132274119699,None + Linear-SVM,unconscious,unconscious,False,Image,False,8,0,2,0
690,sub-03,lh-superiorfrontal,0.36249999999999993,-0.20385887657505022,0.3529411764705882,0.734625802723446,None + Linear-SVM,unconscious,unconscious,False,Image,False,4,3,7,4
691,sub-03,lh-superiorfrontal,0.35,-0.3,0.20000000000000004,0.7237772449894566,None + Linear-SVM,unconscious,unconscious,False,Image,False,4,1,4,4
692,sub-03,lh-superiorfrontal,0.5833333333333333,-0.14907119849998599,0.25,0.7252629914262961,None + Linear-SVM,unconscious,unconscious,False,Image,False,4,1,2,4
693,sub-03,lh-superiorfrontal,0.4375,-0.23904572186687872,0.22222222222222224,0.7231036233441976,None + Linear-SVM,unconscious,unconscious,False,Image,False,4,1,3,4
694,sub-03,lh-superiorfrontal,0.6,0.15811388300841897,0.4444444444444445,0.7061324472176219,None + Linear-SVM,unconscious,unconscious,False,Image,False,6,2,3,2
695,sub-03,lh-superiorfrontal,0.24999999999999997,-0.4583333333333333,0.16666666666666666,0.7208819135259737,None + Linear-SVM,unconscious,unconscious,False,Image,False,3,1,5,5
696,sub-03,lh-superiorfrontal,0.4107142857142857,-0.07142857142857142,0.42857142857142855,0.7063708986644162,None + Linear-SVM,unconscious,unconscious,False,Image,False,4,3,4,4
697,sub-03,lh-superiorfrontal,0.25,-0.21957751641341997,0.3333333333333333,0.7340681308693637,None + Linear-SVM,unconscious,unconscious,False,Image,False,3,2,3,5
698,sub-03,lh-superiorfrontal,0.575,-0.09759000729485333,0.3636363636363636,0.7063760502535753,None + Linear-SVM,unconscious,unconscious,False,Image,False,4,2,3,4
699,sub-03,lh-superiorfrontal,0.28125,-0.23904572186687872,0.22222222222222224,0.7481123385685168,None + Linear-SVM,unconscious,unconscious,False,Image,False,4,1,3,4
700,sub-03,lh-superiorfrontal,0.37500000000000006,-0.35,0.3076923076923077,0.7297454584460401,None + Linear-SVM,unconscious,unconscious,False,Image,False,2,2,3,6
701,sub-03,lh-superiorfrontal,0.3541666666666667,-0.16666666666666666,0.3333333333333333,0.7141008027120063,None + Linear-SVM,unconscious,unconscious,False,Image,False,4,2,4,4
702,sub-03,lh-superiorfrontal,0.28125,-0.2581988897471611,0.28571428571428575,0.7301451383293078,None + Linear-SVM,unconscious,unconscious,False,Image,False,4,2,6,4
703,sub-03,lh-superiorfrontal,0.4375,-0.3273268353539886,0.0,0.7383638956163198,None + Linear-SVM,unconscious,unconscious,False,Image,False,5,0,2,3
704,sub-03,lh-superiorfrontal,0.4583333333333333,-0.16666666666666666,0.3333333333333333,0.7055770585937632,None + Linear-SVM,unconscious,unconscious,False,Image,False,4,2,4,4
705,sub-03,lh-superiorfrontal,0.3333333333333333,-0.16666666666666666,0.3333333333333333,0.7150543919098278,None + Linear-SVM,unconscious,unconscious,False,Image,False,4,2,4,4
706,sub-03,lh-superiorfrontal,0.2125,-0.325,0.33333333333333326,0.7291742532185504,None + Linear-SVM,unconscious,unconscious,False,Image,False,3,3,7,5
707,sub-03,lh-superiorfrontal,0.45,-0.1,0.4444444444444445,0.6918818457401217,None + Linear-SVM,unconscious,unconscious,False,Image,False,4,4,6,4
708,sub-03,lh-superiorfrontal,0.328125,-0.25,0.375,0.7125771881632532,None + Linear-SVM,unconscious,unconscious,False,Image,False,3,3,5,5
709,sub-03,lh-superiorfrontal,0.41250000000000003,-0.20385887657505022,0.3529411764705882,0.7002678880405291,None + Linear-SVM,unconscious,unconscious,False,Image,False,4,3,7,4
710,sub-03,lh-superiorfrontal,0.23214285714285715,-0.3392857142857143,0.2857142857142857,0.7319535435048417,None + Linear-SVM,unconscious,unconscious,False,Image,False,3,2,5,5
711,sub-03,lh-superiorfrontal,0.3214285714285714,-0.21821789023599236,0.30769230769230765,0.7250332051994799,None + Linear-SVM,unconscious,unconscious,False,Image,False,4,2,5,4
712,sub-03,lh-superiorfrontal,0.359375,-0.1259881576697424,0.39999999999999997,0.7309533835301276,None + Linear-SVM,unconscious,unconscious,False,Image,False,4,3,5,4
713,sub-03,lh-superiorfrontal,0.39999999999999997,-0.20385887657505022,0.3529411764705882,0.7034504899711096,None + Linear-SVM,unconscious,unconscious,False,Image,False,4,3,7,4
714,sub-03,lh-superiorfrontal,0.35714285714285715,-0.3392857142857143,0.2857142857142857,0.7228608825879166,None + Linear-SVM,unconscious,unconscious,False,Image,False,3,2,5,5
715,sub-03,lh-superiorfrontal,0.5208333333333334,-0.16666666666666666,0.3333333333333333,0.696129082854785,None + Linear-SVM,unconscious,unconscious,False,Image,False,4,2,4,4
716,sub-03,lh-superiorfrontal,0.625,0.07042952122737638,0.5,0.6834136757907222,None + Linear-SVM,unconscious,unconscious,False,Image,False,5,4,5,3
717,sub-03,lh-superiorfrontal,0.3125,-0.23904572186687872,0.22222222222222224,0.7380049263628491,None + Linear-SVM,unconscious,unconscious,False,Image,False,4,1,3,4
718,sub-03,lh-superiorfrontal,0.3541666666666667,-0.28867513459481287,0.30769230769230765,0.7241658537705241,None + Linear-SVM,unconscious,unconscious,False,Image,False,3,2,4,5
719,sub-03,lh-superiorfrontal,0.75,0.6324555320336759,0.6666666666666666,0.7051543214250225,None + Linear-SVM,unconscious,unconscious,False,Image,False,8,2,2,0
720,sub-03,lh-superiorfrontal,0.625,-0.14907119849998599,0.25,0.7147524502597873,None + Linear-SVM,unconscious,unconscious,False,Image,False,4,1,2,4
721,sub-03,lh-superiorfrontal,0.8571428571428572,0.35714285714285715,0.5,0.6738946796811254,None + Linear-SVM,unconscious,unconscious,False,Image,False,6,1,1,1
722,sub-03,lh-superiorfrontal,0.8775510204081631,0.5773502691896257,0.7692307692307692,0.652964721108139,None + Linear-SVM,unconscious,unconscious,False,Image,False,6,5,2,1
723,sub-03,lh-superiorfrontal,0.7619047619047619,0.5367450401216932,0.7272727272727272,0.6711171235346788,None + Linear-SVM,unconscious,unconscious,False,Image,False,6,4,2,1
724,sub-03,lh-superiorfrontal,0.6964285714285714,0.3392857142857143,0.6666666666666666,0.6731980846518663,None + Linear-SVM,unconscious,unconscious,False,Image,False,5,5,3,2
725,sub-03,lh-superiorfrontal,0.619047619047619,0.38575837490522974,0.6,0.680757535348052,None + Linear-SVM,unconscious,unconscious,False,Image,False,6,3,3,1
726,sub-03,lh-superiorfrontal,0.5238095238095238,-0.0890870806374748,0.28571428571428575,0.6780838319623519,None + Linear-SVM,unconscious,unconscious,False,Image,False,4,1,2,3
727,sub-03,lh-superiorfrontal,0.5714285714285715,0.11952286093343936,0.4444444444444445,0.692301667465665,None + Linear-SVM,unconscious,unconscious,False,Image,False,5,2,3,2
728,sub-03,lh-superiorfrontal,0.7142857142857143,0.3392857142857143,0.6666666666666666,0.6751918943001797,None + Linear-SVM,unconscious,unconscious,False,Image,False,5,5,3,2
729,sub-03,lh-superiorfrontal,0.42857142857142855,-0.0890870806374748,0.28571428571428575,0.6959360766636432,None + Linear-SVM,unconscious,unconscious,False,Image,False,4,1,2,3
730,sub-03,lh-superiorfrontal,0.6071428571428571,0.3392857142857143,0.6666666666666666,0.687180995812002,None + Linear-SVM,unconscious,unconscious,False,Image,False,5,5,3,2
731,sub-03,lh-superiorfrontal,0.6571428571428571,0.45714285714285713,0.7058823529411764,0.6836599963716067,None + Linear-SVM,unconscious,unconscious,False,Image,False,6,6,4,1
732,sub-03,lh-superiorfrontal,0.8571428571428572,0.5367450401216932,0.7272727272727272,0.6633078685124288,None + Linear-SVM,unconscious,unconscious,False,Image,False,6,4,2,1
733,sub-03,lh-superiorfrontal,0.5,-0.21957751641341997,0.42857142857142855,0.688022281371648,None + Linear-SVM,unconscious,unconscious,False,Image,False,2,3,3,5
734,sub-03,lh-superiorfrontal,0.8571428571428572,-0.14285714285714285,0.0,0.6781741125138557,None + Linear-SVM,unconscious,unconscious,False,Image,False,6,0,1,1
735,sub-03,lh-superiorfrontal,0.7142857142857143,0.3142857142857143,0.6,0.675659182427358,None + Linear-SVM,unconscious,unconscious,False,Image,False,5,3,2,2
736,sub-03,lh-superiorfrontal,0.8857142857142858,0.6571428571428571,0.8000000000000002,0.6581412354790562,None + Linear-SVM,unconscious,unconscious,False,Image,False,6,4,1,1
737,sub-03,lh-superiorfrontal,0.5,0.0,0.0,0.6832560926110247,None + Linear-SVM,unconscious,unconscious,False,Image,False,7,0,2,0
738,sub-03,lh-superiorfrontal,0.6571428571428573,0.3098898934004561,0.6666666666666665,0.6865907991824383,None + Linear-SVM,unconscious,unconscious,False,Image,False,5,6,4,2
739,sub-03,lh-superiorfrontal,0.7142857142857143,0.3142857142857143,0.6,0.6767774400185393,None + Linear-SVM,unconscious,unconscious,False,Image,False,5,3,2,2
740,sub-03,lh-superiorfrontal,0.8571428571428572,0.5238095238095238,0.6666666666666666,0.6696968431826512,None + Linear-SVM,unconscious,unconscious,False,Image,False,6,2,1,1
741,sub-03,lh-superiorfrontal,0.6785714285714286,0.21428571428571427,0.5,0.679022863257471,None + Linear-SVM,unconscious,unconscious,False,Image,False,5,2,2,2
742,sub-03,lh-superiorfrontal,0.7714285714285715,0.3142857142857143,0.6,0.6609698302393728,None + Linear-SVM,unconscious,unconscious,False,Image,False,5,3,2,2
743,sub-03,lh-superiorfrontal,0.8095238095238095,0.5367450401216932,0.7272727272727272,0.6736300429593073,None + Linear-SVM,unconscious,unconscious,False,Image,False,6,4,2,1
744,sub-03,lh-superiorfrontal,0.7959183673469388,0.5773502691896257,0.7692307692307692,0.6583265520056959,None + Linear-SVM,unconscious,unconscious,False,Image,False,6,5,2,1
745,sub-03,lh-superiorfrontal,0.6571428571428571,0.1690308509457033,0.5454545454545454,0.6815274782925228,None + Linear-SVM,unconscious,unconscious,False,Image,False,4,3,2,3
746,sub-03,lh-superiorfrontal,0.7714285714285715,0.3142857142857143,0.6,0.6665054972821051,None + Linear-SVM,unconscious,unconscious,False,Image,False,5,3,2,2
747,sub-03,lh-superiorfrontal,0.5,-0.06900655593423542,0.4,0.6859946264353027,None + Linear-SVM,unconscious,unconscious,False,Image,False,3,2,2,4
748,sub-03,lh-superiorfrontal,0.6857142857142858,0.3142857142857143,0.6,0.6756487361066164,None + Linear-SVM,unconscious,unconscious,False,Image,False,5,3,2,2
749,sub-03,lh-superiorfrontal,0.7857142857142857,0.5367450401216932,0.7272727272727272,0.670074787622647,None + Linear-SVM,unconscious,unconscious,False,Image,False,6,4,2,1
750,sub-03,lh-superiorfrontal,0.5178571428571428,-0.07142857142857142,0.5,0.6882640065045958,None + Linear-SVM,unconscious,unconscious,False,Image,False,3,4,4,4
751,sub-03,lh-superiorfrontal,0.7857142857142857,0.1889822365046136,0.4,0.6786367372517713,None + Linear-SVM,unconscious,unconscious,False,Image,False,5,1,1,2
752,sub-03,lh-superiorfrontal,0.880952380952381,0.6904761904761905,0.8333333333333334,0.6631895545431868,None + Linear-SVM,unconscious,unconscious,False,Image,False,6,5,1,1
753,sub-03,lh-superiorfrontal,0.8571428571428571,0.5367450401216932,0.7272727272727272,0.6740336053248749,None + Linear-SVM,unconscious,unconscious,False,Image,False,6,4,2,1
754,sub-03,lh-superiorfrontal,0.7571428571428571,0.5493502655735357,0.7777777777777777,0.6840468177375147,None + Linear-SVM,unconscious,unconscious,False,Image,False,6,7,3,1
755,sub-03,lh-superiorfrontal,0.7285714285714286,0.408491223118783,0.7368421052631577,0.6689290337734127,None + Linear-SVM,unconscious,unconscious,False,Image,False,5,7,3,2
756,sub-03,lh-superiorfrontal,0.7857142857142856,0.3392857142857143,0.6666666666666666,0.6750618707711297,None + Linear-SVM,unconscious,unconscious,False,Image,False,5,5,3,2
757,sub-03,lh-superiorfrontal,0.7714285714285715,0.3098898934004561,0.6666666666666665,0.6718418656907922,None + Linear-SVM,unconscious,unconscious,False,Image,False,5,6,4,2
758,sub-03,lh-superiorfrontal,0.6326530612244898,0.14285714285714285,0.5714285714285714,0.6780269191064258,None + Linear-SVM,unconscious,unconscious,False,Image,False,4,4,3,3
759,sub-03,lh-superiorfrontal,0.6938775510204082,0.42857142857142855,0.7142857142857143,0.6780691036052156,None + Linear-SVM,unconscious,unconscious,False,Image,False,5,5,2,2
760,sub-03,lh-superiorfrontal,0.5714285714285714,0.07142857142857142,0.5333333333333333,0.6886556168094854,None + Linear-SVM,unconscious,unconscious,False,Image,False,4,4,4,3
761,sub-03,lh-superiorfrontal,0.6714285714285715,0.408491223118783,0.7368421052631577,0.6738576404624018,None + Linear-SVM,unconscious,unconscious,False,Image,False,5,7,3,2
762,sub-03,lh-superiorfrontal,0.6326530612244897,0.28867513459481287,0.6153846153846153,0.6824767180632697,None + Linear-SVM,unconscious,unconscious,False,Image,False,5,4,3,2
763,sub-03,lh-superiorfrontal,0.7619047619047621,0.5367450401216932,0.7272727272727272,0.667854000716847,None + Linear-SVM,unconscious,unconscious,False,Image,False,6,4,2,1
764,sub-03,lh-superiorfrontal,0.8888888888888888,0.629940788348712,0.823529411764706,0.6526838128943797,None + Linear-SVM,unconscious,unconscious,False,Image,False,6,7,2,1
765,sub-03,lh-superiorfrontal,0.6785714285714286,0.21428571428571427,0.5,0.6833163289075251,None + Linear-SVM,unconscious,unconscious,False,Image,False,5,2,2,2
766,sub-03,lh-superiorfrontal,0.6428571428571429,0.21957751641341997,0.5454545454545454,0.679725068815819,None + Linear-SVM,unconscious,unconscious,False,Image,False,5,3,3,2
767,sub-03,lh-superiorfrontal,0.75,0.6236095644623235,0.6666666666666666,0.6660034693060685,None + Linear-SVM,unconscious,unconscious,False,Image,False,7,2,2,0
768,sub-03,lh-superiorfrontal,0.9047619047619049,0.5238095238095238,0.6666666666666666,0.6586246756268582,None + Linear-SVM,unconscious,unconscious,False,Image,False,6,2,1,1
769,sub-03,lh-superiorfrontal,0.5,-0.4,0.0,0.702068984643289,None + Linear-SVM,unconscious,unconscious,False,Image,False,3,0,2,2
770,sub-03,lh-superiorfrontal,0.5714285714285714,0.3142857142857143,0.7142857142857143,0.6690830441357053,None + Linear-SVM,unconscious,unconscious,False,Image,False,3,5,2,2
771,sub-03,lh-superiorfrontal,0.5666666666666667,0.26666666666666666,0.6666666666666666,0.6999473657754947,None + Linear-SVM,unconscious,unconscious,False,Image,False,3,4,2,2
772,sub-03,lh-superiorfrontal,0.5,0.09759000729485333,0.5714285714285715,0.7068517392676473,None + Linear-SVM,unconscious,unconscious,False,Image,False,3,4,4,2
773,sub-03,lh-superiorfrontal,0.43333333333333335,-0.06900655593423542,0.4,0.7080766923418669,None + Linear-SVM,unconscious,unconscious,False,Image,False,3,2,4,2
774,sub-03,lh-superiorfrontal,0.39999999999999997,-0.06666666666666667,0.3333333333333333,0.7440664657358429,None + Linear-SVM,unconscious,unconscious,False,Image,False,3,1,2,2
775,sub-03,lh-superiorfrontal,0.4,0.0,0.4444444444444445,0.7444259390120623,None + Linear-SVM,unconscious,unconscious,False,Image,False,3,2,3,2
776,sub-03,lh-superiorfrontal,0.45,-0.15811388300841897,0.3333333333333333,0.7026689571056544,None + Linear-SVM,unconscious,unconscious,False,Image,False,3,2,6,2
777,sub-03,lh-superiorfrontal,0.39999999999999997,-0.06666666666666667,0.3333333333333333,0.7421601192917107,None + Linear-SVM,unconscious,unconscious,False,Image,False,3,1,2,2
778,sub-03,lh-superiorfrontal,0.45,-0.025,0.4615384615384615,0.715932390823383,None + Linear-SVM,unconscious,unconscious,False,Image,False,3,3,5,2
779,sub-03,lh-superiorfrontal,0.48,0.0,0.5,0.7075008495331487,None + Linear-SVM,unconscious,unconscious,False,Image,False,3,4,6,2
780,sub-03,lh-superiorfrontal,0.5666666666666667,0.26666666666666666,0.6666666666666666,0.6818497149782924,None + Linear-SVM,unconscious,unconscious,False,Image,False,3,4,2,2
781,sub-03,lh-superiorfrontal,0.4333333333333333,-0.06900655593423542,0.4,0.7261236052633225,None + Linear-SVM,unconscious,unconscious,False,Image,False,3,2,4,2
782,sub-03,lh-superiorfrontal,0.6,-0.31622776601683794,0.0,0.7155100905579065,None + Linear-SVM,unconscious,unconscious,False,Image,False,3,0,1,2
783,sub-03,lh-superiorfrontal,0.52,0.0,0.4444444444444445,0.7016128685636499,None + Linear-SVM,unconscious,unconscious,False,Image,False,3,2,3,2
784,sub-03,lh-superiorfrontal,0.6,0.408248290463863,0.7272727272727272,0.6670648594833757,None + Linear-SVM,unconscious,unconscious,False,Image,False,3,4,1,2
785,sub-03,lh-superiorfrontal,0.39999999999999997,-0.4,0.0,0.7321267686498928,None + Linear-SVM,unconscious,unconscious,False,Image,False,3,0,2,2
786,sub-03,lh-superiorfrontal,0.45999999999999996,0.0,0.5,0.7205145722900739,None + Linear-SVM,unconscious,unconscious,False,Image,False,3,4,6,2
787,sub-03,lh-superiorfrontal,0.48,0.0,0.4444444444444445,0.7067767393772292,None + Linear-SVM,unconscious,unconscious,False,Image,False,3,2,3,2
788,sub-03,lh-superiorfrontal,0.5333333333333333,-0.06666666666666667,0.3333333333333333,0.6937291185533829,None + Linear-SVM,unconscious,unconscious,False,Image,False,3,1,2,2
789,sub-03,lh-superiorfrontal,0.45,-0.15811388300841897,0.28571428571428575,0.709296327981333,None + Linear-SVM,unconscious,unconscious,False,Image,False,3,1,3,2
790,sub-03,lh-superiorfrontal,0.6,0.0,0.4444444444444445,0.6743840610609989,None + Linear-SVM,unconscious,unconscious,False,Image,False,3,2,3,2
791,sub-03,lh-superiorfrontal,0.5333333333333333,0.1,0.5454545454545454,0.7005311678185767,None + Linear-SVM,unconscious,unconscious,False,Image,False,3,3,3,2
792,sub-03,lh-superiorfrontal,0.5714285714285714,0.02857142857142857,0.5,0.6842007364353847,None + Linear-SVM,unconscious,unconscious,False,Image,False,3,3,4,2
793,sub-03,lh-superiorfrontal,0.48,0.0,0.4444444444444445,0.7191145515126325,None + Linear-SVM,unconscious,unconscious,False,Image,False,3,2,3,2
794,sub-03,lh-superiorfrontal,0.52,0.0,0.4444444444444445,0.6914700430671235,None + Linear-SVM,unconscious,unconscious,False,Image,False,3,2,3,2
795,sub-03,lh-superiorfrontal,0.44999999999999996,-0.15811388300841897,0.28571428571428575,0.7247774794909405,None + Linear-SVM,unconscious,unconscious,False,Image,False,3,1,3,2
796,sub-03,lh-superiorfrontal,0.48,0.0,0.4444444444444445,0.7117062958920551,None + Linear-SVM,unconscious,unconscious,False,Image,False,3,2,3,2
797,sub-03,lh-superiorfrontal,0.5333333333333333,0.1,0.5454545454545454,0.6957899829798536,None + Linear-SVM,unconscious,unconscious,False,Image,False,3,3,3,2
798,sub-03,lh-superiorfrontal,0.39999999999999997,-0.025,0.4615384615384615,0.7266857504245028,None + Linear-SVM,unconscious,unconscious,False,Image,False,3,3,5,2
799,sub-03,lh-superiorfrontal,0.5,-0.4,0.0,0.7183581843629371,None + Linear-SVM,unconscious,unconscious,False,Image,False,3,0,2,2
800,sub-03,lh-superiorfrontal,0.5666666666666667,0.26666666666666666,0.6666666666666666,0.6795740912898135,None + Linear-SVM,unconscious,unconscious,False,Image,False,3,4,2,2
801,sub-03,lh-superiorfrontal,0.5333333333333333,0.1,0.5454545454545454,0.6863631175266369,None + Linear-SVM,unconscious,unconscious,False,Image,False,3,3,3,2
802,sub-03,lh-superiorfrontal,0.48,0.0,0.5,0.7074475889765405,None + Linear-SVM,unconscious,unconscious,False,Image,False,3,4,6,2
803,sub-03,lh-superiorfrontal,0.6000000000000001,0.18898223650461363,0.6666666666666665,0.6770413394541313,None + Linear-SVM,unconscious,unconscious,False,Image,False,3,6,4,2
804,sub-03,lh-superiorfrontal,0.5,-0.025,0.4615384615384615,0.6873113804160886,None + Linear-SVM,unconscious,unconscious,False,Image,False,3,3,5,2
805,sub-03,lh-superiorfrontal,0.56,0.09449111825230681,0.588235294117647,0.681168247387045,None + Linear-SVM,unconscious,unconscious,False,Image,False,3,5,5,2
806,sub-03,lh-superiorfrontal,0.45714285714285713,0.02857142857142857,0.5,0.694085707148207,None + Linear-SVM,unconscious,unconscious,False,Image,False,3,3,4,2
807,sub-03,lh-superiorfrontal,0.45714285714285713,0.02857142857142857,0.5,0.7057906236082062,None + Linear-SVM,unconscious,unconscious,False,Image,False,3,3,4,2
808,sub-03,lh-superiorfrontal,0.42499999999999993,-0.025,0.4615384615384615,0.7265929659228159,None + Linear-SVM,unconscious,unconscious,False,Image,False,3,3,5,2
809,sub-03,lh-superiorfrontal,0.54,0.0,0.5,0.6844940950377225,None + Linear-SVM,unconscious,unconscious,False,Image,False,3,4,6,2
810,sub-03,lh-superiorfrontal,0.4857142857142857,0.02857142857142857,0.5,0.7007047897202785,None + Linear-SVM,unconscious,unconscious,False,Image,False,3,3,4,2
811,sub-03,lh-superiorfrontal,0.6,0.26666666666666666,0.6666666666666666,0.6811339981132297,None + Linear-SVM,unconscious,unconscious,False,Image,False,3,4,2,2
812,sub-03,lh-superiorfrontal,0.6,0.14907119849998599,0.6250000000000001,0.662814818625085,None + Linear-SVM,unconscious,unconscious,False,Image,False,3,5,4,2
813,sub-03,lh-superiorfrontal,0.39999999999999997,-0.15811388300841897,0.28571428571428575,0.7168271880341098,None + Linear-SVM,unconscious,unconscious,False,Image,False,3,1,3,2
814,sub-03,lh-superiorfrontal,0.4666666666666667,-0.06900655593423542,0.4,0.7186606543078754,None + Linear-SVM,unconscious,unconscious,False,Image,False,3,2,4,2
815,sub-03,lh-superiorfrontal,0.6,0.1,0.5,0.680267101594247,None + Linear-SVM,unconscious,unconscious,False,Image,False,3,2,2,2
816,sub-03,lh-superiorfrontal,0.7333333333333333,0.14907119849998599,0.4,0.6803786830584944,None + Linear-SVM,unconscious,unconscious,False,Image,False,4,1,2,1
817,sub-03,lh-superiorfrontal,0.7,0.09128709291752768,0.4,0.692027883203458,None + Linear-SVM,unconscious,unconscious,False,Image,False,3,1,1,2
818,sub-03,lh-superiorfrontal,0.6285714285714286,0.02857142857142857,0.5,0.66140626253546,None + Linear-SVM,unconscious,unconscious,False,Image,False,3,3,4,2
819,sub-03,lh-superiorfrontal,0.43333333333333335,-0.2608745973749754,0.2222222222222222,0.6968402754675511,None + Linear-SVM,unconscious,unconscious,False,Image,False,3,1,5,2
820,sub-03,lh-superiorfrontal,0.4,-0.15811388300841897,0.3333333333333333,0.7029568367523452,None + Linear-SVM,unconscious,unconscious,False,Image,False,3,2,6,2
821,sub-03,lh-superiorfrontal,0.4333333333333333,-0.2608745973749754,0.2222222222222222,0.7096023289711549,None + Linear-SVM,unconscious,unconscious,False,Image,False,3,1,5,2
822,sub-03,lh-superiorfrontal,0.2666666666666666,-0.6,0.0,0.747232264484587,None + Linear-SVM,unconscious,unconscious,False,Image,False,2,0,3,3
823,sub-03,lh-superiorfrontal,0.28,-0.2,0.4000000000000001,0.7346297590239497,None + Linear-SVM,unconscious,unconscious,False,Image,False,2,2,3,3
824,sub-03,lh-superiorfrontal,0.375,-0.31754264805429416,0.18181818181818182,0.6938733174141277,None + Linear-SVM,unconscious,unconscious,False,Image,False,3,1,7,2
825,sub-03,lh-superiorfrontal,0.2666666666666666,-0.6,0.0,0.7399102525406436,None + Linear-SVM,unconscious,unconscious,False,Image,False,2,0,3,3
826,sub-03,lh-superiorfrontal,0.4,-0.15811388300841897,0.3333333333333333,0.7032558042653339,None + Linear-SVM,unconscious,unconscious,False,Image,False,3,2,6,2
827,sub-03,lh-superiorfrontal,0.36,-0.18898223650461363,0.47058823529411764,0.7101408006582516,None + Linear-SVM,unconscious,unconscious,False,Image,False,2,4,6,3
828,sub-03,lh-superiorfrontal,0.4333333333333333,-0.2608745973749754,0.2222222222222222,0.6894805140604616,None + Linear-SVM,unconscious,unconscious,False,Image,False,3,1,5,2
829,sub-03,lh-superiorfrontal,0.36666666666666664,-0.26666666666666666,0.3636363636363636,0.7192979282391883,None + Linear-SVM,unconscious,unconscious,False,Image,False,2,2,4,3
830,sub-03,lh-superiorfrontal,0.4,-0.31622776601683794,0.0,0.7104315040896658,None + Linear-SVM,unconscious,unconscious,False,Image,False,3,0,1,2
831,sub-03,lh-superiorfrontal,0.39999999999999997,-0.2182178902359924,0.25,0.6992764794176363,None + Linear-SVM,unconscious,unconscious,False,Image,False,3,1,4,2
832,sub-03,lh-superiorfrontal,0.56,0.0,0.4444444444444445,0.6707856192406728,None + Linear-SVM,unconscious,unconscious,False,Image,False,3,2,3,2
833,sub-03,lh-superiorfrontal,0.6,-0.09128709291752768,0.3333333333333333,0.7177679600243643,None + Linear-SVM,unconscious,unconscious,False,Image,False,2,1,1,3
834,sub-03,lh-superiorfrontal,0.48,-0.1,0.4,0.7106366796245579,None + Linear-SVM,unconscious,unconscious,False,Image,False,3,3,7,2
835,sub-03,lh-superiorfrontal,0.44,-0.2,0.4000000000000001,0.6920902130104374,None + Linear-SVM,unconscious,unconscious,False,Image,False,2,2,3,3
836,sub-03,lh-superiorfrontal,0.5333333333333333,-0.06666666666666667,0.3333333333333333,0.6939760782352931,None + Linear-SVM,unconscious,unconscious,False,Image,False,3,1,2,2
837,sub-03,lh-superiorfrontal,0.44999999999999996,-0.35,0.25,0.7057743447500276,None + Linear-SVM,unconscious,unconscious,False,Image,False,2,1,3,3
838,sub-03,lh-superiorfrontal,0.6,0.0,0.4444444444444445,0.6799971767332039,None + Linear-SVM,unconscious,unconscious,False,Image,False,3,2,3,2
839,sub-03,lh-superiorfrontal,0.3666666666666667,-0.5163977794943223,0.0,0.7030083667150054,None + Linear-SVM,unconscious,unconscious,False,Image,False,3,0,6,2
840,sub-03,lh-superiorfrontal,0.42857142857142855,-0.29277002188455997,0.2,0.6856401712372535,None + Linear-SVM,unconscious,unconscious,False,Image,False,3,1,6,2
841,sub-03,lh-superiorfrontal,0.32,-0.2,0.4000000000000001,0.7038260380342586,None + Linear-SVM,unconscious,unconscious,False,Image,False,2,2,3,3
842,sub-03,lh-superiorfrontal,0.6,0.0,0.4444444444444445,0.6838069301620767,None + Linear-SVM,unconscious,unconscious,False,Image,False,3,2,3,2
843,sub-03,lh-superiorfrontal,0.3,-0.35,0.25,0.7179534704769603,None + Linear-SVM,unconscious,unconscious,False,Image,False,2,1,3,3
844,sub-03,lh-superiorfrontal,0.44,-0.2,0.4000000000000001,0.694718585546349,None + Linear-SVM,unconscious,unconscious,False,Image,False,2,2,3,3
845,sub-03,lh-superiorfrontal,0.4666666666666666,-0.06900655593423542,0.4,0.6901753923794206,None + Linear-SVM,unconscious,unconscious,False,Image,False,3,2,4,2
846,sub-03,lh-superiorfrontal,0.375,-0.21957751641341997,0.42857142857142855,0.7135724433335118,None + Linear-SVM,unconscious,unconscious,False,Image,False,2,3,5,3
847,sub-03,lh-superiorfrontal,0.7,0.09128709291752768,0.4,0.6972312908621942,None + Linear-SVM,unconscious,unconscious,False,Image,False,3,1,1,2
848,sub-03,lh-superiorfrontal,0.5,-0.2608745973749754,0.2222222222222222,0.6741565154701878,None + Linear-SVM,unconscious,unconscious,False,Image,False,3,1,5,2
849,sub-03,lh-superiorfrontal,0.5,-0.06900655593423542,0.4,0.6887125182401573,None + Linear-SVM,unconscious,unconscious,False,Image,False,3,2,4,2
850,sub-03,lh-superiorfrontal,0.27999999999999997,-0.28867513459481287,0.37499999999999994,0.7170338879643731,None + Linear-SVM,unconscious,unconscious,False,Image,False,2,3,7,3
851,sub-03,lh-superiorfrontal,0.52,-0.1,0.4,0.6703638825889208,None + Linear-SVM,unconscious,unconscious,False,Image,False,3,3,7,2
852,sub-03,lh-superiorfrontal,0.575,-0.025,0.4615384615384615,0.6795152527648309,None + Linear-SVM,unconscious,unconscious,False,Image,False,3,3,5,2
853,sub-03,lh-superiorfrontal,0.42000000000000004,-0.09449111825230681,0.5555555555555556,0.6858716799781723,None + Linear-SVM,unconscious,unconscious,False,Image,False,2,5,5,3
854,sub-03,lh-superiorfrontal,0.3142857142857143,-0.1690308509457033,0.4615384615384615,0.7054191641523112,None + Linear-SVM,unconscious,unconscious,False,Image,False,2,3,4,3
855,sub-03,lh-superiorfrontal,0.4285714285714286,-0.29277002188455997,0.2,0.6967143311348719,None + Linear-SVM,unconscious,unconscious,False,Image,False,3,1,6,2
856,sub-03,lh-superiorfrontal,0.45,-0.15811388300841897,0.3333333333333333,0.7093511259509643,None + Linear-SVM,unconscious,unconscious,False,Image,False,3,2,6,2
857,sub-03,lh-superiorfrontal,0.56,-0.1,0.4,0.6856082368415546,None + Linear-SVM,unconscious,unconscious,False,Image,False,3,3,7,2
858,sub-03,lh-superiorfrontal,0.42857142857142855,-0.29277002188455997,0.2,0.7025936995004359,None + Linear-SVM,unconscious,unconscious,False,Image,False,3,1,6,2
859,sub-03,lh-superiorfrontal,0.5,-0.06900655593423542,0.4,0.6804494721597617,None + Linear-SVM,unconscious,unconscious,False,Image,False,3,2,4,2
860,sub-03,lh-superiorfrontal,0.6,0.04303314829119352,0.5333333333333333,0.6617197771019789,None + Linear-SVM,unconscious,unconscious,False,Image,False,3,4,5,2
861,sub-03,lh-superiorfrontal,0.35,-0.1,0.4444444444444445,0.6989066700267175,None + Linear-SVM,unconscious,unconscious,False,Image,False,2,2,2,3
862,sub-03,lh-superiorfrontal,0.4333333333333333,-0.2608745973749754,0.2222222222222222,0.7040399088120504,None + Linear-SVM,unconscious,unconscious,False,Image,False,3,1,5,2
863,sub-03,lh-superiorfrontal,0.8,0.5976143046671968,0.6666666666666666,0.6716724451094374,None + Linear-SVM,unconscious,unconscious,False,Image,False,5,2,2,0
864,sub-03,lh-superiorfrontal,0.6,-0.06666666666666667,0.3333333333333333,0.6736130042445319,None + Linear-SVM,unconscious,unconscious,False,Image,False,3,1,2,2
865,sub-03,lh-superiorfrontal,0.8333333333333334,0.3333333333333333,0.5,0.6773399750395386,None + Linear-SVM,unconscious,unconscious,False,Image,False,5,1,1,1
866,sub-03,lh-superiorfrontal,0.8095238095238095,0.5476190476190477,0.7692307692307692,0.6553353554031701,None + Linear-SVM,unconscious,unconscious,False,Image,False,5,5,2,1
867,sub-03,lh-superiorfrontal,0.7222222222222223,0.50709255283711,0.7272727272727272,0.6782867497349092,None + Linear-SVM,unconscious,unconscious,False,Image,False,5,4,2,1
868,sub-03,lh-superiorfrontal,0.625,0.28867513459481287,0.6666666666666666,0.6860802087467197,None + Linear-SVM,unconscious,unconscious,False,Image,False,4,5,3,2
869,sub-03,lh-superiorfrontal,0.6388888888888888,0.3535533905932738,0.6,0.686715290362228,None + Linear-SVM,unconscious,unconscious,False,Image,False,5,3,3,1
870,sub-03,lh-superiorfrontal,0.38888888888888884,-0.31622776601683794,0.25,0.7074100452143426,None + Linear-SVM,unconscious,unconscious,False,Image,False,2,1,2,4
871,sub-03,lh-superiorfrontal,0.5666666666666667,0.2608745973749754,0.5,0.6962315953321795,None + Linear-SVM,unconscious,unconscious,False,Image,False,5,2,3,1
872,sub-03,lh-superiorfrontal,0.7083333333333334,0.4583333333333333,0.7142857142857143,0.6750325233428297,None + Linear-SVM,unconscious,unconscious,False,Image,False,5,5,3,1
873,sub-03,lh-superiorfrontal,0.38888888888888884,-0.31622776601683794,0.25,0.7112346109185922,None + Linear-SVM,unconscious,unconscious,False,Image,False,2,1,2,4
874,sub-03,lh-superiorfrontal,0.6458333333333334,0.4583333333333333,0.7142857142857143,0.694205297995739,None + Linear-SVM,unconscious,unconscious,False,Image,False,5,5,3,1
875,sub-03,lh-superiorfrontal,0.5833333333333333,0.2581988897471611,0.6666666666666665,0.6910081475017522,None + Linear-SVM,unconscious,unconscious,False,Image,False,4,6,4,2
876,sub-03,lh-superiorfrontal,0.8055555555555556,0.50709255283711,0.7272727272727272,0.6661603469385013,None + Linear-SVM,unconscious,unconscious,False,Image,False,5,4,2,1
877,sub-03,lh-superiorfrontal,0.5,0.19245008972987526,0.4444444444444444,0.6910030752801957,None + Linear-SVM,unconscious,unconscious,False,Image,False,5,2,4,1
878,sub-03,lh-superiorfrontal,0.8333333333333334,-0.16666666666666666,0.0,0.679675797523342,None + Linear-SVM,unconscious,unconscious,False,Image,False,5,0,1,1
879,sub-03,lh-superiorfrontal,0.7000000000000001,0.4485426135725303,0.6666666666666665,0.6780987704855305,None + Linear-SVM,unconscious,unconscious,False,Image,False,5,3,2,1
880,sub-03,lh-superiorfrontal,0.8666666666666667,0.6333333333333333,0.8000000000000002,0.66105523786542,None + Linear-SVM,unconscious,unconscious,False,Image,False,5,4,1,1
881,sub-03,lh-superiorfrontal,0.5,0.0,0.0,0.6916371443036589,None + Linear-SVM,unconscious,unconscious,False,Image,False,6,0,2,0
882,sub-03,lh-superiorfrontal,0.5833333333333333,0.16265001215808886,0.588235294117647,0.6942737328845945,None + Linear-SVM,unconscious,unconscious,False,Image,False,4,5,5,2
883,sub-03,lh-superiorfrontal,0.5,0.06900655593423542,0.4444444444444445,0.6864483721164936,None + Linear-SVM,unconscious,unconscious,False,Image,False,4,2,3,2
884,sub-03,lh-superiorfrontal,0.7222222222222222,0.1889822365046136,0.4,0.6712018047994563,None + Linear-SVM,unconscious,unconscious,False,Image,False,5,1,2,1
885,sub-03,lh-superiorfrontal,0.5833333333333334,0.0,0.4444444444444445,0.6839035202476749,None + Linear-SVM,unconscious,unconscious,False,Image,False,3,2,2,3
886,sub-03,lh-superiorfrontal,0.6666666666666667,0.26666666666666666,0.6,0.6612074032762864,None + Linear-SVM,unconscious,unconscious,False,Image,False,4,3,2,2
887,sub-03,lh-superiorfrontal,0.8333333333333334,0.6666666666666666,0.8333333333333334,0.6756735941634603,None + Linear-SVM,unconscious,unconscious,False,Image,False,5,5,1,1
888,sub-03,lh-superiorfrontal,0.7142857142857144,0.4147575310031266,0.6666666666666666,0.6685120617445828,None + Linear-SVM,unconscious,unconscious,False,Image,False,5,4,3,1
889,sub-03,lh-superiorfrontal,0.6666666666666666,0.4485426135725303,0.6666666666666665,0.680413836913043,None + Linear-SVM,unconscious,unconscious,False,Image,False,5,3,2,1
890,sub-03,lh-superiorfrontal,0.8,0.4485426135725303,0.6666666666666665,0.6676989126620647,None + Linear-SVM,unconscious,unconscious,False,Image,False,5,3,2,1
891,sub-03,lh-superiorfrontal,0.5,0.0,0.4444444444444445,0.6955596276184354,None + Linear-SVM,unconscious,unconscious,False,Image,False,3,2,2,3
892,sub-03,lh-superiorfrontal,0.5333333333333333,0.06900655593423542,0.4444444444444445,0.6872299898689351,None + Linear-SVM,unconscious,unconscious,False,Image,False,4,2,3,2
893,sub-03,lh-superiorfrontal,0.6666666666666667,0.3333333333333333,0.6666666666666666,0.671509171651531,None + Linear-SVM,unconscious,unconscious,False,Image,False,4,4,2,2
894,sub-03,lh-superiorfrontal,0.4791666666666667,0.22821773229381923,0.5,0.7040039333407279,None + Linear-SVM,unconscious,unconscious,False,Image,False,5,3,5,1
895,sub-03,lh-superiorfrontal,0.5,-0.2182178902359924,0.0,0.6826717618274972,None + Linear-SVM,unconscious,unconscious,False,Image,False,5,0,2,1
896,sub-03,lh-superiorfrontal,0.8611111111111112,0.6666666666666666,0.8333333333333334,0.6577111166094374,None + Linear-SVM,unconscious,unconscious,False,Image,False,5,5,1,1
897,sub-03,lh-superiorfrontal,0.7222222222222223,0.50709255283711,0.7272727272727272,0.6713089089091611,None + Linear-SVM,unconscious,unconscious,False,Image,False,5,4,2,1
898,sub-03,lh-superiorfrontal,0.6666666666666667,0.3578300267477955,0.7368421052631577,0.691745520708174,None + Linear-SVM,unconscious,unconscious,False,Image,False,4,7,3,2
899,sub-03,lh-superiorfrontal,0.75,0.5163977794943222,0.7777777777777777,0.6605195382026137,None + Linear-SVM,unconscious,unconscious,False,Image,False,5,7,3,1
900,sub-03,lh-superiorfrontal,0.8333333333333334,0.7083333333333334,0.875,0.6687395209668222,None + Linear-SVM,unconscious,unconscious,False,Image,False,5,7,1,1
901,sub-03,lh-superiorfrontal,0.7833333333333334,0.6180700462007377,0.8421052631578948,0.6688946138364471,None + Linear-SVM,unconscious,unconscious,False,Image,False,5,8,2,1
902,sub-03,lh-superiorfrontal,0.5714285714285714,0.07142857142857142,0.5714285714285714,0.6883113250716719,None + Linear-SVM,unconscious,unconscious,False,Image,False,3,4,3,3
903,sub-03,lh-superiorfrontal,0.6904761904761905,0.4147575310031266,0.6666666666666666,0.6808290166008558,None + Linear-SVM,unconscious,unconscious,False,Image,False,5,4,3,1
904,sub-03,lh-superiorfrontal,0.5625,0.16666666666666666,0.5714285714285715,0.6919718943469277,None + Linear-SVM,unconscious,unconscious,False,Image,False,4,4,4,2
905,sub-03,lh-superiorfrontal,0.6,0.16265001215808886,0.588235294117647,0.6771871577362958,None + Linear-SVM,unconscious,unconscious,False,Image,False,4,5,5,2
906,sub-03,lh-superiorfrontal,0.6190476190476191,0.23809523809523808,0.6153846153846153,0.6879243292891962,None + Linear-SVM,unconscious,unconscious,False,Image,False,4,4,3,2
907,sub-03,lh-superiorfrontal,0.7500000000000001,0.50709255283711,0.7272727272727272,0.6608786628686343,None + Linear-SVM,unconscious,unconscious,False,Image,False,5,4,2,1
908,sub-03,lh-superiorfrontal,0.8518518518518519,0.600099198148979,0.823529411764706,0.6529485470391589,None + Linear-SVM,unconscious,unconscious,False,Image,False,5,7,2,1
909,sub-03,lh-superiorfrontal,0.6666666666666666,0.3563483225498992,0.5714285714285715,0.6816972103467769,None + Linear-SVM,unconscious,unconscious,False,Image,False,5,2,2,1
910,sub-03,lh-superiorfrontal,0.6666666666666667,0.3333333333333333,0.6666666666666666,0.6809132745552788,None + Linear-SVM,unconscious,unconscious,False,Image,False,4,4,2,2
911,sub-03,lh-superiorfrontal,0.75,0.3563483225498992,0.5714285714285715,0.6598472342940227,None + Linear-SVM,unconscious,unconscious,False,Image,False,5,2,2,1
912,sub-03,lh-superiorfrontal,0.888888888888889,0.5,0.6666666666666666,0.6611266285352922,None + Linear-SVM,unconscious,unconscious,False,Image,False,5,2,1,1
913,sub-03,lh-superiorfrontal,0.75,0.25,0.5,0.6907932835516961,None + Linear-SVM,unconscious,unconscious,False,Image,False,3,1,1,1
914,sub-03,lh-superiorfrontal,0.7499999999999999,0.4485426135725303,0.7692307692307692,0.6616263637240856,None + Linear-SVM,unconscious,unconscious,False,Image,False,3,5,2,1
915,sub-03,lh-superiorfrontal,0.5416666666666667,0.0890870806374748,0.4444444444444444,0.6921527949371755,None + Linear-SVM,unconscious,unconscious,False,Image,False,3,2,4,1
916,sub-03,lh-superiorfrontal,0.53125,0.23904572186687872,0.6153846153846154,0.6939645566477268,None + Linear-SVM,unconscious,unconscious,False,Image,False,3,4,4,1
917,sub-03,lh-superiorfrontal,0.5416666666666666,0.25,0.6,0.7028168134890149,None + Linear-SVM,unconscious,unconscious,False,Image,False,3,3,3,1
918,sub-03,lh-superiorfrontal,0.25,-0.4166666666666667,0.28571428571428575,0.7425092409458404,None + Linear-SVM,unconscious,unconscious,False,Image,False,1,1,2,3
919,sub-03,lh-superiorfrontal,0.25,-0.31622776601683794,0.25,0.7297558504299787,None + Linear-SVM,unconscious,unconscious,False,Image,False,2,1,4,2
920,sub-03,lh-superiorfrontal,0.46875,0.125,0.5,0.6915338415561635,None + Linear-SVM,unconscious,unconscious,False,Image,False,3,3,5,1
921,sub-03,lh-superiorfrontal,0.08333333333333333,-0.75,0.0,0.747066270876555,None + Linear-SVM,unconscious,unconscious,False,Image,False,1,0,3,3
922,sub-03,lh-superiorfrontal,0.4375,0.125,0.5,0.7117720760474294,None + Linear-SVM,unconscious,unconscious,False,Image,False,3,3,5,1
923,sub-03,lh-superiorfrontal,0.3,-0.18856180831641267,0.4,0.704997260174491,None + Linear-SVM,unconscious,unconscious,False,Image,False,2,3,7,2
924,sub-03,lh-superiorfrontal,0.625,0.25,0.6,0.6793353703096496,None + Linear-SVM,unconscious,unconscious,False,Image,False,3,3,3,1
925,sub-03,lh-superiorfrontal,0.375,-0.16666666666666666,0.4,0.7182481026011078,None + Linear-SVM,unconscious,unconscious,False,Image,False,2,2,4,2
926,sub-03,lh-superiorfrontal,0.75,-0.25,0.0,0.7100758083312195,None + Linear-SVM,unconscious,unconscious,False,Image,False,3,0,1,1
927,sub-03,lh-superiorfrontal,0.55,0.15811388300841897,0.5,0.6910245170687653,None + Linear-SVM,unconscious,unconscious,False,Image,False,3,2,3,1
928,sub-03,lh-superiorfrontal,0.8,0.35,0.6666666666666665,0.6661342758846456,None + Linear-SVM,unconscious,unconscious,False,Image,False,3,3,2,1
929,sub-03,lh-superiorfrontal,0.5,0.0,0.0,0.7115684378604685,None + Linear-SVM,unconscious,unconscious,False,Image,False,4,0,2,0
930,sub-03,lh-superiorfrontal,0.45,-0.09128709291752768,0.5,0.7144117882468065,None + Linear-SVM,unconscious,unconscious,False,Image,False,2,4,6,2
931,sub-03,lh-superiorfrontal,0.30000000000000004,-0.05976143046671968,0.28571428571428575,0.6999050827099583,None + Linear-SVM,unconscious,unconscious,False,Image,False,3,1,4,1
932,sub-03,lh-superiorfrontal,0.5833333333333334,0.09128709291752768,0.4,0.688761045963335,None + Linear-SVM,unconscious,unconscious,False,Image,False,3,1,2,1
933,sub-03,lh-superiorfrontal,0.375,-0.2581988897471611,0.28571428571428575,0.7027524321575691,None + Linear-SVM,unconscious,unconscious,False,Image,False,2,1,3,2
934,sub-03,lh-superiorfrontal,0.6,0.47809144373375745,0.5714285714285715,0.6726729487102114,None + Linear-SVM,unconscious,unconscious,False,Image,False,4,2,3,0
935,sub-03,lh-superiorfrontal,0.5,-0.10206207261596577,0.25,0.6932735644017453,None + Linear-SVM,unconscious,unconscious,False,Image,False,3,1,5,1
936,sub-03,lh-superiorfrontal,0.5357142857142857,0.3105295017040594,0.6666666666666666,0.6818892522848995,None + Linear-SVM,unconscious,unconscious,False,Image,False,3,4,3,1
937,sub-03,lh-superiorfrontal,0.4,0.15811388300841897,0.5,0.7053601490909739,None + Linear-SVM,unconscious,unconscious,False,Image,False,3,2,3,1
938,sub-03,lh-superiorfrontal,0.6000000000000001,0.15811388300841897,0.5,0.6787106958097845,None + Linear-SVM,unconscious,unconscious,False,Image,False,3,2,3,1
939,sub-03,lh-superiorfrontal,0.375,0.0,0.3333333333333333,0.7262875753022267,None + Linear-SVM,unconscious,unconscious,False,Image,False,3,1,3,1
940,sub-03,lh-superiorfrontal,0.4,-0.1,0.4444444444444445,0.6938356633937116,None + Linear-SVM,unconscious,unconscious,False,Image,False,2,2,3,2
941,sub-03,lh-superiorfrontal,0.5833333333333333,0.25,0.6,0.6827636239608614,None + Linear-SVM,unconscious,unconscious,False,Image,False,3,3,3,1
942,sub-03,lh-superiorfrontal,0.40625,0.125,0.5,0.7222662390512634,None + Linear-SVM,unconscious,unconscious,False,Image,False,3,3,5,1
943,sub-03,lh-superiorfrontal,0.5,0.0,0.0,0.6997854126104966,None + Linear-SVM,unconscious,unconscious,False,Image,False,4,0,2,0
944,sub-03,lh-superiorfrontal,0.6666666666666667,0.25,0.6,0.6754559322295675,None + Linear-SVM,unconscious,unconscious,False,Image,False,3,3,3,1
945,sub-03,lh-superiorfrontal,0.6666666666666667,0.25,0.6,0.6820635313731394,None + Linear-SVM,unconscious,unconscious,False,Image,False,3,3,3,1
946,sub-03,lh-superiorfrontal,0.42500000000000004,0.18856180831641267,0.7368421052631577,0.7036362522107368,None + Linear-SVM,unconscious,unconscious,False,Image,False,2,7,3,2
947,sub-03,lh-superiorfrontal,0.55,0.05,0.4285714285714285,0.6735050799141951,None + Linear-SVM,unconscious,unconscious,False,Image,False,3,3,7,1
948,sub-03,lh-superiorfrontal,0.5625,0.0,0.5714285714285715,0.6790293045872162,None + Linear-SVM,unconscious,unconscious,False,Image,False,2,4,4,2
949,sub-03,lh-superiorfrontal,0.55,0.22821773229381923,0.625,0.6767189284389395,None + Linear-SVM,unconscious,unconscious,False,Image,False,3,5,5,1
950,sub-03,lh-superiorfrontal,0.3571428571428571,-0.06900655593423542,0.5,0.7086034430467851,None + Linear-SVM,unconscious,unconscious,False,Image,False,2,3,4,2
951,sub-03,lh-superiorfrontal,0.5714285714285714,0.17857142857142858,0.5454545454545454,0.6997745410960179,None + Linear-SVM,unconscious,unconscious,False,Image,False,3,3,4,1
952,sub-03,lh-superiorfrontal,0.34375,-0.11952286093343936,0.4615384615384615,0.7239226153098942,None + Linear-SVM,unconscious,unconscious,False,Image,False,2,3,5,2
953,sub-03,lh-superiorfrontal,0.4,-0.18856180831641267,0.4,0.6904362799712371,None + Linear-SVM,unconscious,unconscious,False,Image,False,2,3,7,2
954,sub-03,lh-superiorfrontal,0.35714285714285715,-0.21428571428571427,0.36363636363636365,0.7067408031677261,None + Linear-SVM,unconscious,unconscious,False,Image,False,2,2,5,2
955,sub-03,lh-superiorfrontal,0.6666666666666667,0.25,0.6,0.6667312489862289,None + Linear-SVM,unconscious,unconscious,False,Image,False,3,3,3,1
956,sub-03,lh-superiorfrontal,0.6388888888888888,0.2828894749305018,0.6666666666666667,0.6655555398335599,None + Linear-SVM,unconscious,unconscious,False,Image,False,3,5,4,1
957,sub-03,lh-superiorfrontal,0.5625,0.2581988897471611,0.5714285714285715,0.6938721338636666,None + Linear-SVM,unconscious,unconscious,False,Image,False,3,2,2,1
958,sub-03,lh-superiorfrontal,0.5,0.25,0.6,0.6993609352896439,None + Linear-SVM,unconscious,unconscious,False,Image,False,3,3,3,1
959,sub-03,lh-superiorfrontal,0.75,0.5773502691896258,0.6666666666666666,0.663847419142839,None + Linear-SVM,unconscious,unconscious,False,Image,False,4,2,2,0
960,sub-03,lh-superiorfrontal,0.6666666666666666,0.09128709291752768,0.4,0.6789047814822461,None + Linear-SVM,unconscious,unconscious,False,Image,False,3,1,2,1
961,sub-03,lh-superiorfrontal,0.75,0.14907119849998599,0.4,0.7115297476389106,None + Linear-SVM,unconscious,unconscious,False,Image,False,4,1,1,2
962,sub-03,lh-superiorfrontal,0.6190476190476191,0.23809523809523808,0.6153846153846153,0.6769842033656317,None + Linear-SVM,unconscious,unconscious,False,Image,False,4,4,3,2
963,sub-03,lh-superiorfrontal,0.36111111111111116,-0.1690308509457033,0.3636363636363636,0.7104368342252192,None + Linear-SVM,unconscious,unconscious,False,Image,False,3,2,4,3
964,sub-03,lh-superiorfrontal,0.43750000000000006,-0.125,0.42857142857142855,0.7114683275319212,None + Linear-SVM,unconscious,unconscious,False,Image,False,3,3,5,3
965,sub-03,lh-superiorfrontal,0.38888888888888884,-0.1690308509457033,0.3636363636363636,0.7200608924596694,None + Linear-SVM,unconscious,unconscious,False,Image,False,3,2,4,3
966,sub-03,lh-superiorfrontal,0.22222222222222224,-0.5,0.2222222222222222,0.7498035377674512,None + Linear-SVM,unconscious,unconscious,False,Image,False,1,1,2,5
967,sub-03,lh-superiorfrontal,0.30000000000000004,-0.3105295017040594,0.22222222222222224,0.7306712600359926,None + Linear-SVM,unconscious,unconscious,False,Image,False,3,1,4,3
968,sub-03,lh-superiorfrontal,0.4166666666666667,0.0,0.5333333333333333,0.6969403780334983,None + Linear-SVM,unconscious,unconscious,False,Image,False,3,4,4,3
969,sub-03,lh-superiorfrontal,0.11111111111111112,-0.6324555320336759,0.0,0.7495339388516418,None + Linear-SVM,unconscious,unconscious,False,Image,False,2,0,3,4
970,sub-03,lh-superiorfrontal,0.45833333333333326,0.04303314829119352,0.4615384615384615,0.7110782446972366,None + Linear-SVM,unconscious,unconscious,False,Image,False,4,3,5,2
971,sub-03,lh-superiorfrontal,0.2833333333333333,-0.2,0.37499999999999994,0.719316454860356,None + Linear-SVM,unconscious,unconscious,False,Image,False,3,3,7,3
972,sub-03,lh-superiorfrontal,0.47222222222222227,-0.1690308509457033,0.3636363636363636,0.7003922348173788,None + Linear-SVM,unconscious,unconscious,False,Image,False,3,2,4,3
973,sub-03,lh-superiorfrontal,0.33333333333333337,-0.1690308509457033,0.3636363636363636,0.7221390924036374,None + Linear-SVM,unconscious,unconscious,False,Image,False,3,2,4,3
974,sub-03,lh-superiorfrontal,0.6666666666666667,-0.2581988897471611,0.0,0.7289365843114913,None + Linear-SVM,unconscious,unconscious,False,Image,False,4,0,1,2
975,sub-03,lh-superiorfrontal,0.43333333333333335,-0.1,0.4000000000000001,0.7072084169057218,None + Linear-SVM,unconscious,unconscious,False,Image,False,3,2,3,3
976,sub-03,lh-superiorfrontal,0.6333333333333333,0.06900655593423542,0.4444444444444445,0.6864305071720241,None + Linear-SVM,unconscious,unconscious,False,Image,False,4,2,3,2
977,sub-03,lh-superiorfrontal,0.5,0.0,0.0,0.7326845209407413,None + Linear-SVM,unconscious,unconscious,False,Image,False,6,0,2,0
978,sub-03,lh-superiorfrontal,0.3833333333333333,-0.09759000729485331,0.47058823529411764,0.7255255999632965,None + Linear-SVM,unconscious,unconscious,False,Image,False,3,4,6,3
979,sub-03,lh-superiorfrontal,0.4666666666666667,-0.1,0.4000000000000001,0.7056410643352922,None + Linear-SVM,unconscious,unconscious,False,Image,False,3,2,3,3
980,sub-03,lh-superiorfrontal,0.611111111111111,0.0,0.3333333333333333,0.7065149247818411,None + Linear-SVM,unconscious,unconscious,False,Image,False,4,1,2,2
981,sub-03,lh-superiorfrontal,0.41666666666666663,-0.25,0.25,0.7165095640165766,None + Linear-SVM,unconscious,unconscious,False,Image,False,3,1,3,3
982,sub-03,lh-superiorfrontal,0.6000000000000001,0.2608745973749754,0.5,0.68531864412618,None + Linear-SVM,unconscious,unconscious,False,Image,False,5,2,3,1
983,sub-03,lh-superiorfrontal,0.38888888888888895,-0.1690308509457033,0.3636363636363636,0.7126898491618469,None + Linear-SVM,unconscious,unconscious,False,Image,False,3,2,4,3
984,sub-03,lh-superiorfrontal,0.47619047619047616,-0.07142857142857142,0.4615384615384615,0.6975392798317114,None + Linear-SVM,unconscious,unconscious,False,Image,False,3,3,4,3
985,sub-03,lh-superiorfrontal,0.36666666666666664,-0.1,0.4000000000000001,0.7156633052103306,None + Linear-SVM,unconscious,unconscious,False,Image,False,3,2,3,3
986,sub-03,lh-superiorfrontal,0.5666666666666667,0.06900655593423542,0.4444444444444445,0.6935168492316508,None + Linear-SVM,unconscious,unconscious,False,Image,False,4,2,3,2
987,sub-03,lh-superiorfrontal,0.33333333333333337,-0.0890870806374748,0.28571428571428575,0.727081859677871,None + Linear-SVM,unconscious,unconscious,False,Image,False,4,1,3,2
988,sub-03,lh-superiorfrontal,0.3333333333333333,-0.26666666666666666,0.3636363636363636,0.7165661491347293,None + Linear-SVM,unconscious,unconscious,False,Image,False,2,2,3,4
989,sub-03,lh-superiorfrontal,0.4722222222222223,0.1690308509457033,0.5454545454545454,0.692139693030713,None + Linear-SVM,unconscious,unconscious,False,Image,False,4,3,3,2
990,sub-03,lh-superiorfrontal,0.3125,-0.125,0.42857142857142855,0.723450794874049,None + Linear-SVM,unconscious,unconscious,False,Image,False,3,3,5,3
991,sub-03,lh-superiorfrontal,0.5,0.0,0.0,0.7230937746674122,None + Linear-SVM,unconscious,unconscious,False,Image,False,6,0,2,0
992,sub-03,lh-superiorfrontal,0.5833333333333333,0.0,0.4,0.6871990380914402,None + Linear-SVM,unconscious,unconscious,False,Image,False,4,2,4,2
993,sub-03,lh-superiorfrontal,0.5555555555555556,0.0,0.4,0.6907577553948371,None + Linear-SVM,unconscious,unconscious,False,Image,False,4,2,4,2
994,sub-03,lh-superiorfrontal,0.35,-0.2,0.37499999999999994,0.7174370937476272,None + Linear-SVM,unconscious,unconscious,False,Image,False,3,3,7,3
995,sub-03,lh-superiorfrontal,0.5166666666666667,-0.034815531191139566,0.4,0.6787655289345786,None + Linear-SVM,unconscious,unconscious,False,Image,False,4,3,7,2
996,sub-03,lh-superiorfrontal,0.5416666666666666,0.04303314829119352,0.4615384615384615,0.6881359389391916,None + Linear-SVM,unconscious,unconscious,False,Image,False,4,3,5,2
997,sub-03,lh-superiorfrontal,0.5,0.0,0.5555555555555556,0.6877841798439168,None + Linear-SVM,unconscious,unconscious,False,Image,False,3,5,5,3
998,sub-03,lh-superiorfrontal,0.33333333333333337,-0.07142857142857142,0.4615384615384615,0.7104546795495732,None + Linear-SVM,unconscious,unconscious,False,Image,False,3,3,4,3
999,sub-03,lh-superiorfrontal,0.35714285714285715,-0.21957751641341997,0.3333333333333333,0.7200931747136768,None + Linear-SVM,unconscious,unconscious,False,Image,False,3,2,5,3
1000,sub-03,lh-superiorfrontal,0.35416666666666663,-0.125,0.42857142857142855,0.7252429012380655,None + Linear-SVM,unconscious,unconscious,False,Image,False,3,3,5,3
1001,sub-03,lh-superiorfrontal,0.36666666666666664,-0.2,0.37499999999999994,0.6984205491782324,None + Linear-SVM,unconscious,unconscious,False,Image,False,3,3,7,3
1002,sub-03,lh-superiorfrontal,0.38095238095238093,-0.07142857142857142,0.4615384615384615,0.7120055807665171,None + Linear-SVM,unconscious,unconscious,False,Image,False,3,3,4,3
1003,sub-03,lh-superiorfrontal,0.5277777777777778,0.0,0.4,0.6888432903517504,None + Linear-SVM,unconscious,unconscious,False,Image,False,4,2,4,2
1004,sub-03,lh-superiorfrontal,0.5370370370370371,0.1111111111111111,0.5333333333333333,0.6766969902084078,None + Linear-SVM,unconscious,unconscious,False,Image,False,4,4,5,2
1005,sub-03,lh-superiorfrontal,0.4166666666666667,-0.0890870806374748,0.28571428571428575,0.7154741366464413,None + Linear-SVM,unconscious,unconscious,False,Image,False,4,1,3,2
1006,sub-03,lh-superiorfrontal,0.38888888888888895,-0.1690308509457033,0.3636363636363636,0.708083282551109,None + Linear-SVM,unconscious,unconscious,False,Image,False,3,2,4,3
1007,sub-03,lh-superiorfrontal,0.75,0.6123724356957946,0.6666666666666666,0.6779291209593024,None + Linear-SVM,unconscious,unconscious,False,Image,False,6,2,2,0
1008,sub-03,lh-superiorfrontal,0.7222222222222222,0.0,0.3333333333333333,0.6881931811036796,None + Linear-SVM,unconscious,unconscious,False,Image,False,4,1,2,2
1009,sub-03,lh-superiorfrontal,0.7857142857142857,0.1889822365046136,0.4,0.704246872193703,None + Linear-SVM,unconscious,unconscious,False,Image,False,5,1,1,2
1010,sub-03,lh-superiorfrontal,0.7346938775510203,0.42857142857142855,0.7142857142857143,0.6697937533992998,None + Linear-SVM,unconscious,unconscious,False,Image,False,5,5,2,2
1011,sub-03,lh-superiorfrontal,0.4761904761904763,0.07142857142857142,0.5,0.7069842243028384,None + Linear-SVM,unconscious,unconscious,False,Image,False,4,3,3,3
1012,sub-03,lh-superiorfrontal,0.46428571428571425,0.07142857142857142,0.5333333333333333,0.7113493966219432,None + Linear-SVM,unconscious,unconscious,False,Image,False,4,4,4,3
1013,sub-03,lh-superiorfrontal,0.45238095238095233,-0.09759000729485333,0.3636363636363636,0.7112461988704044,None + Linear-SVM,unconscious,unconscious,False,Image,False,4,2,4,3
1014,sub-03,lh-superiorfrontal,0.23809523809523808,-0.5238095238095238,0.2,0.7391590461190689,None + Linear-SVM,unconscious,unconscious,False,Image,False,1,1,2,6
1015,sub-03,lh-superiorfrontal,0.22857142857142856,-0.23904572186687872,0.22222222222222224,0.7442971604250048,None + Linear-SVM,unconscious,unconscious,False,Image,False,4,1,4,3
1016,sub-03,lh-superiorfrontal,0.4107142857142857,-0.05455447255899809,0.42857142857142855,0.7014296036006511,None + Linear-SVM,unconscious,unconscious,False,Image,False,4,3,5,3
1017,sub-03,lh-superiorfrontal,0.2380952380952381,-0.3563483225498992,0.2222222222222222,0.7394800381458928,None + Linear-SVM,unconscious,unconscious,False,Image,False,2,1,2,5
1018,sub-03,lh-superiorfrontal,0.5,0.07142857142857142,0.5333333333333333,0.711167121087929,None + Linear-SVM,unconscious,unconscious,False,Image,False,4,4,4,3
1019,sub-03,lh-superiorfrontal,0.3,-0.13241022442571243,0.37499999999999994,0.7102612984784438,None + Linear-SVM,unconscious,unconscious,False,Image,False,4,3,7,3
1020,sub-03,lh-superiorfrontal,0.5,0.21957751641341997,0.5454545454545454,0.6968758706910846,None + Linear-SVM,unconscious,unconscious,False,Image,False,5,3,3,2
1021,sub-03,lh-superiorfrontal,0.30952380952380953,-0.23809523809523808,0.3333333333333333,0.737507250687181,None + Linear-SVM,unconscious,unconscious,False,Image,False,3,2,4,4
1022,sub-03,lh-superiorfrontal,0.7142857142857143,-0.2182178902359924,0.0,0.7244605111834803,None + Linear-SVM,unconscious,unconscious,False,Image,False,5,0,1,2
1023,sub-03,lh-superiorfrontal,0.5714285714285714,0.11952286093343936,0.4444444444444445,0.6957285892884063,None + Linear-SVM,unconscious,unconscious,False,Image,False,5,2,3,2
1024,sub-03,lh-superiorfrontal,0.7428571428571429,0.3142857142857143,0.6,0.6822526765091004,None + Linear-SVM,unconscious,unconscious,False,Image,False,5,3,2,2
1025,sub-03,lh-superiorfrontal,0.5,0.0,0.0,0.7253443625999786,None + Linear-SVM,unconscious,unconscious,False,Image,False,7,0,2,0
1026,sub-03,lh-superiorfrontal,0.5,0.1690308509457033,0.631578947368421,0.703506067319403,None + Linear-SVM,unconscious,unconscious,False,Image,False,4,6,4,3
1027,sub-03,lh-superiorfrontal,0.37142857142857144,-0.3142857142857143,0.3333333333333333,0.7097079887137636,None + Linear-SVM,unconscious,unconscious,False,Image,False,2,2,3,5
1028,sub-03,lh-superiorfrontal,0.7142857142857143,0.047619047619047616,0.3333333333333333,0.6999284964598057,None + Linear-SVM,unconscious,unconscious,False,Image,False,5,1,2,2
1029,sub-03,lh-superiorfrontal,0.5357142857142857,-0.17857142857142858,0.25,0.7058216282950367,None + Linear-SVM,unconscious,unconscious,False,Image,False,4,1,3,3
1030,sub-03,lh-superiorfrontal,0.5714285714285714,0.11952286093343936,0.4444444444444445,0.6890429615480334,None + Linear-SVM,unconscious,unconscious,False,Image,False,5,2,3,2
1031,sub-03,lh-superiorfrontal,0.5476190476190477,0.07142857142857142,0.5,0.6945199416867509,None + Linear-SVM,unconscious,unconscious,False,Image,False,4,3,3,3
1032,sub-03,lh-superiorfrontal,0.5918367346938775,0.28867513459481287,0.6153846153846153,0.6860208893355795,None + Linear-SVM,unconscious,unconscious,False,Image,False,5,4,3,2
1033,sub-03,lh-superiorfrontal,0.48571428571428577,0.11952286093343936,0.4444444444444445,0.7081792932336356,None + Linear-SVM,unconscious,unconscious,False,Image,False,5,2,3,2
1034,sub-03,lh-superiorfrontal,0.6571428571428571,0.3142857142857143,0.6,0.689026563806132,None + Linear-SVM,unconscious,unconscious,False,Image,False,5,3,2,2
1035,sub-03,lh-superiorfrontal,0.35714285714285715,-0.03857583749052298,0.28571428571428575,0.718550273967158,None + Linear-SVM,unconscious,unconscious,False,Image,False,5,1,3,2
1036,sub-03,lh-superiorfrontal,0.5142857142857143,-0.02857142857142857,0.4000000000000001,0.6982724558113884,None + Linear-SVM,unconscious,unconscious,False,Image,False,4,2,3,3
1037,sub-03,lh-superiorfrontal,0.5,0.21957751641341997,0.5454545454545454,0.6908938504115908,None + Linear-SVM,unconscious,unconscious,False,Image,False,5,3,3,2
1038,sub-03,lh-superiorfrontal,0.375,-0.05455447255899809,0.42857142857142855,0.7223564311086638,None + Linear-SVM,unconscious,unconscious,False,Image,False,4,3,5,3
1039,sub-03,lh-superiorfrontal,0.6428571428571428,-0.05976143046671968,0.28571428571428575,0.7115677496559354,None + Linear-SVM,unconscious,unconscious,False,Image,False,3,1,1,4
1040,sub-03,lh-superiorfrontal,0.6428571428571429,0.21957751641341997,0.5454545454545454,0.6882900180543451,None + Linear-SVM,unconscious,unconscious,False,Image,False,5,3,3,2
1041,sub-03,lh-superiorfrontal,0.6190476190476191,0.21957751641341997,0.5454545454545454,0.6921515375437355,None + Linear-SVM,unconscious,unconscious,False,Image,False,5,3,3,2
1042,sub-03,lh-superiorfrontal,0.3142857142857143,-0.2714285714285714,0.3529411764705882,0.7087627465703846,None + Linear-SVM,unconscious,unconscious,False,Image,False,3,3,7,4
1043,sub-03,lh-superiorfrontal,0.5714285714285715,0.21428571428571427,0.588235294117647,0.676655929329162,None + Linear-SVM,unconscious,unconscious,False,Image,False,5,5,5,2
1044,sub-03,lh-superiorfrontal,0.625,0.07142857142857142,0.5333333333333333,0.6843614631743067,None + Linear-SVM,unconscious,unconscious,False,Image,False,4,4,4,3
1045,sub-03,lh-superiorfrontal,0.5571428571428572,0.1690308509457033,0.631578947368421,0.6835194444638149,None + Linear-SVM,unconscious,unconscious,False,Image,False,4,6,4,3
1046,sub-03,lh-superiorfrontal,0.3469387755102041,-0.28867513459481287,0.39999999999999997,0.7157332903827758,None + Linear-SVM,unconscious,unconscious,False,Image,False,2,3,4,5
1047,sub-03,lh-superiorfrontal,0.42857142857142855,0.0,0.4615384615384615,0.7124050251782924,None + Linear-SVM,unconscious,unconscious,False,Image,False,4,3,4,3
1048,sub-03,lh-superiorfrontal,0.5,0.09449111825230681,0.4615384615384615,0.701331942227701,None + Linear-SVM,unconscious,unconscious,False,Image,False,5,3,5,2
1049,sub-03,lh-superiorfrontal,0.5,-0.02857142857142857,0.47058823529411764,0.6881765799916767,None + Linear-SVM,unconscious,unconscious,False,Image,False,4,4,6,3
1050,sub-03,lh-superiorfrontal,0.42857142857142855,0.0,0.4615384615384615,0.7109311070794435,None + Linear-SVM,unconscious,unconscious,False,Image,False,4,3,4,3
1051,sub-03,lh-superiorfrontal,0.6428571428571428,0.38095238095238093,0.6666666666666666,0.6771537411072406,None + Linear-SVM,unconscious,unconscious,False,Image,False,5,4,2,2
1052,sub-03,lh-superiorfrontal,0.7301587301587302,0.2698412698412698,0.6250000000000001,0.665139718217716,None + Linear-SVM,unconscious,unconscious,False,Image,False,5,5,4,2
1053,sub-03,lh-superiorfrontal,0.5,0.21428571428571427,0.5,0.7092040309004086,None + Linear-SVM,unconscious,unconscious,False,Image,False,5,2,2,2
1054,sub-03,lh-superiorfrontal,0.47619047619047616,0.05143444998736397,0.4,0.7034622073850486,None + Linear-SVM,unconscious,unconscious,False,Image,False,5,2,4,2
1055,sub-03,lh-superiorfrontal,0.6785714285714286,0.21428571428571427,0.5,0.6800381186850426,None + Linear-SVM,unconscious,unconscious,False,Image,False,5,2,2,2
1056,sub-03,lh-superiorfrontal,0.7619047619047619,0.047619047619047616,0.3333333333333333,0.693705291486239,None + Linear-SVM,unconscious,unconscious,False,Image,False,5,1,2,2
1057,sub-03,lh-superiorfrontal,0.35714285714285715,-0.2857142857142857,0.0,0.7952160778719186,None + Linear-SVM,unconscious,unconscious,False,Image,False,5,0,2,2
1058,sub-03,lh-superiorfrontal,0.4489795918367347,0.0,0.4615384615384615,0.721221279979522,None + Linear-SVM,unconscious,unconscious,False,Image,False,4,3,4,3
1059,sub-03,lh-superiorfrontal,0.09523809523809523,-0.6904761904761905,0.15384615384615383,0.7673636507120197,None + Linear-SVM,unconscious,unconscious,False,Image,False,1,1,5,6
1060,sub-03,lh-superiorfrontal,0.1607142857142857,-0.4642857142857143,0.26666666666666666,0.7758585462021852,None + Linear-SVM,unconscious,unconscious,False,Image,False,2,2,6,5
1061,sub-03,lh-superiorfrontal,0.11904761904761904,-0.6904761904761905,0.15384615384615383,0.7650462690272879,None + Linear-SVM,unconscious,unconscious,False,Image,False,1,1,5,6
1062,sub-03,lh-superiorfrontal,0.09523809523809523,-0.6546536707079772,0.0,0.8201648081453701,None + Linear-SVM,unconscious,unconscious,False,Image,False,2,0,3,5
1063,sub-03,lh-superiorfrontal,0.11428571428571428,-0.6571428571428571,0.16666666666666666,0.8007571845519109,None + Linear-SVM,unconscious,unconscious,False,Image,False,1,1,4,6
1064,sub-03,lh-superiorfrontal,0.19642857142857142,-0.32732683535398854,0.28571428571428575,0.7482592880579128,None + Linear-SVM,unconscious,unconscious,False,Image,False,3,2,6,4
1065,sub-03,lh-superiorfrontal,0.0,-0.8017837257372732,0.0,0.8448002192161237,None + Linear-SVM,unconscious,unconscious,False,Image,False,1,0,3,6
1066,sub-03,lh-superiorfrontal,0.17857142857142858,-0.4642857142857143,0.26666666666666666,0.7735354690305181,None + Linear-SVM,unconscious,unconscious,False,Image,False,2,2,6,5
1067,sub-03,lh-superiorfrontal,0.17142857142857146,-0.6479515952918626,0.22222222222222224,0.7585687517209067,None + Linear-SVM,unconscious,unconscious,False,Image,False,1,2,8,6
1068,sub-03,lh-superiorfrontal,0.2857142857142857,-0.23809523809523808,0.3333333333333333,0.7476782423690237,None + Linear-SVM,unconscious,unconscious,False,Image,False,3,2,4,4
1069,sub-03,lh-superiorfrontal,0.35714285714285715,0.05143444998736397,0.4,0.7760358540880166,None + Linear-SVM,unconscious,unconscious,False,Image,False,5,2,4,2
1070,sub-03,lh-superiorfrontal,0.1428571428571429,-0.4879500364742666,0.0,0.8249932211855991,None + Linear-SVM,unconscious,unconscious,False,Image,False,2,0,1,5
1071,sub-03,lh-superiorfrontal,0.17142857142857143,-0.37142857142857144,0.20000000000000004,0.7672032342184426,None + Linear-SVM,unconscious,unconscious,False,Image,False,3,1,4,4
1072,sub-03,lh-superiorfrontal,0.3714285714285714,-0.02857142857142857,0.4000000000000001,0.7387331463135309,None + Linear-SVM,unconscious,unconscious,False,Image,False,4,2,3,3
1073,sub-03,lh-superiorfrontal,0.35714285714285715,-0.2857142857142857,0.0,0.8370446507356726,None + Linear-SVM,unconscious,unconscious,False,Image,False,5,0,2,2
1074,sub-03,lh-superiorfrontal,0.18571428571428572,-0.5142857142857142,0.23529411764705882,0.7829209264926614,None + Linear-SVM,unconscious,unconscious,False,Image,False,2,2,8,5
1075,sub-03,lh-superiorfrontal,0.14285714285714288,-0.6571428571428571,0.16666666666666666,0.7664323788636477,None + Linear-SVM,unconscious,unconscious,False,Image,False,1,1,4,6
1076,sub-03,lh-superiorfrontal,0.23809523809523808,-0.5238095238095238,0.2,0.777580286936452,None + Linear-SVM,unconscious,unconscious,False,Image,False,1,1,2,6
1077,sub-03,lh-superiorfrontal,0.17857142857142858,-0.6071428571428571,0.18181818181818182,0.7870697285877004,None + Linear-SVM,unconscious,unconscious,False,Image,False,1,1,3,6
1078,sub-03,lh-superiorfrontal,0.45714285714285713,0.11952286093343936,0.4444444444444445,0.7345113585586182,None + Linear-SVM,unconscious,unconscious,False,Image,False,5,2,3,2
1079,sub-03,lh-superiorfrontal,0.09523809523809523,-0.6904761904761905,0.15384615384615383,0.7681450775632298,None + Linear-SVM,unconscious,unconscious,False,Image,False,1,1,5,6
1080,sub-03,lh-superiorfrontal,0.20408163265306123,-0.4472135954999579,0.16666666666666666,0.7455622742212297,None + Linear-SVM,unconscious,unconscious,False,Image,False,3,1,6,4
1081,sub-03,lh-superiorfrontal,0.11428571428571428,-0.50709255283711,0.1818181818181818,0.7786794497714143,None + Linear-SVM,unconscious,unconscious,False,Image,False,2,1,4,5
1082,sub-03,lh-superiorfrontal,0.28571428571428575,-0.09759000729485331,0.25,0.7523051802724461,None + Linear-SVM,unconscious,unconscious,False,Image,False,5,1,4,2
1083,sub-03,lh-superiorfrontal,0.2142857142857143,-0.4485426135725303,0.2,0.7965712671961614,None + Linear-SVM,unconscious,unconscious,False,Image,False,2,1,3,5
1084,sub-03,lh-superiorfrontal,0.28571428571428575,-0.09759000729485331,0.25,0.7641551698063821,None + Linear-SVM,unconscious,unconscious,False,Image,False,5,1,4,2
1085,sub-03,lh-superiorfrontal,0.30952380952380953,-0.09759000729485333,0.3636363636363636,0.7553066664922863,None + Linear-SVM,unconscious,unconscious,False,Image,False,4,2,4,3
1086,sub-03,lh-superiorfrontal,0.23214285714285712,-0.18898223650461363,0.3076923076923077,0.7957956425209062,None + Linear-SVM,unconscious,unconscious,False,Image,False,4,2,6,3
1087,sub-03,lh-superiorfrontal,0.35714285714285715,-0.2857142857142857,0.0,0.8009852999080831,None + Linear-SVM,unconscious,unconscious,False,Image,False,5,0,2,2
1088,sub-03,lh-superiorfrontal,0.30952380952380953,-0.23809523809523808,0.3333333333333333,0.7386097446624011,None + Linear-SVM,unconscious,unconscious,False,Image,False,3,2,4,4
1089,sub-03,lh-superiorfrontal,0.2619047619047619,-0.38095238095238093,0.30769230769230765,0.7520258280013353,None + Linear-SVM,unconscious,unconscious,False,Image,False,2,2,4,5
1090,sub-03,lh-superiorfrontal,0.042857142857142864,-0.7571428571428571,0.11764705882352941,0.7597535576992632,None + Linear-SVM,unconscious,unconscious,False,Image,False,1,1,9,6
1091,sub-03,lh-superiorfrontal,0.27142857142857146,-0.2714285714285714,0.3529411764705882,0.7269587007891873,None + Linear-SVM,unconscious,unconscious,False,Image,False,3,3,7,4
1092,sub-03,lh-superiorfrontal,0.2857142857142857,-0.3392857142857143,0.375,0.7284903892610418,None + Linear-SVM,unconscious,unconscious,False,Image,False,2,3,5,5
1093,sub-03,lh-superiorfrontal,0.24285714285714288,-0.2714285714285714,0.3529411764705882,0.7286543408405862,None + Linear-SVM,unconscious,unconscious,False,Image,False,3,3,7,4
1094,sub-03,lh-superiorfrontal,0.22448979591836735,-0.28867513459481287,0.30769230769230765,0.7710362240032163,None + Linear-SVM,unconscious,unconscious,False,Image,False,3,2,5,4
1095,sub-03,lh-superiorfrontal,0.10204081632653061,-0.7142857142857143,0.14285714285714285,0.7666770124474841,None + Linear-SVM,unconscious,unconscious,False,Image,False,1,1,6,6
1096,sub-03,lh-superiorfrontal,0.17857142857142858,-0.6071428571428571,0.25,0.7885752579785759,None + Linear-SVM,unconscious,unconscious,False,Image,False,1,2,6,6
1097,sub-03,lh-superiorfrontal,0.2571428571428571,-0.5493502655735357,0.3157894736842105,0.7411327931788476,None + Linear-SVM,unconscious,unconscious,False,Image,False,1,3,7,6
1098,sub-03,lh-superiorfrontal,0.14285714285714285,-0.5773502691896257,0.15384615384615383,0.7707352125677182,None + Linear-SVM,unconscious,unconscious,False,Image,False,2,1,6,5
1099,sub-03,lh-superiorfrontal,0.5,-0.09759000729485333,0.3636363636363636,0.7187578056830191,None + Linear-SVM,unconscious,unconscious,False,Image,False,4,2,4,3
1100,sub-03,lh-superiorfrontal,0.39682539682539686,0.015873015873015872,0.5,0.7023515965893607,None + Linear-SVM,unconscious,unconscious,False,Image,False,4,4,5,3
1101,sub-03,lh-superiorfrontal,0.25,-0.3105295017040594,0.22222222222222224,0.7698467242741125,None + Linear-SVM,unconscious,unconscious,False,Image,False,3,1,3,4
1102,sub-03,lh-superiorfrontal,0.23809523809523808,-0.23809523809523808,0.3333333333333333,0.7665784824086489,None + Linear-SVM,unconscious,unconscious,False,Image,False,3,2,4,4
1103,sub-03,lh-superiorfrontal,0.5714285714285714,0.21428571428571427,0.5,0.7396298146720461,None + Linear-SVM,unconscious,unconscious,False,Image,False,5,2,2,2
1104,sub-03,lh-superiorfrontal,0.5238095238095238,-0.0890870806374748,0.28571428571428575,0.7611164369444777,None + Linear-SVM,unconscious,unconscious,False,Image,False,4,1,2,3
1105,sub-03,lh-superiorfrontal,0.75,0.25,0.5,0.687657171288059,None + Linear-SVM,unconscious,unconscious,False,Image,False,3,1,1,1
1106,sub-03,lh-superiorfrontal,0.6785714285714285,0.3105295017040594,0.6666666666666666,0.6647138860017252,None + Linear-SVM,unconscious,unconscious,False,Image,False,3,4,3,1
1107,sub-03,lh-superiorfrontal,0.37500000000000006,-0.16666666666666666,0.4,0.6964603139020322,None + Linear-SVM,unconscious,unconscious,False,Image,False,2,2,4,2
1108,sub-03,lh-superiorfrontal,0.46875,0.23904572186687872,0.6153846153846154,0.7039134823465306,None + Linear-SVM,unconscious,unconscious,False,Image,False,3,4,4,1
1109,sub-03,lh-superiorfrontal,0.5,0.25,0.6,0.6973605045993865,None + Linear-SVM,unconscious,unconscious,False,Image,False,3,3,3,1
1110,sub-03,lh-superiorfrontal,0.25,-0.4166666666666667,0.28571428571428575,0.7318409646106429,None + Linear-SVM,unconscious,unconscious,False,Image,False,1,1,2,3
1111,sub-03,lh-superiorfrontal,0.44999999999999996,0.15811388300841897,0.5,0.7249976241458361,None + Linear-SVM,unconscious,unconscious,False,Image,False,3,2,3,1
1112,sub-03,lh-superiorfrontal,0.5625,0.23904572186687872,0.6153846153846154,0.6849308694775708,None + Linear-SVM,unconscious,unconscious,False,Image,False,3,4,4,1
1113,sub-03,lh-superiorfrontal,0.08333333333333333,-0.75,0.0,0.7435645108960189,None + Linear-SVM,unconscious,unconscious,False,Image,False,1,0,3,3
1114,sub-03,lh-superiorfrontal,0.5,0.125,0.5,0.7076968665621227,None + Linear-SVM,unconscious,unconscious,False,Image,False,3,3,5,1
1115,sub-03,lh-superiorfrontal,0.4,-0.09128709291752768,0.5,0.7079139847491401,None + Linear-SVM,unconscious,unconscious,False,Image,False,2,4,6,2
1116,sub-03,lh-superiorfrontal,0.5416666666666667,0.0890870806374748,0.4444444444444444,0.6879147581939261,None + Linear-SVM,unconscious,unconscious,False,Image,False,3,2,4,1
1117,sub-03,lh-superiorfrontal,0.375,0.0890870806374748,0.4444444444444444,0.7269023970179196,None + Linear-SVM,unconscious,unconscious,False,Image,False,3,2,4,1
1118,sub-03,lh-superiorfrontal,0.75,-0.25,0.0,0.7040167854292271,None + Linear-SVM,unconscious,unconscious,False,Image,False,3,0,1,1
1119,sub-03,lh-superiorfrontal,0.44999999999999996,0.15811388300841897,0.5,0.6962024685491439,None + Linear-SVM,unconscious,unconscious,False,Image,False,3,2,3,1
1120,sub-03,lh-superiorfrontal,0.8,0.55,0.8000000000000002,0.6609867023523729,None + Linear-SVM,unconscious,unconscious,False,Image,False,3,4,1,1
1121,sub-03,lh-superiorfrontal,0.5,0.0,0.0,0.7187838333315959,None + Linear-SVM,unconscious,unconscious,False,Image,False,4,0,2,0
1122,sub-03,lh-superiorfrontal,0.45,0.1414213562373095,0.5333333333333333,0.7193144225730989,None + Linear-SVM,unconscious,unconscious,False,Image,False,3,4,6,1
1123,sub-03,lh-superiorfrontal,0.5,-0.1,0.4444444444444445,0.6897423559241864,None + Linear-SVM,unconscious,unconscious,False,Image,False,2,2,3,2
1124,sub-03,lh-superiorfrontal,0.6666666666666666,0.09128709291752768,0.4,0.6831487644663369,None + Linear-SVM,unconscious,unconscious,False,Image,False,3,1,2,1
1125,sub-03,lh-superiorfrontal,0.5,0.0,0.3333333333333333,0.6947051229997145,None + Linear-SVM,unconscious,unconscious,False,Image,False,3,1,3,1
1126,sub-03,lh-superiorfrontal,0.6,0.15811388300841897,0.5,0.669794890461485,None + Linear-SVM,unconscious,unconscious,False,Image,False,3,2,3,1
1127,sub-03,lh-superiorfrontal,0.5,0.0,0.5454545454545454,0.6898703903362141,None + Linear-SVM,unconscious,unconscious,False,Image,False,2,3,3,2
1128,sub-03,lh-superiorfrontal,0.6071428571428572,0.3105295017040594,0.6666666666666666,0.6737113638597042,None + Linear-SVM,unconscious,unconscious,False,Image,False,3,4,3,1
1129,sub-03,lh-superiorfrontal,0.5,0.15811388300841897,0.5,0.6988651916150976,None + Linear-SVM,unconscious,unconscious,False,Image,False,3,2,3,1
1130,sub-03,lh-superiorfrontal,0.6000000000000001,0.35,0.6666666666666665,0.6774808779994086,None + Linear-SVM,unconscious,unconscious,False,Image,False,3,3,2,1
1131,sub-03,lh-superiorfrontal,0.375,0.0,0.3333333333333333,0.7138636728662753,None + Linear-SVM,unconscious,unconscious,False,Image,False,3,1,3,1
1132,sub-03,lh-superiorfrontal,0.4,-0.1,0.4444444444444445,0.7001478048419255,None + Linear-SVM,unconscious,unconscious,False,Image,False,2,2,3,2
1133,sub-03,lh-superiorfrontal,0.5416666666666666,0.25,0.6,0.6812693564447534,None + Linear-SVM,unconscious,unconscious,False,Image,False,3,3,3,1
1134,sub-03,lh-superiorfrontal,0.375,0.125,0.5,0.7179710173450552,None + Linear-SVM,unconscious,unconscious,False,Image,False,3,3,5,1
1135,sub-03,lh-superiorfrontal,0.375,-0.31622776601683794,0.0,0.7041951794000055,None + Linear-SVM,unconscious,unconscious,False,Image,False,3,0,2,1
1136,sub-03,lh-superiorfrontal,0.75,0.408248290463863,0.7272727272727272,0.6699721300137689,None + Linear-SVM,unconscious,unconscious,False,Image,False,3,4,2,1
1137,sub-03,lh-superiorfrontal,0.5,0.0890870806374748,0.4444444444444444,0.6834327929774873,None + Linear-SVM,unconscious,unconscious,False,Image,False,3,2,4,1
1138,sub-03,lh-superiorfrontal,0.5,-0.055048188256318034,0.30769230769230765,0.6950195256238413,None + Linear-SVM,unconscious,unconscious,False,Image,False,3,2,8,1
1139,sub-03,lh-superiorfrontal,0.625,0.31622776601683794,0.7058823529411764,0.6686700552008589,None + Linear-SVM,unconscious,unconscious,False,Image,False,3,6,4,1
1140,sub-03,lh-superiorfrontal,0.5625,0.23904572186687872,0.6153846153846154,0.6783834224747688,None + Linear-SVM,unconscious,unconscious,False,Image,False,3,4,4,1
1141,sub-03,lh-superiorfrontal,0.44999999999999996,-0.09128709291752768,0.5,0.6880736308111561,None + Linear-SVM,unconscious,unconscious,False,Image,False,2,4,6,2
1142,sub-03,lh-superiorfrontal,0.46428571428571425,-0.06900655593423542,0.5,0.6990375437908056,None + Linear-SVM,unconscious,unconscious,False,Image,False,2,3,4,2
1143,sub-03,lh-superiorfrontal,0.5714285714285714,0.3105295017040594,0.6666666666666666,0.6979586595053994,None + Linear-SVM,unconscious,unconscious,False,Image,False,3,4,3,1
1144,sub-03,lh-superiorfrontal,0.375,-0.11952286093343936,0.4615384615384615,0.7134780590209036,None + Linear-SVM,unconscious,unconscious,False,Image,False,2,3,5,2
1145,sub-03,lh-superiorfrontal,0.4,-0.18856180831641267,0.4,0.6952173321628524,None + Linear-SVM,unconscious,unconscious,False,Image,False,2,3,7,2
1146,sub-03,lh-superiorfrontal,0.39285714285714285,-0.21428571428571427,0.36363636363636365,0.7025799579622558,None + Linear-SVM,unconscious,unconscious,False,Image,False,2,2,5,2
1147,sub-03,lh-superiorfrontal,0.625,0.25,0.6,0.6714500341797716,None + Linear-SVM,unconscious,unconscious,False,Image,False,3,3,3,1
1148,sub-03,lh-superiorfrontal,0.7222222222222222,0.2828894749305018,0.6666666666666667,0.6531597884553056,None + Linear-SVM,unconscious,unconscious,False,Image,False,3,5,4,1
1149,sub-03,lh-superiorfrontal,0.5,0.2581988897471611,0.5714285714285715,0.7020830466220499,None + Linear-SVM,unconscious,unconscious,False,Image,False,3,2,2,1
1150,sub-03,lh-superiorfrontal,0.45833333333333337,0.0890870806374748,0.4444444444444444,0.7006600599603743,None + Linear-SVM,unconscious,unconscious,False,Image,False,3,2,4,1
1151,sub-03,lh-superiorfrontal,0.75,0.5773502691896258,0.6666666666666666,0.6632010990980355,None + Linear-SVM,unconscious,unconscious,False,Image,False,4,2,2,0
1152,sub-03,lh-superiorfrontal,0.8333333333333334,0.4166666666666667,0.6666666666666666,0.6606900388850879,None + Linear-SVM,unconscious,unconscious,False,Image,False,3,2,1,1
1153,sub-03,lh-superiorfrontal,0.7857142857142857,0.1889822365046136,0.4,0.6794032133741666,None + Linear-SVM,unconscious,unconscious,False,Image,False,5,1,1,2
1154,sub-03,lh-superiorfrontal,0.7959183673469388,0.4472135954999579,0.6666666666666666,0.6611967236155383,None + Linear-SVM,unconscious,unconscious,False,Image,False,6,4,3,1
1155,sub-03,lh-superiorfrontal,0.6190476190476191,0.05143444998736397,0.4,0.6801424823150397,None + Linear-SVM,unconscious,unconscious,False,Image,False,5,2,4,2
1156,sub-03,lh-superiorfrontal,0.5892857142857143,0.07142857142857142,0.5333333333333333,0.6869139457878646,None + Linear-SVM,unconscious,unconscious,False,Image,False,4,4,4,3
1157,sub-03,lh-superiorfrontal,0.5952380952380953,0.21957751641341997,0.5454545454545454,0.6828900852376878,None + Linear-SVM,unconscious,unconscious,False,Image,False,5,3,3,2
1158,sub-03,lh-superiorfrontal,0.38095238095238093,-0.2182178902359924,0.25,0.6986386402678116,None + Linear-SVM,unconscious,unconscious,False,Image,False,3,1,2,4
1159,sub-03,lh-superiorfrontal,0.4,-0.02857142857142857,0.4000000000000001,0.7011850674757844,None + Linear-SVM,unconscious,unconscious,False,Image,False,4,2,3,3
1160,sub-03,lh-superiorfrontal,0.625,0.19642857142857142,0.625,0.6797843398796013,None + Linear-SVM,unconscious,unconscious,False,Image,False,4,5,3,3
1161,sub-03,lh-superiorfrontal,0.23809523809523808,-0.5345224838248488,0.0,0.7114544762550858,None + Linear-SVM,unconscious,unconscious,False,Image,False,3,0,3,4
1162,sub-03,lh-superiorfrontal,0.5535714285714286,0.19642857142857142,0.625,0.6901137920487659,None + Linear-SVM,unconscious,unconscious,False,Image,False,4,5,3,3
1163,sub-03,lh-superiorfrontal,0.5571428571428572,0.07042952122737638,0.5555555555555556,0.6861588172441646,None + Linear-SVM,unconscious,unconscious,False,Image,False,4,5,5,3
1164,sub-03,lh-superiorfrontal,0.7619047619047619,0.21957751641341997,0.5454545454545454,0.6652625584390043,None + Linear-SVM,unconscious,unconscious,False,Image,False,5,3,3,2
1165,sub-03,lh-superiorfrontal,0.35714285714285715,-0.09759000729485333,0.3636363636363636,0.7086876212022806,None + Linear-SVM,unconscious,unconscious,False,Image,False,4,2,4,3
1166,sub-03,lh-superiorfrontal,0.8571428571428572,-0.14285714285714285,0.0,0.6855231051523079,None + Linear-SVM,unconscious,unconscious,False,Image,False,6,0,1,1
1167,sub-03,lh-superiorfrontal,0.6857142857142857,0.11952286093343936,0.4444444444444445,0.6756077501220493,None + Linear-SVM,unconscious,unconscious,False,Image,False,5,2,3,2
1168,sub-03,lh-superiorfrontal,0.8571428571428571,0.47809144373375745,0.6666666666666665,0.660412802957533,None + Linear-SVM,unconscious,unconscious,False,Image,False,6,3,2,1
1169,sub-03,lh-superiorfrontal,0.5,0.0,0.0,0.6917227708638016,None + Linear-SVM,unconscious,unconscious,False,Image,False,7,0,2,0
1170,sub-03,lh-superiorfrontal,0.6285714285714286,0.21428571428571427,0.588235294117647,0.6877005848913869,None + Linear-SVM,unconscious,unconscious,False,Image,False,5,5,5,2
1171,sub-03,lh-superiorfrontal,0.6857142857142857,0.11952286093343936,0.4444444444444445,0.6754447690019155,None + Linear-SVM,unconscious,unconscious,False,Image,False,5,2,3,2
1172,sub-03,lh-superiorfrontal,0.7619047619047619,0.2182178902359924,0.4,0.6759514138788615,None + Linear-SVM,unconscious,unconscious,False,Image,False,6,1,2,1
1173,sub-03,lh-superiorfrontal,0.5357142857142857,-0.17857142857142858,0.25,0.6828701958893425,None + Linear-SVM,unconscious,unconscious,False,Image,False,4,1,3,3
1174,sub-03,lh-superiorfrontal,0.7714285714285715,0.3142857142857143,0.6,0.66135224375058,None + Linear-SVM,unconscious,unconscious,False,Image,False,5,3,2,2
1175,sub-03,lh-superiorfrontal,0.6428571428571429,0.05143444998736397,0.4,0.6779944714418679,None + Linear-SVM,unconscious,unconscious,False,Image,False,5,2,4,2
1176,sub-03,lh-superiorfrontal,0.7142857142857143,0.28867513459481287,0.6153846153846153,0.6626344778058114,None + Linear-SVM,unconscious,unconscious,False,Image,False,5,4,3,2
1177,sub-03,lh-superiorfrontal,0.5714285714285714,-0.02857142857142857,0.4000000000000001,0.6842063152259916,None + Linear-SVM,unconscious,unconscious,False,Image,False,4,2,3,3
1178,sub-03,lh-superiorfrontal,0.6857142857142857,0.11952286093343936,0.4444444444444445,0.6699146358136558,None + Linear-SVM,unconscious,unconscious,False,Image,False,5,2,3,2
1179,sub-03,lh-superiorfrontal,0.5714285714285714,-0.06900655593423542,0.4,0.6845398361670537,None + Linear-SVM,unconscious,unconscious,False,Image,False,3,2,2,4
1180,sub-03,lh-superiorfrontal,0.6285714285714286,-0.02857142857142857,0.4000000000000001,0.6765245621719149,None + Linear-SVM,unconscious,unconscious,False,Image,False,4,2,3,3
1181,sub-03,lh-superiorfrontal,0.7380952380952381,0.21957751641341997,0.5454545454545454,0.67061243646403,None + Linear-SVM,unconscious,unconscious,False,Image,False,5,3,3,2
1182,sub-03,lh-superiorfrontal,0.5,-0.05455447255899809,0.42857142857142855,0.7021791845758466,None + Linear-SVM,unconscious,unconscious,False,Image,False,4,3,5,3
1183,sub-03,lh-superiorfrontal,0.6428571428571428,-0.05976143046671968,0.28571428571428575,0.6850873235560984,None + Linear-SVM,unconscious,unconscious,False,Image,False,3,1,1,4
1184,sub-03,lh-superiorfrontal,0.8333333333333333,0.38095238095238093,0.6666666666666666,0.6613774172522712,None + Linear-SVM,unconscious,unconscious,False,Image,False,5,4,2,2
1185,sub-03,lh-superiorfrontal,0.7142857142857143,0.21957751641341997,0.5454545454545454,0.6736529387035355,None + Linear-SVM,unconscious,unconscious,False,Image,False,5,3,3,2
1186,sub-03,lh-superiorfrontal,0.6000000000000001,0.3825184261187248,0.761904761904762,0.6845117667659709,None + Linear-SVM,unconscious,unconscious,False,Image,False,4,8,2,3
1187,sub-03,lh-superiorfrontal,0.6571428571428573,0.3098898934004561,0.6666666666666665,0.6693467838404245,None + Linear-SVM,unconscious,unconscious,False,Image,False,5,6,4,2
1188,sub-03,lh-superiorfrontal,0.6607142857142858,0.19642857142857142,0.625,0.6757210150533453,None + Linear-SVM,unconscious,unconscious,False,Image,False,4,5,3,3
1189,sub-03,lh-superiorfrontal,0.6428571428571429,0.07042952122737638,0.5555555555555556,0.6709132906512858,None + Linear-SVM,unconscious,unconscious,False,Image,False,4,5,5,3
1190,sub-03,lh-superiorfrontal,0.5918367346938775,0.0,0.4615384615384615,0.6846137450776072,None + Linear-SVM,unconscious,unconscious,False,Image,False,4,3,4,3
1191,sub-03,lh-superiorfrontal,0.5102040816326531,0.14285714285714285,0.5714285714285714,0.6941162518770104,None + Linear-SVM,unconscious,unconscious,False,Image,False,4,4,3,3
1192,sub-03,lh-superiorfrontal,0.5892857142857143,0.07142857142857142,0.5333333333333333,0.6792941157088129,None + Linear-SVM,unconscious,unconscious,False,Image,False,4,4,4,3
1193,sub-03,lh-superiorfrontal,0.5857142857142857,0.07042952122737638,0.5555555555555556,0.6790867448537946,None + Linear-SVM,unconscious,unconscious,False,Image,False,4,5,5,3
1194,sub-03,lh-superiorfrontal,0.5510204081632654,0.0,0.4615384615384615,0.685123503335481,None + Linear-SVM,unconscious,unconscious,False,Image,False,4,3,4,3
1195,sub-03,lh-superiorfrontal,0.7380952380952381,0.5367450401216932,0.7272727272727272,0.6630949855178134,None + Linear-SVM,unconscious,unconscious,False,Image,False,6,4,2,1
1196,sub-03,lh-superiorfrontal,0.8253968253968254,0.3779644730092272,0.7058823529411765,0.655800188182254,None + Linear-SVM,unconscious,unconscious,False,Image,False,5,6,3,2
1197,sub-03,lh-superiorfrontal,0.6071428571428572,0.06900655593423542,0.4444444444444445,0.6874848462048198,None + Linear-SVM,unconscious,unconscious,False,Image,False,4,2,2,3
1198,sub-03,lh-superiorfrontal,0.6666666666666666,0.07142857142857142,0.5,0.6762552725645931,None + Linear-SVM,unconscious,unconscious,False,Image,False,4,3,3,3
1199,sub-03,lh-superiorfrontal,0.8214285714285714,0.6236095644623235,0.6666666666666666,0.6633761210304487,None + Linear-SVM,unconscious,unconscious,False,Image,False,7,2,2,0
1200,sub-03,lh-superiorfrontal,0.9047619047619049,0.5238095238095238,0.6666666666666666,0.6639116557067959,None + Linear-SVM,unconscious,unconscious,False,Image,False,6,2,1,1
1201,sub-03,lh-superiorfrontal,0.7,0.09128709291752768,0.4,0.6904209042180448,None + Linear-SVM,unconscious,unconscious,False,Image,False,3,1,1,2
1202,sub-03,lh-superiorfrontal,0.7714285714285715,0.37142857142857144,0.6666666666666666,0.6650744556611067,None + Linear-SVM,unconscious,unconscious,False,Image,False,4,4,3,1
1203,sub-03,lh-superiorfrontal,0.5666666666666667,0.1,0.5454545454545454,0.6866274502273353,None + Linear-SVM,unconscious,unconscious,False,Image,False,3,3,3,2
1204,sub-03,lh-superiorfrontal,0.5249999999999999,0.09759000729485333,0.5714285714285715,0.689368001148395,None + Linear-SVM,unconscious,unconscious,False,Image,False,3,4,4,2
1205,sub-03,lh-superiorfrontal,0.39999999999999997,-0.06900655593423542,0.4,0.7022914814025772,None + Linear-SVM,unconscious,unconscious,False,Image,False,3,2,4,2
1206,sub-03,lh-superiorfrontal,0.3333333333333333,-0.2581988897471611,0.28571428571428575,0.7251426964197492,None + Linear-SVM,unconscious,unconscious,False,Image,False,2,1,2,3
1207,sub-03,lh-superiorfrontal,0.27999999999999997,-0.408248290463863,0.22222222222222224,0.7147494837720849,None + Linear-SVM,unconscious,unconscious,False,Image,False,2,1,4,3
1208,sub-03,lh-superiorfrontal,0.525,-0.025,0.4615384615384615,0.6897696360261136,None + Linear-SVM,unconscious,unconscious,False,Image,False,3,3,5,2
1209,sub-03,lh-superiorfrontal,0.1333333333333333,-0.6,0.0,0.7204917294205866,None + Linear-SVM,unconscious,unconscious,False,Image,False,2,0,3,3
1210,sub-03,lh-superiorfrontal,0.425,-0.025,0.4615384615384615,0.7138587574346761,None + Linear-SVM,unconscious,unconscious,False,Image,False,3,3,5,2
1211,sub-03,lh-superiorfrontal,0.29999999999999993,-0.28867513459481287,0.37499999999999994,0.7047985714722517,None + Linear-SVM,unconscious,unconscious,False,Image,False,2,3,7,3
1212,sub-03,lh-superiorfrontal,0.6666666666666667,0.1,0.5454545454545454,0.6790165428867388,None + Linear-SVM,unconscious,unconscious,False,Image,False,3,3,3,2
1213,sub-03,lh-superiorfrontal,0.4,-0.06900655593423542,0.4,0.7108028232580637,None + Linear-SVM,unconscious,unconscious,False,Image,False,3,2,4,2
1214,sub-03,lh-superiorfrontal,0.8,-0.2,0.0,0.7031789764877033,None + Linear-SVM,unconscious,unconscious,False,Image,False,4,0,1,1
1215,sub-03,lh-superiorfrontal,0.6,0.0,0.4444444444444445,0.6875915318547025,None + Linear-SVM,unconscious,unconscious,False,Image,False,3,2,3,2
1216,sub-03,lh-superiorfrontal,0.8,0.408248290463863,0.6666666666666665,0.672044618797657,None + Linear-SVM,unconscious,unconscious,False,Image,False,4,3,2,1
1217,sub-03,lh-superiorfrontal,0.5,0.0,0.0,0.704595110962984,None + Linear-SVM,unconscious,unconscious,False,Image,False,5,0,2,0
1218,sub-03,lh-superiorfrontal,0.39999999999999997,-0.28867513459481287,0.37499999999999994,0.7112753972575906,None + Linear-SVM,unconscious,unconscious,False,Image,False,2,3,7,3
1219,sub-03,lh-superiorfrontal,0.44,-0.2,0.4000000000000001,0.7044529556773779,None + Linear-SVM,unconscious,unconscious,False,Image,False,2,2,3,3
1220,sub-03,lh-superiorfrontal,0.6666666666666666,0.14907119849998599,0.4,0.6881430273388178,None + Linear-SVM,unconscious,unconscious,False,Image,False,4,1,2,1
1221,sub-03,lh-superiorfrontal,0.5,-0.15811388300841897,0.28571428571428575,0.6928027347264614,None + Linear-SVM,unconscious,unconscious,False,Image,False,3,1,3,2
1222,sub-03,lh-superiorfrontal,0.6399999999999999,0.5,0.5714285714285715,0.6784095026077526,None + Linear-SVM,unconscious,unconscious,False,Image,False,5,2,3,0
1223,sub-03,lh-superiorfrontal,0.4666666666666666,-0.06900655593423542,0.4,0.6896865481492344,None + Linear-SVM,unconscious,unconscious,False,Image,False,3,2,4,2
1224,sub-03,lh-superiorfrontal,0.5714285714285714,0.02857142857142857,0.5,0.6811087357397697,None + Linear-SVM,unconscious,unconscious,False,Image,False,3,3,4,2
1225,sub-03,lh-superiorfrontal,0.48,0.0,0.4444444444444445,0.6963571030502111,None + Linear-SVM,unconscious,unconscious,False,Image,False,3,2,3,2
1226,sub-03,lh-superiorfrontal,0.6799999999999999,0.2,0.6,0.6762063147815583,None + Linear-SVM,unconscious,unconscious,False,Image,False,3,3,2,2
1227,sub-03,lh-superiorfrontal,0.39999999999999997,-0.15811388300841897,0.28571428571428575,0.7060304189965423,None + Linear-SVM,unconscious,unconscious,False,Image,False,3,1,3,2
1228,sub-03,lh-superiorfrontal,0.52,-0.2,0.4000000000000001,0.6988098525802771,None + Linear-SVM,unconscious,unconscious,False,Image,False,2,2,3,3
1229,sub-03,lh-superiorfrontal,0.6333333333333333,0.1,0.5454545454545454,0.6815622750174207,None + Linear-SVM,unconscious,unconscious,False,Image,False,3,3,3,2
1230,sub-03,lh-superiorfrontal,0.375,-0.025,0.4615384615384615,0.7172483843690117,None + Linear-SVM,unconscious,unconscious,False,Image,False,3,3,5,2
1231,sub-03,lh-superiorfrontal,0.6,-0.09128709291752768,0.3333333333333333,0.6941461519007212,None + Linear-SVM,unconscious,unconscious,False,Image,False,2,1,1,3
1232,sub-03,lh-superiorfrontal,0.6333333333333333,0.1,0.5454545454545454,0.6802886461210107,None + Linear-SVM,unconscious,unconscious,False,Image,False,3,3,3,2
1233,sub-03,lh-superiorfrontal,0.5333333333333333,-0.06900655593423542,0.4,0.6844255172643622,None + Linear-SVM,unconscious,unconscious,False,Image,False,3,2,4,2
1234,sub-03,lh-superiorfrontal,0.31999999999999995,-0.4,0.26666666666666666,0.7071877731369808,None + Linear-SVM,unconscious,unconscious,False,Image,False,2,2,8,3
1235,sub-03,lh-superiorfrontal,0.62,0.18898223650461363,0.6666666666666665,0.6747577153467252,None + Linear-SVM,unconscious,unconscious,False,Image,False,3,6,4,2
1236,sub-03,lh-superiorfrontal,0.6499999999999999,0.09759000729485333,0.5714285714285715,0.6800496284072438,None + Linear-SVM,unconscious,unconscious,False,Image,False,3,4,4,2
1237,sub-03,lh-superiorfrontal,0.56,0.0,0.5,0.6782965498637299,None + Linear-SVM,unconscious,unconscious,False,Image,False,3,4,6,2
1238,sub-03,lh-superiorfrontal,0.39999999999999997,-0.11952286093343936,0.36363636363636365,0.7030085328803611,None + Linear-SVM,unconscious,unconscious,False,Image,False,3,2,5,2
1239,sub-03,lh-superiorfrontal,0.5428571428571428,0.1690308509457033,0.6153846153846153,0.6979254225285118,None + Linear-SVM,unconscious,unconscious,False,Image,False,3,4,3,2
1240,sub-03,lh-superiorfrontal,0.475,-0.025,0.4615384615384615,0.7027146793516875,None + Linear-SVM,unconscious,unconscious,False,Image,False,3,3,5,2
1241,sub-03,lh-superiorfrontal,0.48,0.0,0.5,0.6841381311325738,None + Linear-SVM,unconscious,unconscious,False,Image,False,3,4,6,2
1242,sub-03,lh-superiorfrontal,0.3714285714285714,-0.3142857142857143,0.3333333333333333,0.6974197819441854,None + Linear-SVM,unconscious,unconscious,False,Image,False,2,2,5,3
1243,sub-03,lh-superiorfrontal,0.6666666666666666,0.3105295017040594,0.6,0.6723808107741989,None + Linear-SVM,unconscious,unconscious,False,Image,False,4,3,3,1
1244,sub-03,lh-superiorfrontal,0.7111111111111111,0.34426518632954817,0.6666666666666667,0.6632629827701322,None + Linear-SVM,unconscious,unconscious,False,Image,False,4,5,4,1
1245,sub-03,lh-superiorfrontal,0.49999999999999994,-0.15811388300841897,0.28571428571428575,0.6969013961236883,None + Linear-SVM,unconscious,unconscious,False,Image,False,3,1,3,2
1246,sub-03,lh-superiorfrontal,0.5,0.14907119849998599,0.4444444444444444,0.6978415451221422,None + Linear-SVM,unconscious,unconscious,False,Image,False,4,2,4,1
1247,sub-03,lh-superiorfrontal,0.75,0.5976143046671968,0.6666666666666666,0.6726874073085979,None + Linear-SVM,unconscious,unconscious,False,Image,False,5,2,2,0
1248,sub-03,lh-superiorfrontal,0.6666666666666666,-0.06666666666666667,0.3333333333333333,0.6797839603746229,None + Linear-SVM,unconscious,unconscious,False,Image,False,3,1,2,2
1249,sub-03,lh-superiorfrontal,0.5,0.0,0.3333333333333333,0.7214640611971028,None + Linear-SVM,unconscious,unconscious,False,Image,False,3,1,1,3
1250,sub-03,lh-superiorfrontal,0.6190476190476191,0.23809523809523808,0.6153846153846153,0.6753707274743916,None + Linear-SVM,unconscious,unconscious,False,Image,False,4,4,3,2
1251,sub-03,lh-superiorfrontal,0.47222222222222227,-0.19245008972987526,0.2222222222222222,0.7079803660457008,None + Linear-SVM,unconscious,unconscious,False,Image,False,4,1,5,2
1252,sub-03,lh-superiorfrontal,0.3958333333333333,0.0,0.5333333333333333,0.7208706606454957,None + Linear-SVM,unconscious,unconscious,False,Image,False,3,4,4,3
1253,sub-03,lh-superiorfrontal,0.36111111111111116,-0.1690308509457033,0.3636363636363636,0.7345134835625745,None + Linear-SVM,unconscious,unconscious,False,Image,False,3,2,4,3
1254,sub-03,lh-superiorfrontal,0.27777777777777773,-0.5,0.0,0.7546730562095108,None + Linear-SVM,unconscious,unconscious,False,Image,False,3,0,3,3
1255,sub-03,lh-superiorfrontal,0.3666666666666667,-0.1,0.4000000000000001,0.7376618806952966,None + Linear-SVM,unconscious,unconscious,False,Image,False,3,2,3,3
1256,sub-03,lh-superiorfrontal,0.45833333333333337,-0.125,0.42857142857142855,0.7053225845228568,None + Linear-SVM,unconscious,unconscious,False,Image,False,3,3,5,3
1257,sub-03,lh-superiorfrontal,0.22222222222222224,-0.31622776601683794,0.25,0.7631546862272439,None + Linear-SVM,unconscious,unconscious,False,Image,False,2,1,2,4
1258,sub-03,lh-superiorfrontal,0.3958333333333333,0.0,0.5333333333333333,0.717425474521576,None + Linear-SVM,unconscious,unconscious,False,Image,False,3,4,4,3
1259,sub-03,lh-superiorfrontal,0.3833333333333333,-0.09759000729485331,0.47058823529411764,0.7128279264615469,None + Linear-SVM,unconscious,unconscious,False,Image,False,3,4,6,3
1260,sub-03,lh-superiorfrontal,0.5,-0.19245008972987526,0.2222222222222222,0.6966088025341385,None + Linear-SVM,unconscious,unconscious,False,Image,False,4,1,5,2
1261,sub-03,lh-superiorfrontal,0.36111111111111116,-0.1690308509457033,0.3636363636363636,0.7263970081129459,None + Linear-SVM,unconscious,unconscious,False,Image,False,3,2,4,3
1262,sub-03,lh-superiorfrontal,0.5,-0.2581988897471611,0.0,0.7449470175970402,None + Linear-SVM,unconscious,unconscious,False,Image,False,4,0,1,2
1263,sub-03,lh-superiorfrontal,0.43333333333333335,-0.1,0.4000000000000001,0.7179112617266901,None + Linear-SVM,unconscious,unconscious,False,Image,False,3,2,3,3
1264,sub-03,lh-superiorfrontal,0.5666666666666667,-0.14907119849998599,0.25,0.688158932237913,None + Linear-SVM,unconscious,unconscious,False,Image,False,4,1,4,2
1265,sub-03,lh-superiorfrontal,0.33333333333333337,-0.3333333333333333,0.0,0.7385250024381456,None + Linear-SVM,unconscious,unconscious,False,Image,False,4,0,2,2
1266,sub-03,lh-superiorfrontal,0.41666666666666663,-0.09759000729485331,0.47058823529411764,0.7234485193246228,None + Linear-SVM,unconscious,unconscious,False,Image,False,3,4,6,3
1267,sub-03,lh-superiorfrontal,0.43333333333333335,-0.1,0.4000000000000001,0.7139015431250404,None + Linear-SVM,unconscious,unconscious,False,Image,False,3,2,3,3
1268,sub-03,lh-superiorfrontal,0.5555555555555556,-0.15811388300841897,0.28571428571428575,0.7103610009903183,None + Linear-SVM,unconscious,unconscious,False,Image,False,3,1,2,3
1269,sub-03,lh-superiorfrontal,0.45833333333333337,-0.25,0.25,0.7172566487331633,None + Linear-SVM,unconscious,unconscious,False,Image,False,3,1,3,3
1270,sub-03,lh-superiorfrontal,0.6000000000000001,0.06900655593423542,0.4444444444444445,0.6959631007125181,None + Linear-SVM,unconscious,unconscious,False,Image,False,4,2,3,2
1271,sub-03,lh-superiorfrontal,0.4722222222222222,0.0,0.5,0.7049353560149533,None + Linear-SVM,unconscious,unconscious,False,Image,False,3,3,3,3
1272,sub-03,lh-superiorfrontal,0.47619047619047616,-0.07142857142857142,0.4615384615384615,0.7003027460481732,None + Linear-SVM,unconscious,unconscious,False,Image,False,3,3,4,3
1273,sub-03,lh-superiorfrontal,0.4,-0.1,0.4000000000000001,0.7147400167346153,None + Linear-SVM,unconscious,unconscious,False,Image,False,3,2,3,3
1274,sub-03,lh-superiorfrontal,0.5666666666666667,0.06900655593423542,0.4444444444444445,0.7001282689478894,None + Linear-SVM,unconscious,unconscious,False,Image,False,4,2,3,2
1275,sub-03,lh-superiorfrontal,0.29166666666666663,-0.25,0.25,0.7477592544704477,None + Linear-SVM,unconscious,unconscious,False,Image,False,3,1,3,3
1276,sub-03,lh-superiorfrontal,0.43333333333333335,-0.1,0.4000000000000001,0.7196700435065623,None + Linear-SVM,unconscious,unconscious,False,Image,False,3,2,3,3
1277,sub-03,lh-superiorfrontal,0.47222222222222227,-0.1690308509457033,0.3636363636363636,0.6948293723601977,None + Linear-SVM,unconscious,unconscious,False,Image,False,3,2,4,3
1278,sub-03,lh-superiorfrontal,0.375,-0.125,0.42857142857142855,0.7234495970123671,None + Linear-SVM,unconscious,unconscious,False,Image,False,3,3,5,3
1279,sub-03,lh-superiorfrontal,0.5,0.0,0.3333333333333333,0.7274426929892981,None + Linear-SVM,unconscious,unconscious,False,Image,False,3,1,1,3
1280,sub-03,lh-superiorfrontal,0.5,-0.19245008972987526,0.2222222222222222,0.6953709463268313,None + Linear-SVM,unconscious,unconscious,False,Image,False,4,1,5,2
1281,sub-03,lh-superiorfrontal,0.4444444444444444,0.0,0.5,0.7054912023965615,None + Linear-SVM,unconscious,unconscious,False,Image,False,3,3,3,3
1282,sub-03,lh-superiorfrontal,0.4,-0.09759000729485331,0.47058823529411764,0.7158738703585749,None + Linear-SVM,unconscious,unconscious,False,Image,False,3,4,6,3
1283,sub-03,lh-superiorfrontal,0.5,0.0,0.5555555555555556,0.684901059082667,None + Linear-SVM,unconscious,unconscious,False,Image,False,3,5,5,3
1284,sub-03,lh-superiorfrontal,0.4791666666666667,-0.125,0.42857142857142855,0.6943039120843671,None + Linear-SVM,unconscious,unconscious,False,Image,False,3,3,5,3
1285,sub-03,lh-superiorfrontal,0.5,0.0,0.5555555555555556,0.6914834617053334,None + Linear-SVM,unconscious,unconscious,False,Image,False,3,5,5,3
1286,sub-03,lh-superiorfrontal,0.4523809523809524,-0.07142857142857142,0.4615384615384615,0.7099616167465931,None + Linear-SVM,unconscious,unconscious,False,Image,False,3,3,4,3
1287,sub-03,lh-superiorfrontal,0.380952380952381,-0.21957751641341997,0.3333333333333333,0.7159232980586008,None + Linear-SVM,unconscious,unconscious,False,Image,False,3,2,5,3
1288,sub-03,lh-superiorfrontal,0.39583333333333337,-0.125,0.42857142857142855,0.713731156446111,None + Linear-SVM,unconscious,unconscious,False,Image,False,3,3,5,3
1289,sub-03,lh-superiorfrontal,0.48333333333333334,0.0,0.5555555555555556,0.7022040313065671,None + Linear-SVM,unconscious,unconscious,False,Image,False,3,5,5,3
1290,sub-03,lh-superiorfrontal,0.38095238095238093,-0.21957751641341997,0.3333333333333333,0.710940186050582,None + Linear-SVM,unconscious,unconscious,False,Image,False,3,2,5,3
1291,sub-03,lh-superiorfrontal,0.5277777777777778,0.0,0.4,0.6892070862054046,None + Linear-SVM,unconscious,unconscious,False,Image,False,4,2,4,2
1292,sub-03,lh-superiorfrontal,0.5555555555555556,0.1111111111111111,0.5333333333333333,0.6739510921665091,None + Linear-SVM,unconscious,unconscious,False,Image,False,4,4,5,2
1293,sub-03,lh-superiorfrontal,0.33333333333333337,-0.25,0.25,0.7305952648804173,None + Linear-SVM,unconscious,unconscious,False,Image,False,3,1,3,3
1294,sub-03,lh-superiorfrontal,0.3333333333333333,-0.1690308509457033,0.3636363636363636,0.7278965903904346,None + Linear-SVM,unconscious,unconscious,False,Image,False,3,2,4,3
1295,sub-03,lh-superiorfrontal,0.625,0.16666666666666666,0.5,0.6942276698583882,None + Linear-SVM,unconscious,unconscious,False,Image,False,4,2,2,2
1296,sub-03,lh-superiorfrontal,0.6666666666666666,0.0,0.3333333333333333,0.7028458972555892,None + Linear-SVM,unconscious,unconscious,False,Image,False,4,1,2,2
1297,sub-03,lh-superiorfrontal,0.8333333333333334,0.6123724356957946,0.6666666666666666,0.6734027615504035,None + Linear-SVM,unconscious,unconscious,False,Image,False,3,1,1,0
1298,sub-03,lh-superiorfrontal,0.7142857142857143,0.3563483225498992,0.7692307692307692,0.6578597552305794,None + Linear-SVM,unconscious,unconscious,False,Image,False,2,5,2,1
1299,sub-03,lh-superiorfrontal,0.5,0.15811388300841897,0.6,0.6883621703619974,None + Linear-SVM,unconscious,unconscious,False,Image,False,2,3,3,1
1300,sub-03,lh-superiorfrontal,0.49999999999999994,0.14907119849998599,0.6153846153846154,0.6975592289069333,None + Linear-SVM,unconscious,unconscious,False,Image,False,2,4,4,1
1301,sub-03,lh-superiorfrontal,0.4444444444444444,0.15811388300841897,0.6,0.693310581323813,None + Linear-SVM,unconscious,unconscious,False,Image,False,2,3,3,1
1302,sub-03,lh-superiorfrontal,0.22222222222222224,-0.3333333333333333,0.3333333333333333,0.7377984784869059,None + Linear-SVM,unconscious,unconscious,False,Image,False,1,1,2,2
1303,sub-03,lh-superiorfrontal,0.4,0.06666666666666667,0.5,0.722729638720601,None + Linear-SVM,unconscious,unconscious,False,Image,False,2,2,3,1
1304,sub-03,lh-superiorfrontal,0.5833333333333334,0.14907119849998599,0.6153846153846154,0.6839480287118842,None + Linear-SVM,unconscious,unconscious,False,Image,False,2,4,4,1
1305,sub-03,lh-superiorfrontal,0.22222222222222224,-0.3333333333333333,0.3333333333333333,0.7333932129939131,None + Linear-SVM,unconscious,unconscious,False,Image,False,1,1,2,2
1306,sub-03,lh-superiorfrontal,0.41666666666666663,0.03857583749052298,0.5,0.7098816643105101,None + Linear-SVM,unconscious,unconscious,False,Image,False,2,3,5,1
1307,sub-03,lh-superiorfrontal,0.26666666666666666,-0.27247463045653303,0.16666666666666669,0.7106824273596557,None + Linear-SVM,unconscious,unconscious,False,Image,False,2,1,9,1
1308,sub-03,lh-superiorfrontal,0.6111111111111112,0.15811388300841897,0.6,0.6742413093483193,None + Linear-SVM,unconscious,unconscious,False,Image,False,2,3,3,1
1309,sub-03,lh-superiorfrontal,0.4444444444444445,0.0,0.4444444444444444,0.715635350340199,None + Linear-SVM,unconscious,unconscious,False,Image,False,2,2,4,1
1310,sub-03,lh-superiorfrontal,1.0,0.0,0.0,0.687481410038433,None + Linear-SVM,unconscious,unconscious,False,Image,False,3,0,1,0
1311,sub-03,lh-superiorfrontal,0.5333333333333334,0.06666666666666667,0.5,0.6836016588997832,None + Linear-SVM,unconscious,unconscious,False,Image,False,2,2,3,1
1312,sub-03,lh-superiorfrontal,0.8,0.4472135954999579,0.5714285714285715,0.6542038597292277,None + Linear-SVM,unconscious,unconscious,False,Image,False,3,2,3,0
1313,sub-03,lh-superiorfrontal,0.5,0.0,0.0,0.70480866691916,None + Linear-SVM,unconscious,unconscious,False,Image,False,3,0,2,0
1314,sub-03,lh-superiorfrontal,0.5666666666666667,0.14085904245475275,0.625,0.7037993881402806,None + Linear-SVM,unconscious,unconscious,False,Image,False,2,5,5,1
1315,sub-03,lh-superiorfrontal,0.4666666666666667,0.06666666666666667,0.5,0.6940526523871646,None + Linear-SVM,unconscious,unconscious,False,Image,False,2,2,3,1
1316,sub-03,lh-superiorfrontal,0.6666666666666667,0.0,0.4,0.6810847767655631,None + Linear-SVM,unconscious,unconscious,False,Image,False,2,1,2,1
1317,sub-03,lh-superiorfrontal,0.41666666666666663,-0.09128709291752768,0.3333333333333333,0.6880697139549266,None + Linear-SVM,unconscious,unconscious,False,Image,False,2,1,3,1
1318,sub-03,lh-superiorfrontal,0.6666666666666667,0.2581988897471611,0.6666666666666665,0.6619747367373052,None + Linear-SVM,unconscious,unconscious,False,Image,False,2,3,2,1
1319,sub-03,lh-superiorfrontal,0.4444444444444445,-0.1889822365046136,0.25,0.6909266222215962,None + Linear-SVM,unconscious,unconscious,False,Image,False,2,1,5,1
1320,sub-03,lh-superiorfrontal,0.6666666666666667,0.2182178902359924,0.6666666666666666,0.6717030362263113,None + Linear-SVM,unconscious,unconscious,False,Image,False,2,4,3,1
1321,sub-03,lh-superiorfrontal,0.4,0.06666666666666667,0.5,0.6952956676595003,None + Linear-SVM,unconscious,unconscious,False,Image,False,2,2,3,1
1322,sub-03,lh-superiorfrontal,0.6666666666666667,0.06666666666666667,0.5,0.6656899806556549,None + Linear-SVM,unconscious,unconscious,False,Image,False,2,2,3,1
1323,sub-03,lh-superiorfrontal,0.5833333333333333,0.16666666666666666,0.5714285714285715,0.7053396095301864,None + Linear-SVM,unconscious,unconscious,False,Image,False,2,2,2,1
1324,sub-03,lh-superiorfrontal,0.4666666666666667,0.06666666666666667,0.5,0.6964152779490945,None + Linear-SVM,unconscious,unconscious,False,Image,False,2,2,3,1
1325,sub-03,lh-superiorfrontal,0.5555555555555556,0.15811388300841897,0.6,0.682320986823045,None + Linear-SVM,unconscious,unconscious,False,Image,False,2,3,3,1
1326,sub-03,lh-superiorfrontal,0.4583333333333333,0.14907119849998599,0.6153846153846154,0.7135181958510137,None + Linear-SVM,unconscious,unconscious,False,Image,False,2,4,4,1
1327,sub-03,lh-superiorfrontal,0.6666666666666667,0.16666666666666666,0.5,0.6892291912078112,None + Linear-SVM,unconscious,unconscious,False,Image,False,2,1,1,1
1328,sub-03,lh-superiorfrontal,0.7777777777777778,0.31622776601683794,0.7272727272727272,0.6601372820609047,None + Linear-SVM,unconscious,unconscious,False,Image,False,2,4,2,1
1329,sub-03,lh-superiorfrontal,0.7222222222222223,0.31622776601683794,0.7272727272727272,0.6730260167087494,None + Linear-SVM,unconscious,unconscious,False,Image,False,2,4,2,1
1330,sub-03,lh-superiorfrontal,0.4,-0.13333333333333333,0.30769230769230765,0.7043203328456811,None + Linear-SVM,unconscious,unconscious,False,Image,False,2,2,8,1
1331,sub-03,lh-superiorfrontal,0.5666666666666667,0.2253744679276044,0.7058823529411764,0.6675125882717582,None + Linear-SVM,unconscious,unconscious,False,Image,False,2,6,4,1
1332,sub-03,lh-superiorfrontal,0.625,0.14907119849998599,0.6153846153846154,0.6732195317099712,None + Linear-SVM,unconscious,unconscious,False,Image,False,2,4,4,1
1333,sub-03,lh-superiorfrontal,0.6000000000000001,0.14085904245475275,0.625,0.6711419763125261,None + Linear-SVM,unconscious,unconscious,False,Image,False,2,5,5,1
1334,sub-03,lh-superiorfrontal,0.5714285714285714,0.0890870806374748,0.5454545454545454,0.7000550160357772,None + Linear-SVM,unconscious,unconscious,False,Image,False,2,3,4,1
1335,sub-03,lh-superiorfrontal,0.5238095238095238,0.0890870806374748,0.5454545454545454,0.6960750129128341,None + Linear-SVM,unconscious,unconscious,False,Image,False,2,3,4,1
1336,sub-03,lh-superiorfrontal,0.49999999999999994,0.14907119849998599,0.6153846153846154,0.6972763078791819,None + Linear-SVM,unconscious,unconscious,False,Image,False,2,4,4,1
1337,sub-03,lh-superiorfrontal,0.5333333333333333,0.05773502691896257,0.5333333333333333,0.6786339250242824,None + Linear-SVM,unconscious,unconscious,False,Image,False,2,4,6,1
1338,sub-03,lh-superiorfrontal,0.4761904761904762,-0.047619047619047616,0.4,0.6942632212554045,None + Linear-SVM,unconscious,unconscious,False,Image,False,2,2,5,1
1339,sub-03,lh-superiorfrontal,0.6666666666666667,0.31622776601683794,0.7272727272727272,0.6608675980126537,None + Linear-SVM,unconscious,unconscious,False,Image,False,2,4,2,1
1340,sub-03,lh-superiorfrontal,0.7407407407407407,0.19245008972987526,0.6666666666666667,0.6501711913195147,None + Linear-SVM,unconscious,unconscious,False,Image,False,2,5,4,1
1341,sub-03,lh-superiorfrontal,0.5,0.16666666666666666,0.5714285714285715,0.6924007562546165,None + Linear-SVM,unconscious,unconscious,False,Image,False,2,2,2,1
1342,sub-03,lh-superiorfrontal,0.5,0.15811388300841897,0.6,0.6931436327642746,None + Linear-SVM,unconscious,unconscious,False,Image,False,2,3,3,1
1343,sub-03,lh-superiorfrontal,0.75,0.5477225575051661,0.6666666666666666,0.6505979742191339,None + Linear-SVM,unconscious,unconscious,False,Image,False,3,2,2,0
1344,sub-03,lh-superiorfrontal,0.7777777777777779,0.3333333333333333,0.6666666666666666,0.6527822327727048,None + Linear-SVM,unconscious,unconscious,False,Image,False,2,2,1,1
1345,sub-03,lh-superiorfrontal,0.9166666666666667,0.3333333333333333,0.5,0.6575625597373714,None + Linear-SVM,unconscious,unconscious,False,Image,False,5,1,1,1
1346,sub-03,lh-superiorfrontal,0.9047619047619048,0.7319250547113999,0.8333333333333333,0.6478373391582234,None + Linear-SVM,unconscious,unconscious,False,Image,False,6,5,2,0
1347,sub-03,lh-superiorfrontal,0.8333333333333334,0.50709255283711,0.7272727272727272,0.6611195142493379,None + Linear-SVM,unconscious,unconscious,False,Image,False,5,4,2,1
1348,sub-03,lh-superiorfrontal,0.7291666666666666,0.4583333333333333,0.7142857142857143,0.6683737668059779,None + Linear-SVM,unconscious,unconscious,False,Image,False,5,5,3,1
1349,sub-03,lh-superiorfrontal,0.6944444444444444,0.3535533905932738,0.6,0.6746936716251403,None + Linear-SVM,unconscious,unconscious,False,Image,False,5,3,3,1
1350,sub-03,lh-superiorfrontal,0.4444444444444444,-0.15811388300841897,0.28571428571428575,0.6849860785094142,None + Linear-SVM,unconscious,unconscious,False,Image,False,3,1,2,3
1351,sub-03,lh-superiorfrontal,0.4666666666666667,-0.1,0.4000000000000001,0.6949254618752824,None + Linear-SVM,unconscious,unconscious,False,Image,False,3,2,3,3
1352,sub-03,lh-superiorfrontal,0.7291666666666666,0.125,0.625,0.6728342861721697,None + Linear-SVM,unconscious,unconscious,False,Image,False,3,5,3,3
1353,sub-03,lh-superiorfrontal,0.3888888888888889,-0.15811388300841897,0.28571428571428575,0.6926746090540049,None + Linear-SVM,unconscious,unconscious,False,Image,False,3,1,2,3
1354,sub-03,lh-superiorfrontal,0.7708333333333333,0.4583333333333333,0.7142857142857143,0.667255942924136,None + Linear-SVM,unconscious,unconscious,False,Image,False,5,5,3,1
1355,sub-03,lh-superiorfrontal,0.6166666666666667,0.16265001215808886,0.588235294117647,0.6839329653922444,None + Linear-SVM,unconscious,unconscious,False,Image,False,4,5,5,2
1356,sub-03,lh-superiorfrontal,0.8611111111111112,0.50709255283711,0.7272727272727272,0.6591921833147838,None + Linear-SVM,unconscious,unconscious,False,Image,False,5,4,2,1
1357,sub-03,lh-superiorfrontal,0.5555555555555556,0.19245008972987526,0.4444444444444444,0.6888751667714298,None + Linear-SVM,unconscious,unconscious,False,Image,False,5,2,4,1
1358,sub-03,lh-superiorfrontal,1.0,0.0,0.0,0.666248214796948,None + Linear-SVM,unconscious,unconscious,False,Image,False,6,0,1,0
1359,sub-03,lh-superiorfrontal,0.7333333333333334,0.26666666666666666,0.6,0.6678976788321248,None + Linear-SVM,unconscious,unconscious,False,Image,False,4,3,2,2
1360,sub-03,lh-superiorfrontal,0.9666666666666667,0.8280786712108251,0.888888888888889,0.6509730131380234,None + Linear-SVM,unconscious,unconscious,False,Image,False,6,4,1,0
1361,sub-03,lh-superiorfrontal,0.5,0.0,0.0,0.674417701378071,None + Linear-SVM,unconscious,unconscious,False,Image,False,6,0,2,0
1362,sub-03,lh-superiorfrontal,0.7166666666666666,0.2581988897471611,0.6666666666666665,0.6764051384597785,None + Linear-SVM,unconscious,unconscious,False,Image,False,4,6,4,2
1363,sub-03,lh-superiorfrontal,0.6333333333333333,0.06900655593423542,0.4444444444444445,0.6698377902157763,None + Linear-SVM,unconscious,unconscious,False,Image,False,4,2,3,2
1364,sub-03,lh-superiorfrontal,0.9444444444444444,0.5,0.6666666666666666,0.6572584335266982,None + Linear-SVM,unconscious,unconscious,False,Image,False,5,2,1,1
1365,sub-03,lh-superiorfrontal,0.7083333333333334,0.16666666666666666,0.5,0.6662146076382834,None + Linear-SVM,unconscious,unconscious,False,Image,False,4,2,2,2
1366,sub-03,lh-superiorfrontal,0.8333333333333334,0.4485426135725303,0.6666666666666665,0.6519289698391586,None + Linear-SVM,unconscious,unconscious,False,Image,False,5,3,2,1
1367,sub-03,lh-superiorfrontal,0.8055555555555556,0.50709255283711,0.7272727272727272,0.6632906477796406,None + Linear-SVM,unconscious,unconscious,False,Image,False,5,4,2,1
1368,sub-03,lh-superiorfrontal,0.8333333333333334,0.38095238095238093,0.7142857142857143,0.654840968870977,None + Linear-SVM,unconscious,unconscious,False,Image,False,4,5,2,2
1369,sub-03,lh-superiorfrontal,0.7666666666666666,0.26666666666666666,0.6,0.6704361400844704,None + Linear-SVM,unconscious,unconscious,False,Image,False,4,3,2,2
1370,sub-03,lh-superiorfrontal,0.8,0.4485426135725303,0.6666666666666665,0.6578372805819459,None + Linear-SVM,unconscious,unconscious,False,Image,False,5,3,2,1
1371,sub-03,lh-superiorfrontal,0.625,0.0,0.4444444444444445,0.681379013451829,None + Linear-SVM,unconscious,unconscious,False,Image,False,3,2,2,3
1372,sub-03,lh-superiorfrontal,0.6333333333333333,0.06900655593423542,0.4444444444444445,0.6699630359866438,None + Linear-SVM,unconscious,unconscious,False,Image,False,4,2,3,2
1373,sub-03,lh-superiorfrontal,0.8055555555555556,0.50709255283711,0.7272727272727272,0.6644856670523146,None + Linear-SVM,unconscious,unconscious,False,Image,False,5,4,2,1
1374,sub-03,lh-superiorfrontal,0.5833333333333334,0.0,0.5333333333333333,0.6875228117295901,None + Linear-SVM,unconscious,unconscious,False,Image,False,3,4,4,3
1375,sub-03,lh-superiorfrontal,0.6666666666666667,0.0,0.3333333333333333,0.663048780781572,None + Linear-SVM,unconscious,unconscious,False,Image,False,3,1,1,3
1376,sub-03,lh-superiorfrontal,0.8055555555555556,0.3333333333333333,0.6666666666666666,0.6613033847688293,None + Linear-SVM,unconscious,unconscious,False,Image,False,4,4,2,2
1377,sub-03,lh-superiorfrontal,0.888888888888889,0.7071067811865476,0.8,0.6651023084571819,None + Linear-SVM,unconscious,unconscious,False,Image,False,6,4,2,0
1378,sub-03,lh-superiorfrontal,0.65,0.16265001215808886,0.588235294117647,0.6849579795697163,None + Linear-SVM,unconscious,unconscious,False,Image,False,4,5,5,2
1379,sub-03,lh-superiorfrontal,0.8500000000000001,0.5163977794943222,0.7777777777777777,0.6589251722407954,None + Linear-SVM,unconscious,unconscious,False,Image,False,5,7,3,1
1380,sub-03,lh-superiorfrontal,0.8125,0.4583333333333333,0.7142857142857143,0.6641866662888901,None + Linear-SVM,unconscious,unconscious,False,Image,False,5,5,3,1
1381,sub-03,lh-superiorfrontal,0.7166666666666667,0.16265001215808886,0.588235294117647,0.6663071576199109,None + Linear-SVM,unconscious,unconscious,False,Image,False,4,5,5,2
1382,sub-03,lh-superiorfrontal,0.6666666666666666,0.07142857142857142,0.5714285714285714,0.6789164939660091,None + Linear-SVM,unconscious,unconscious,False,Image,False,3,4,3,3
1383,sub-03,lh-superiorfrontal,0.6666666666666667,0.23809523809523808,0.6153846153846153,0.6801058141990788,None + Linear-SVM,unconscious,unconscious,False,Image,False,4,4,3,2
1384,sub-03,lh-superiorfrontal,0.625,0.16666666666666666,0.5714285714285715,0.6789137642555437,None + Linear-SVM,unconscious,unconscious,False,Image,False,4,4,4,2
1385,sub-03,lh-superiorfrontal,0.6499999999999999,0.2581988897471611,0.6666666666666665,0.6689573735729177,None + Linear-SVM,unconscious,unconscious,False,Image,False,4,6,4,2
1386,sub-03,lh-superiorfrontal,0.6428571428571428,0.07142857142857142,0.5714285714285714,0.6795409993395146,None + Linear-SVM,unconscious,unconscious,False,Image,False,3,4,3,3
1387,sub-03,lh-superiorfrontal,0.8333333333333334,0.50709255283711,0.7272727272727272,0.6518310735508065,None + Linear-SVM,unconscious,unconscious,False,Image,False,5,4,2,1
1388,sub-03,lh-superiorfrontal,0.7962962962962963,0.32732683535398854,0.7058823529411765,0.65051297763034,None + Linear-SVM,unconscious,unconscious,False,Image,False,4,6,3,2
1389,sub-03,lh-superiorfrontal,0.7916666666666667,0.3563483225498992,0.5714285714285715,0.6751942729250793,None + Linear-SVM,unconscious,unconscious,False,Image,False,5,2,2,1
1390,sub-03,lh-superiorfrontal,0.6944444444444444,0.1690308509457033,0.5454545454545454,0.6753712605270877,None + Linear-SVM,unconscious,unconscious,False,Image,False,4,3,3,2
1391,sub-03,lh-superiorfrontal,0.8333333333333334,0.6123724356957946,0.6666666666666666,0.650651119596765,None + Linear-SVM,unconscious,unconscious,False,Image,False,6,2,2,0
1392,sub-03,lh-superiorfrontal,1.0,0.7559289460184544,0.8,0.6447631105144723,None + Linear-SVM,unconscious,unconscious,False,Image,False,6,2,1,0
1393,sub-03,lh-superiorfrontal,0.9166666666666667,0.3333333333333333,0.5,0.6731510982769506,None + Linear-SVM,unconscious,unconscious,False,Image,False,5,1,1,1
1394,sub-03,lh-superiorfrontal,0.8571428571428572,0.5476190476190477,0.7692307692307692,0.6545034604884374,None + Linear-SVM,unconscious,unconscious,False,Image,False,5,5,2,1
1395,sub-03,lh-superiorfrontal,0.6111111111111112,0.3535533905932738,0.6,0.6840912458768464,None + Linear-SVM,unconscious,unconscious,False,Image,False,5,3,3,1
1396,sub-03,lh-superiorfrontal,0.5625,0.16666666666666666,0.5714285714285715,0.6908001911585806,None + Linear-SVM,unconscious,unconscious,False,Image,False,4,4,4,2
1397,sub-03,lh-superiorfrontal,0.5555555555555556,0.1690308509457033,0.5454545454545454,0.6865870113448018,None + Linear-SVM,unconscious,unconscious,False,Image,False,4,3,3,2
1398,sub-03,lh-superiorfrontal,0.4444444444444444,-0.31622776601683794,0.25,0.7003994268367629,None + Linear-SVM,unconscious,unconscious,False,Image,False,2,1,2,4
1399,sub-03,lh-superiorfrontal,0.4,0.06900655593423542,0.4444444444444445,0.705447688366096,None + Linear-SVM,unconscious,unconscious,False,Image,False,4,2,3,2
1400,sub-03,lh-superiorfrontal,0.6666666666666666,0.28867513459481287,0.6666666666666666,0.6821942190987651,None + Linear-SVM,unconscious,unconscious,False,Image,False,4,5,3,2
1401,sub-03,lh-superiorfrontal,0.2222222222222222,-0.5,0.0,0.7115279795139696,None + Linear-SVM,unconscious,unconscious,False,Image,False,3,0,3,3
1402,sub-03,lh-superiorfrontal,0.5208333333333334,0.16666666666666666,0.5714285714285715,0.697808683073373,None + Linear-SVM,unconscious,unconscious,False,Image,False,4,4,4,2
1403,sub-03,lh-superiorfrontal,0.3333333333333333,-0.3578300267477955,0.3529411764705882,0.7064463265812989,None + Linear-SVM,unconscious,unconscious,False,Image,False,2,3,7,4
1404,sub-03,lh-superiorfrontal,0.8055555555555557,0.50709255283711,0.7272727272727272,0.6690932713987133,None + Linear-SVM,unconscious,unconscious,False,Image,False,5,4,2,1
1405,sub-03,lh-superiorfrontal,0.5277777777777778,0.19245008972987526,0.4444444444444444,0.7022090453618386,None + Linear-SVM,unconscious,unconscious,False,Image,False,5,2,4,1
1406,sub-03,lh-superiorfrontal,0.8333333333333334,-0.16666666666666666,0.0,0.6888155581265293,None + Linear-SVM,unconscious,unconscious,False,Image,False,5,0,1,1
1407,sub-03,lh-superiorfrontal,0.7000000000000001,0.26666666666666666,0.6,0.6788504836400656,None + Linear-SVM,unconscious,unconscious,False,Image,False,4,3,2,2
1408,sub-03,lh-superiorfrontal,0.9333333333333333,0.6333333333333333,0.8000000000000002,0.6625360276096867,None + Linear-SVM,unconscious,unconscious,False,Image,False,5,4,1,1
1409,sub-03,lh-superiorfrontal,0.5,0.0,0.0,0.6941352577949633,None + Linear-SVM,unconscious,unconscious,False,Image,False,6,0,2,0
1410,sub-03,lh-superiorfrontal,0.5666666666666667,0.0,0.5555555555555556,0.6967789960632851,None + Linear-SVM,unconscious,unconscious,False,Image,False,3,5,5,3
1411,sub-03,lh-superiorfrontal,0.5666666666666667,0.06900655593423542,0.4444444444444445,0.6789284328053138,None + Linear-SVM,unconscious,unconscious,False,Image,False,4,2,3,2
1412,sub-03,lh-superiorfrontal,0.7222222222222222,0.5,0.5,0.6767920244833916,None + Linear-SVM,unconscious,unconscious,False,Image,False,6,1,2,0
1413,sub-03,lh-superiorfrontal,0.5833333333333334,0.0,0.4444444444444445,0.6797950257460978,None + Linear-SVM,unconscious,unconscious,False,Image,False,3,2,2,3
1414,sub-03,lh-superiorfrontal,0.7,0.1,0.5454545454545454,0.6650015472817992,None + Linear-SVM,unconscious,unconscious,False,Image,False,3,3,2,3
1415,sub-03,lh-superiorfrontal,0.6944444444444444,0.1690308509457033,0.5454545454545454,0.6776450568376101,None + Linear-SVM,unconscious,unconscious,False,Image,False,4,3,3,2
1416,sub-03,lh-superiorfrontal,0.6190476190476191,0.23809523809523808,0.6153846153846153,0.6706864924125118,None + Linear-SVM,unconscious,unconscious,False,Image,False,4,4,3,2
1417,sub-03,lh-superiorfrontal,0.5666666666666667,0.06900655593423542,0.4444444444444445,0.6878109394346418,None + Linear-SVM,unconscious,unconscious,False,Image,False,4,2,3,2
1418,sub-03,lh-superiorfrontal,0.7333333333333333,0.4485426135725303,0.6666666666666665,0.6660096510451682,None + Linear-SVM,unconscious,unconscious,False,Image,False,5,3,2,1
1419,sub-03,lh-superiorfrontal,0.5416666666666667,0.10206207261596577,0.3333333333333333,0.6937882817463511,None + Linear-SVM,unconscious,unconscious,False,Image,False,5,1,3,1
1420,sub-03,lh-superiorfrontal,0.5,-0.26666666666666666,0.3636363636363636,0.6789471738134988,None + Linear-SVM,unconscious,unconscious,False,Image,False,2,2,3,4
1421,sub-03,lh-superiorfrontal,0.7222222222222222,0.1690308509457033,0.5454545454545454,0.6712806897477495,None + Linear-SVM,unconscious,unconscious,False,Image,False,4,3,3,2
1422,sub-03,lh-superiorfrontal,0.5,0.22821773229381923,0.5,0.7042767267955679,None + Linear-SVM,unconscious,unconscious,False,Image,False,5,3,5,1
1423,sub-03,lh-superiorfrontal,0.5833333333333333,-0.14907119849998599,0.28571428571428575,0.6816619337559837,None + Linear-SVM,unconscious,unconscious,False,Image,False,2,1,1,4
1424,sub-03,lh-superiorfrontal,0.888888888888889,0.50709255283711,0.7272727272727272,0.6643218649690817,None + Linear-SVM,unconscious,unconscious,False,Image,False,5,4,2,1
1425,sub-03,lh-superiorfrontal,0.75,0.50709255283711,0.7272727272727272,0.6750931445559893,None + Linear-SVM,unconscious,unconscious,False,Image,False,5,4,2,1
1426,sub-03,lh-superiorfrontal,0.44999999999999996,-0.09759000729485331,0.47058823529411764,0.6960727272273883,None + Linear-SVM,unconscious,unconscious,False,Image,False,3,4,6,3
1427,sub-03,lh-superiorfrontal,0.7333333333333334,0.5163977794943222,0.7777777777777777,0.6649265481403566,None + Linear-SVM,unconscious,unconscious,False,Image,False,5,7,3,1
1428,sub-03,lh-superiorfrontal,0.6666666666666666,0.16666666666666666,0.5714285714285715,0.6717051926002621,None + Linear-SVM,unconscious,unconscious,False,Image,False,4,4,4,2
1429,sub-03,lh-superiorfrontal,0.5833333333333333,0.16265001215808886,0.588235294117647,0.6747205523582561,None + Linear-SVM,unconscious,unconscious,False,Image,False,4,5,5,2
1430,sub-03,lh-superiorfrontal,0.5238095238095238,-0.07142857142857142,0.4615384615384615,0.6934919381788808,None + Linear-SVM,unconscious,unconscious,False,Image,False,3,3,4,3
1431,sub-03,lh-superiorfrontal,0.5476190476190476,0.23809523809523808,0.6153846153846153,0.6927625100182848,None + Linear-SVM,unconscious,unconscious,False,Image,False,4,4,3,2
1432,sub-03,lh-superiorfrontal,0.5208333333333334,0.22821773229381923,0.5,0.6978759287975583,None + Linear-SVM,unconscious,unconscious,False,Image,False,5,3,5,1
1433,sub-03,lh-superiorfrontal,0.5666666666666667,0.16265001215808886,0.588235294117647,0.6794142825653986,None + Linear-SVM,unconscious,unconscious,False,Image,False,4,5,5,2
1434,sub-03,lh-superiorfrontal,0.5476190476190476,0.09759000729485333,0.5,0.6885199238931521,None + Linear-SVM,unconscious,unconscious,False,Image,False,4,3,4,2
1435,sub-03,lh-superiorfrontal,0.8055555555555557,0.50709255283711,0.7272727272727272,0.6606286745970197,None + Linear-SVM,unconscious,unconscious,False,Image,False,5,4,2,1
1436,sub-03,lh-superiorfrontal,0.8148148148148148,0.49099025303098287,0.75,0.6528032730215652,None + Linear-SVM,unconscious,unconscious,False,Image,False,5,6,3,1
1437,sub-03,lh-superiorfrontal,0.7083333333333333,0.3563483225498992,0.5714285714285715,0.685382849677714,None + Linear-SVM,unconscious,unconscious,False,Image,False,5,2,2,1
1438,sub-03,lh-superiorfrontal,0.6388888888888888,0.1690308509457033,0.5454545454545454,0.6860903800465511,None + Linear-SVM,unconscious,unconscious,False,Image,False,4,3,3,2
1439,sub-03,lh-superiorfrontal,0.7916666666666666,0.6123724356957946,0.6666666666666666,0.6603869983866085,None + Linear-SVM,unconscious,unconscious,False,Image,False,6,2,2,0
1440,sub-03,lh-superiorfrontal,0.9444444444444444,0.5,0.6666666666666666,0.6627465774080001,None + Linear-SVM,unconscious,unconscious,False,Image,False,5,2,1,1
1441,sub-03,lh-superiorfrontal,0.8636363636363636,0.27247463045653303,0.4,0.6936877004233696,None + Linear-SVM,unconscious,unconscious,False,Image,False,9,1,1,2
1442,sub-03,lh-superiorfrontal,0.7532467532467533,0.5324675324675324,0.7142857142857143,0.6745135829390119,None + Linear-SVM,unconscious,unconscious,False,Image,False,9,5,2,2
1443,sub-03,lh-superiorfrontal,0.6666666666666666,0.3825184261187248,0.6153846153846153,0.6859415921159708,None + Linear-SVM,unconscious,unconscious,False,Image,False,8,4,2,3
1444,sub-03,lh-superiorfrontal,0.6136363636363635,0.2326210525996177,0.5333333333333333,0.686597138519048,None + Linear-SVM,unconscious,unconscious,False,Image,False,8,4,4,3
1445,sub-03,lh-superiorfrontal,0.5606060606060606,0.22727272727272727,0.5,0.6987987746557301,None + Linear-SVM,unconscious,unconscious,False,Image,False,8,3,3,3
1446,sub-03,lh-superiorfrontal,0.4242424242424242,-0.251259453814803,0.18181818181818182,0.6992338773274719,None + Linear-SVM,unconscious,unconscious,False,Image,False,4,1,2,7
1447,sub-03,lh-superiorfrontal,0.4727272727272727,-0.050964719143762556,0.3333333333333333,0.7022145384059126,None + Linear-SVM,unconscious,unconscious,False,Image,False,6,2,3,5
1448,sub-03,lh-superiorfrontal,0.6477272727272727,0.2584432806109095,0.5882352941176471,0.685815431485867,None + Linear-SVM,unconscious,unconscious,False,Image,False,7,5,3,4
1449,sub-03,lh-superiorfrontal,0.3333333333333333,-0.17407765595569785,0.2,0.7103628575684138,None + Linear-SVM,unconscious,unconscious,False,Image,False,5,1,2,6
1450,sub-03,lh-superiorfrontal,0.5568181818181818,0.13636363636363635,0.5,0.6936446184013462,None + Linear-SVM,unconscious,unconscious,False,Image,False,7,4,4,4
1451,sub-03,lh-superiorfrontal,0.5181818181818181,0.03739787960033829,0.4444444444444445,0.6916635354438252,None + Linear-SVM,unconscious,unconscious,False,Image,False,7,4,6,4
1452,sub-03,lh-superiorfrontal,0.7424242424242424,0.3825184261187248,0.6153846153846153,0.6798729976334507,None + Linear-SVM,unconscious,unconscious,False,Image,False,8,4,2,3
1453,sub-03,lh-superiorfrontal,0.4848484848484848,-0.13241022442571243,0.37499999999999994,0.6940665734597188,None + Linear-SVM,unconscious,unconscious,False,Image,False,4,3,3,7
1454,sub-03,lh-superiorfrontal,0.8181818181818181,-0.13483997249264842,0.0,0.7020854845642218,None + Linear-SVM,unconscious,unconscious,False,Image,False,9,0,1,2
1455,sub-03,lh-superiorfrontal,0.5636363636363636,0.034815531191139566,0.3636363636363636,0.6950760268673717,None + Linear-SVM,unconscious,unconscious,False,Image,False,7,2,3,4
1456,sub-03,lh-superiorfrontal,0.8363636363636364,0.41818181818181815,0.6,0.6800601319804987,None + Linear-SVM,unconscious,unconscious,False,Image,False,9,3,2,2
1457,sub-03,lh-superiorfrontal,0.5454545454545454,-0.27247463045653303,0.16666666666666669,0.6986330783507714,None + Linear-SVM,unconscious,unconscious,False,Image,False,2,1,1,9
1458,sub-03,lh-superiorfrontal,0.5818181818181818,0.13762047064079508,0.5263157894736842,0.6932720889380917,None + Linear-SVM,unconscious,unconscious,False,Image,False,7,5,5,4
1459,sub-03,lh-superiorfrontal,0.6181818181818182,-0.050964719143762556,0.3333333333333333,0.6887261745446793,None + Linear-SVM,unconscious,unconscious,False,Image,False,6,2,3,5
1460,sub-03,lh-superiorfrontal,0.7878787878787878,0.251259453814803,0.4444444444444444,0.6893941078644616,None + Linear-SVM,unconscious,unconscious,False,Image,False,7,2,1,4
1461,sub-03,lh-superiorfrontal,0.7045454545454545,0.12309149097933272,0.4,0.6886206570412862,None + Linear-SVM,unconscious,unconscious,False,Image,False,7,2,2,4
1462,sub-03,lh-superiorfrontal,0.6909090909090909,0.22084711628963774,0.5,0.6810575260741227,None + Linear-SVM,unconscious,unconscious,False,Image,False,7,3,2,4
1463,sub-03,lh-superiorfrontal,0.6515151515151515,0.13241022442571243,0.4615384615384615,0.688512163786591,None + Linear-SVM,unconscious,unconscious,False,Image,False,7,3,3,4
1464,sub-03,lh-superiorfrontal,0.7142857142857143,0.4029114820126901,0.6153846153846153,0.6725703339892397,None + Linear-SVM,unconscious,unconscious,False,Image,False,9,4,3,2
1465,sub-03,lh-superiorfrontal,0.6,0.12727272727272726,0.4000000000000001,0.692854118341911,None + Linear-SVM,unconscious,unconscious,False,Image,False,8,2,3,3
1466,sub-03,lh-superiorfrontal,0.7090909090909091,0.22084711628963774,0.5,0.6847605045980464,None + Linear-SVM,unconscious,unconscious,False,Image,False,7,3,2,4
1467,sub-03,lh-superiorfrontal,0.5454545454545454,0.040291148201269014,0.36363636363636365,0.6907821083428946,None + Linear-SVM,unconscious,unconscious,False,Image,False,6,2,2,5
1468,sub-03,lh-superiorfrontal,0.6181818181818182,-0.050964719143762556,0.3333333333333333,0.6885077826450203,None + Linear-SVM,unconscious,unconscious,False,Image,False,6,2,3,5
1469,sub-03,lh-superiorfrontal,0.696969696969697,0.22727272727272727,0.5,0.6833639330018714,None + Linear-SVM,unconscious,unconscious,False,Image,False,8,3,3,3
1470,sub-03,lh-superiorfrontal,0.48863636363636365,-0.044946657497549475,0.4444444444444445,0.6954731363518986,None + Linear-SVM,unconscious,unconscious,False,Image,False,5,4,4,6
1471,sub-03,lh-superiorfrontal,0.7272727272727273,0.03289758474798845,0.25,0.694424172136014,None + Linear-SVM,unconscious,unconscious,False,Image,False,6,1,1,5
1472,sub-03,lh-superiorfrontal,0.7727272727272727,0.3825184261187248,0.6153846153846153,0.6783755778248962,None + Linear-SVM,unconscious,unconscious,False,Image,False,8,4,2,3
1473,sub-03,lh-superiorfrontal,0.7272727272727273,0.3825184261187248,0.6153846153846153,0.685414707854167,None + Linear-SVM,unconscious,unconscious,False,Image,False,8,4,2,3
1474,sub-03,lh-superiorfrontal,0.6090909090909091,0.13762047064079508,0.5263157894736842,0.6880311845596382,None + Linear-SVM,unconscious,unconscious,False,Image,False,7,5,5,4
1475,sub-03,lh-superiorfrontal,0.6909090909090909,0.3302891295379082,0.631578947368421,0.6739402191909518,None + Linear-SVM,unconscious,unconscious,False,Image,False,8,6,4,3
1476,sub-03,lh-superiorfrontal,0.6590909090909092,0.13636363636363635,0.5,0.6825505234544573,None + Linear-SVM,unconscious,unconscious,False,Image,False,7,4,4,4
1477,sub-03,lh-superiorfrontal,0.6727272727272727,0.3302891295379082,0.631578947368421,0.6771599113611588,None + Linear-SVM,unconscious,unconscious,False,Image,False,8,6,4,3
1478,sub-03,lh-superiorfrontal,0.5584415584415584,0.16116459280507606,0.4615384615384615,0.6893107830405338,None + Linear-SVM,unconscious,unconscious,False,Image,False,8,3,4,3
1479,sub-03,lh-superiorfrontal,0.5844155844155844,0.11396057645963795,0.5,0.69722088364702,None + Linear-SVM,unconscious,unconscious,False,Image,False,6,4,3,5
1480,sub-03,lh-superiorfrontal,0.5568181818181819,0.044946657497549475,0.47058823529411764,0.6893378898920846,None + Linear-SVM,unconscious,unconscious,False,Image,False,6,4,4,5
1481,sub-03,lh-superiorfrontal,0.6272727272727273,0.23636363636363636,0.6,0.6782334022983164,None + Linear-SVM,unconscious,unconscious,False,Image,False,7,6,4,4
1482,sub-03,lh-superiorfrontal,0.5974025974025974,0.20385887657505022,0.5333333333333333,0.6901677071292713,None + Linear-SVM,unconscious,unconscious,False,Image,False,7,4,3,4
1483,sub-03,lh-superiorfrontal,0.7424242424242424,0.48484848484848486,0.6666666666666666,0.6734340570505144,None + Linear-SVM,unconscious,unconscious,False,Image,False,9,4,2,2
1484,sub-03,lh-superiorfrontal,0.7676767676767677,0.28721347895177635,0.5882352941176471,0.6682419971366997,None + Linear-SVM,unconscious,unconscious,False,Image,False,8,5,4,3
1485,sub-03,lh-superiorfrontal,0.5681818181818181,0.12309149097933272,0.4,0.7031968625295912,None + Linear-SVM,unconscious,unconscious,False,Image,False,7,2,2,4
1486,sub-03,lh-superiorfrontal,0.5454545454545454,0.13241022442571243,0.4615384615384615,0.6956568315805062,None + Linear-SVM,unconscious,unconscious,False,Image,False,7,3,3,4
1487,sub-03,lh-superiorfrontal,0.7499999999999999,0.45226701686664544,0.5714285714285715,0.6860003083717758,None + Linear-SVM,unconscious,unconscious,False,Image,False,10,2,2,1
1488,sub-03,lh-superiorfrontal,0.8787878787878787,0.4403855060505443,0.5714285714285715,0.6827631568234324,None + Linear-SVM,unconscious,unconscious,False,Image,False,9,2,1,2
1489,sub-03,lh-superiorfrontal,0.8181818181818182,0.27247463045653303,0.4,0.703686644361974,None + Linear-SVM,unconscious,unconscious,False,Image,False,9,1,1,2
1490,sub-03,lh-superiorfrontal,0.8051948051948052,0.5324675324675324,0.7142857142857143,0.6752312247123947,None + Linear-SVM,unconscious,unconscious,False,Image,False,9,5,2,2
1491,sub-03,lh-superiorfrontal,0.6212121212121212,0.22727272727272727,0.5,0.6915601768620975,None + Linear-SVM,unconscious,unconscious,False,Image,False,8,3,3,3
1492,sub-03,lh-superiorfrontal,0.5681818181818182,0.2326210525996177,0.5333333333333333,0.6933845690105006,None + Linear-SVM,unconscious,unconscious,False,Image,False,8,4,4,3
1493,sub-03,lh-superiorfrontal,0.5303030303030303,0.13241022442571243,0.4615384615384615,0.6990914346042679,None + Linear-SVM,unconscious,unconscious,False,Image,False,7,3,3,4
1494,sub-03,lh-superiorfrontal,0.4242424242424242,-0.17407765595569785,0.2,0.7066056373110453,None + Linear-SVM,unconscious,unconscious,False,Image,False,5,1,2,6
1495,sub-03,lh-superiorfrontal,0.4181818181818182,-0.3133397807202561,0.26666666666666666,0.7066134504380909,None + Linear-SVM,unconscious,unconscious,False,Image,False,3,2,3,8
1496,sub-03,lh-superiorfrontal,0.625,0.13636363636363635,0.5,0.6882875640537979,None + Linear-SVM,unconscious,unconscious,False,Image,False,7,4,4,4
1497,sub-03,lh-superiorfrontal,0.2727272727272727,-0.251259453814803,0.18181818181818182,0.718591535658302,None + Linear-SVM,unconscious,unconscious,False,Image,False,4,1,2,7
1498,sub-03,lh-superiorfrontal,0.45454545454545453,-0.07954545454545454,0.375,0.7044994879500114,None + Linear-SVM,unconscious,unconscious,False,Image,False,6,3,5,5
1499,sub-03,lh-superiorfrontal,0.4636363636363636,-0.14545454545454545,0.4000000000000001,0.6984636029615436,None + Linear-SVM,unconscious,unconscious,False,Image,False,5,4,6,6
1500,sub-03,lh-superiorfrontal,0.7727272727272727,0.48484848484848486,0.6666666666666666,0.6798528205210711,None + Linear-SVM,unconscious,unconscious,False,Image,False,9,4,2,2
1501,sub-03,lh-superiorfrontal,0.45454545454545453,0.06356417261637282,0.3636363636363636,0.7029833726168433,None + Linear-SVM,unconscious,unconscious,False,Image,False,8,2,4,3
1502,sub-03,lh-superiorfrontal,0.9090909090909091,-0.09090909090909091,0.0,0.7083927546034023,None + Linear-SVM,unconscious,unconscious,False,Image,False,10,0,1,1
1503,sub-03,lh-superiorfrontal,0.6181818181818182,0.22084711628963774,0.5,0.695048588695008,None + Linear-SVM,unconscious,unconscious,False,Image,False,7,3,2,4
1504,sub-03,lh-superiorfrontal,0.8545454545454545,0.5918640302493726,0.7272727272727272,0.6814982792984451,None + Linear-SVM,unconscious,unconscious,False,Image,False,9,4,1,2
1505,sub-03,lh-superiorfrontal,0.45454545454545453,-0.12309149097933272,0.0,0.7102434788508403,None + Linear-SVM,unconscious,unconscious,False,Image,False,10,0,2,1
1506,sub-03,lh-superiorfrontal,0.5818181818181818,0.13762047064079508,0.5263157894736842,0.6914311565766434,None + Linear-SVM,unconscious,unconscious,False,Image,False,7,5,5,4
1507,sub-03,lh-superiorfrontal,0.5636363636363636,-0.050964719143762556,0.3333333333333333,0.6983457509723092,None + Linear-SVM,unconscious,unconscious,False,Image,False,6,2,3,5
1508,sub-03,lh-superiorfrontal,0.7272727272727273,0.15151515151515152,0.3333333333333333,0.696257183631715,None + Linear-SVM,unconscious,unconscious,False,Image,False,9,1,2,2
1509,sub-03,lh-superiorfrontal,0.5681818181818181,0.040291148201269014,0.36363636363636365,0.6997057547457265,None + Linear-SVM,unconscious,unconscious,False,Image,False,6,2,2,5
1510,sub-03,lh-superiorfrontal,0.6909090909090909,0.13483997249264842,0.4615384615384615,0.6870449736636102,None + Linear-SVM,unconscious,unconscious,False,Image,False,6,3,2,5
1511,sub-03,lh-superiorfrontal,0.6060606060606061,0.13241022442571243,0.4615384615384615,0.6946013939522171,None + Linear-SVM,unconscious,unconscious,False,Image,False,7,3,3,4
1512,sub-03,lh-superiorfrontal,0.6883116883116883,0.2987012987012987,0.5714285714285714,0.6819373311584956,None + Linear-SVM,unconscious,unconscious,False,Image,False,8,4,3,3
1513,sub-03,lh-superiorfrontal,0.5818181818181818,0.12727272727272726,0.4000000000000001,0.6982594195227152,None + Linear-SVM,unconscious,unconscious,False,Image,False,8,2,3,3
1514,sub-03,lh-superiorfrontal,0.6363636363636364,0.12727272727272726,0.4000000000000001,0.6904567006403883,None + Linear-SVM,unconscious,unconscious,False,Image,False,8,2,3,3
1515,sub-03,lh-superiorfrontal,0.47727272727272724,-0.12309149097933272,0.30769230769230765,0.7091598284473508,None + Linear-SVM,unconscious,unconscious,False,Image,False,4,2,2,7
1516,sub-03,lh-superiorfrontal,0.5818181818181818,-0.050964719143762556,0.3333333333333333,0.6928072498224846,None + Linear-SVM,unconscious,unconscious,False,Image,False,6,2,3,5
1517,sub-03,lh-superiorfrontal,0.6969696969696969,0.3825184261187248,0.6153846153846153,0.6874520061253496,None + Linear-SVM,unconscious,unconscious,False,Image,False,8,4,2,3
1518,sub-03,lh-superiorfrontal,0.4431818181818181,-0.1685499656158105,0.35294117647058826,0.7066142654944436,None + Linear-SVM,unconscious,unconscious,False,Image,False,5,3,5,6
1519,sub-03,lh-superiorfrontal,0.6818181818181819,0.03289758474798845,0.25,0.7023988038518563,None + Linear-SVM,unconscious,unconscious,False,Image,False,6,1,1,5
1520,sub-03,lh-superiorfrontal,0.6818181818181819,0.22727272727272727,0.5,0.6848794672194689,None + Linear-SVM,unconscious,unconscious,False,Image,False,8,3,3,3
1521,sub-03,lh-superiorfrontal,0.7121212121212122,0.3825184261187248,0.6153846153846153,0.6890175856380987,None + Linear-SVM,unconscious,unconscious,False,Image,False,8,4,2,3
1522,sub-03,lh-superiorfrontal,0.5818181818181818,0.13762047064079508,0.5263157894736842,0.6922894068625082,None + Linear-SVM,unconscious,unconscious,False,Image,False,7,5,5,4
1523,sub-03,lh-superiorfrontal,0.6272727272727272,0.13762047064079508,0.5263157894736842,0.6821985989888256,None + Linear-SVM,unconscious,unconscious,False,Image,False,7,5,5,4
1524,sub-03,lh-superiorfrontal,0.5909090909090908,0.13636363636363635,0.5,0.6893298873079632,None + Linear-SVM,unconscious,unconscious,False,Image,False,7,4,4,4
1525,sub-03,lh-superiorfrontal,0.6454545454545455,0.13762047064079508,0.5263157894736842,0.6802690216890857,None + Linear-SVM,unconscious,unconscious,False,Image,False,7,5,5,4
1526,sub-03,lh-superiorfrontal,0.5584415584415584,-0.025482359571881278,0.39999999999999997,0.6924616191368009,None + Linear-SVM,unconscious,unconscious,False,Image,False,6,3,4,5
1527,sub-03,lh-superiorfrontal,0.5454545454545454,0.20385887657505022,0.5333333333333333,0.6991390294974719,None + Linear-SVM,unconscious,unconscious,False,Image,False,7,4,3,4
1528,sub-03,lh-superiorfrontal,0.5454545454545455,0.13636363636363635,0.5,0.6931440927378874,None + Linear-SVM,unconscious,unconscious,False,Image,False,7,4,4,4
1529,sub-03,lh-superiorfrontal,0.5909090909090909,0.13762047064079508,0.5263157894736842,0.6819045634120445,None + Linear-SVM,unconscious,unconscious,False,Image,False,7,5,5,4
1530,sub-03,lh-superiorfrontal,0.5324675324675324,0.11396057645963795,0.5,0.6978356838656445,None + Linear-SVM,unconscious,unconscious,False,Image,False,6,4,3,5
1531,sub-03,lh-superiorfrontal,0.7272727272727272,0.3825184261187248,0.6153846153846153,0.6834261068986351,None + Linear-SVM,unconscious,unconscious,False,Image,False,8,4,2,3
1532,sub-03,lh-superiorfrontal,0.7676767676767676,0.30151134457776363,0.631578947368421,0.6717207419701932,None + Linear-SVM,unconscious,unconscious,False,Image,False,7,6,3,4
1533,sub-03,lh-superiorfrontal,0.6363636363636365,0.21320071635561041,0.4444444444444445,0.7034171647992112,None + Linear-SVM,unconscious,unconscious,False,Image,False,8,2,2,3
1534,sub-03,lh-superiorfrontal,0.5909090909090909,0.04351941398892446,0.42857142857142855,0.6947801921573825,None + Linear-SVM,unconscious,unconscious,False,Image,False,6,3,3,5
1535,sub-03,lh-superiorfrontal,0.7499999999999999,0.45226701686664544,0.5714285714285715,0.6880116390964016,None + Linear-SVM,unconscious,unconscious,False,Image,False,10,2,2,1
1536,sub-03,lh-superiorfrontal,0.7878787878787878,0.251259453814803,0.4444444444444444,0.6926117078331375,None + Linear-SVM,unconscious,unconscious,False,Image,False,7,2,1,4
1537,sub-03,lh-superiorfrontal,0.7,0.09128709291752768,0.4,0.6850462019564212,None + Linear-SVM,unconscious,unconscious,False,Image,False,3,1,1,2
1538,sub-03,lh-superiorfrontal,0.7142857142857143,0.37142857142857144,0.6666666666666666,0.6626276453241747,None + Linear-SVM,unconscious,unconscious,False,Image,False,4,4,3,1
1539,sub-03,lh-superiorfrontal,0.5333333333333333,-0.06900655593423542,0.4,0.689381387174029,None + Linear-SVM,unconscious,unconscious,False,Image,False,3,2,4,2
1540,sub-03,lh-superiorfrontal,0.575,0.09759000729485333,0.5714285714285715,0.6913629674947971,None + Linear-SVM,unconscious,unconscious,False,Image,False,3,4,4,2
1541,sub-03,lh-superiorfrontal,0.4333333333333333,-0.06900655593423542,0.4,0.7030400129841184,None + Linear-SVM,unconscious,unconscious,False,Image,False,3,2,4,2
1542,sub-03,lh-superiorfrontal,0.3333333333333333,-0.2581988897471611,0.28571428571428575,0.7109917899120335,None + Linear-SVM,unconscious,unconscious,False,Image,False,2,1,2,3
1543,sub-03,lh-superiorfrontal,0.32,-0.2,0.4000000000000001,0.7266347526456032,None + Linear-SVM,unconscious,unconscious,False,Image,False,2,2,3,3
1544,sub-03,lh-superiorfrontal,0.575,-0.025,0.4615384615384615,0.6819919796652092,None + Linear-SVM,unconscious,unconscious,False,Image,False,3,3,5,2
1545,sub-03,lh-superiorfrontal,0.1333333333333333,-0.6,0.0,0.7353158580230765,None + Linear-SVM,unconscious,unconscious,False,Image,False,2,0,3,3
1546,sub-03,lh-superiorfrontal,0.5,-0.025,0.4615384615384615,0.700177309822679,None + Linear-SVM,unconscious,unconscious,False,Image,False,3,3,5,2
1547,sub-03,lh-superiorfrontal,0.43999999999999995,-0.1,0.4,0.7005390361629332,None + Linear-SVM,unconscious,unconscious,False,Image,False,3,3,7,2
1548,sub-03,lh-superiorfrontal,0.7,0.3105295017040594,0.6,0.6692282676334395,None + Linear-SVM,unconscious,unconscious,False,Image,False,4,3,3,1
1549,sub-03,lh-superiorfrontal,0.3333333333333333,-0.06900655593423542,0.4,0.7193973872482468,None + Linear-SVM,unconscious,unconscious,False,Image,False,3,2,4,2
1550,sub-03,lh-superiorfrontal,0.6,-0.31622776601683794,0.0,0.7013506765663156,None + Linear-SVM,unconscious,unconscious,False,Image,False,3,0,1,2
1551,sub-03,lh-superiorfrontal,0.52,0.0,0.4444444444444445,0.6915776568285587,None + Linear-SVM,unconscious,unconscious,False,Image,False,3,2,3,2
1552,sub-03,lh-superiorfrontal,0.8,0.408248290463863,0.6666666666666665,0.6647377832745893,None + Linear-SVM,unconscious,unconscious,False,Image,False,4,3,2,1
1553,sub-03,lh-superiorfrontal,0.5,0.0,0.0,0.717887834048834,None + Linear-SVM,unconscious,unconscious,False,Image,False,5,0,2,0
1554,sub-03,lh-superiorfrontal,0.49999999999999994,0.0,0.5,0.7085741429193357,None + Linear-SVM,unconscious,unconscious,False,Image,False,3,4,6,2
1555,sub-03,lh-superiorfrontal,0.6000000000000001,0.0,0.4444444444444445,0.6915542477741623,None + Linear-SVM,unconscious,unconscious,False,Image,False,3,2,3,2
1556,sub-03,lh-superiorfrontal,0.7333333333333333,0.14907119849998599,0.4,0.6794088623303706,None + Linear-SVM,unconscious,unconscious,False,Image,False,4,1,2,1
1557,sub-03,lh-superiorfrontal,0.5499999999999999,-0.15811388300841897,0.28571428571428575,0.6939804821462557,None + Linear-SVM,unconscious,unconscious,False,Image,False,3,1,3,2
1558,sub-03,lh-superiorfrontal,0.64,0.2182178902359924,0.5,0.6763531254171856,None + Linear-SVM,unconscious,unconscious,False,Image,False,4,2,3,1
1559,sub-03,lh-superiorfrontal,0.6,0.1,0.5454545454545454,0.69090460922364,None + Linear-SVM,unconscious,unconscious,False,Image,False,3,3,3,2
1560,sub-03,lh-superiorfrontal,0.6,0.02857142857142857,0.5,0.6768786627805894,None + Linear-SVM,unconscious,unconscious,False,Image,False,3,3,4,2
1561,sub-03,lh-superiorfrontal,0.48,0.0,0.4444444444444445,0.6962535387019492,None + Linear-SVM,unconscious,unconscious,False,Image,False,3,2,3,2
1562,sub-03,lh-superiorfrontal,0.6799999999999999,0.2,0.6,0.6734724350201552,None + Linear-SVM,unconscious,unconscious,False,Image,False,3,3,2,2
1563,sub-03,lh-superiorfrontal,0.5,0.1,0.5,0.700070110501356,None + Linear-SVM,unconscious,unconscious,False,Image,False,3,2,2,2
1564,sub-03,lh-superiorfrontal,0.6,0.0,0.4444444444444445,0.6842457457104733,None + Linear-SVM,unconscious,unconscious,False,Image,False,3,2,3,2
1565,sub-03,lh-superiorfrontal,0.5333333333333333,0.1,0.5454545454545454,0.6841543823465979,None + Linear-SVM,unconscious,unconscious,False,Image,False,3,3,3,2
1566,sub-03,lh-superiorfrontal,0.45,-0.025,0.4615384615384615,0.7053944605233747,None + Linear-SVM,unconscious,unconscious,False,Image,False,3,3,5,2
1567,sub-03,lh-superiorfrontal,0.6,-0.09128709291752768,0.3333333333333333,0.6965639535218999,None + Linear-SVM,unconscious,unconscious,False,Image,False,2,1,1,3
1568,sub-03,lh-superiorfrontal,0.6666666666666666,0.1,0.5454545454545454,0.6736455918140171,None + Linear-SVM,unconscious,unconscious,False,Image,False,3,3,3,2
1569,sub-03,lh-superiorfrontal,0.6333333333333333,0.1,0.5454545454545454,0.678193083707506,None + Linear-SVM,unconscious,unconscious,False,Image,False,3,3,3,2
1570,sub-03,lh-superiorfrontal,0.46,-0.1,0.4,0.7020231702859748,None + Linear-SVM,unconscious,unconscious,False,Image,False,3,3,7,2
1571,sub-03,lh-superiorfrontal,0.6200000000000001,0.28867513459481287,0.7368421052631577,0.6687767347467692,None + Linear-SVM,unconscious,unconscious,False,Image,False,3,7,3,2
1572,sub-03,lh-superiorfrontal,0.675,0.09759000729485333,0.5714285714285715,0.6735782535222653,None + Linear-SVM,unconscious,unconscious,False,Image,False,3,4,4,2
1573,sub-03,lh-superiorfrontal,0.62,0.09449111825230681,0.588235294117647,0.6743359841463531,None + Linear-SVM,unconscious,unconscious,False,Image,False,3,5,5,2
1574,sub-03,lh-superiorfrontal,0.4571428571428571,0.02857142857142857,0.5,0.703448116657161,None + Linear-SVM,unconscious,unconscious,False,Image,False,3,3,4,2
1575,sub-03,lh-superiorfrontal,0.4857142857142857,0.02857142857142857,0.5,0.6994633640183522,None + Linear-SVM,unconscious,unconscious,False,Image,False,3,3,4,2
1576,sub-03,lh-superiorfrontal,0.5,-0.025,0.4615384615384615,0.6968827945502853,None + Linear-SVM,unconscious,unconscious,False,Image,False,3,3,5,2
1577,sub-03,lh-superiorfrontal,0.52,0.0,0.5,0.6829057621423562,None + Linear-SVM,unconscious,unconscious,False,Image,False,3,4,6,2
1578,sub-03,lh-superiorfrontal,0.48571428571428565,0.02857142857142857,0.5,0.6944369204050057,None + Linear-SVM,unconscious,unconscious,False,Image,False,3,3,4,2
1579,sub-03,lh-superiorfrontal,0.7333333333333334,0.4666666666666667,0.7272727272727272,0.6651492342352378,None + Linear-SVM,unconscious,unconscious,False,Image,False,4,4,2,1
1580,sub-03,lh-superiorfrontal,0.7555555555555555,0.34426518632954817,0.6666666666666667,0.6588108972170461,None + Linear-SVM,unconscious,unconscious,False,Image,False,4,5,4,1
1581,sub-03,lh-superiorfrontal,0.45,-0.15811388300841897,0.28571428571428575,0.6976422902042042,None + Linear-SVM,unconscious,unconscious,False,Image,False,3,1,3,2
1582,sub-03,lh-superiorfrontal,0.4666666666666666,-0.06900655593423542,0.4,0.6984043417130378,None + Linear-SVM,unconscious,unconscious,False,Image,False,3,2,4,2
1583,sub-03,lh-superiorfrontal,0.8,0.5976143046671968,0.6666666666666666,0.6653847723120944,None + Linear-SVM,unconscious,unconscious,False,Image,False,5,2,2,0
1584,sub-03,lh-superiorfrontal,0.8,0.4666666666666667,0.6666666666666666,0.6695434142237009,None + Linear-SVM,unconscious,unconscious,False,Image,False,4,2,1,1
1585,sub-03,lh-superiorfrontal,0.625,0.0,0.4,0.7074891454468819,None + Linear-SVM,unconscious,unconscious,False,Image,False,2,1,1,2
1586,sub-03,lh-superiorfrontal,0.5,-0.06900655593423542,0.5,0.6736820940863674,None + Linear-SVM,unconscious,unconscious,False,Image,False,2,3,4,2
1587,sub-03,lh-superiorfrontal,0.3333333333333333,-0.3563483225498992,0.2222222222222222,0.7053860977600959,None + Linear-SVM,unconscious,unconscious,False,Image,False,2,1,5,2
1588,sub-03,lh-superiorfrontal,0.4375,-0.11952286093343936,0.4615384615384615,0.6976743392478482,None + Linear-SVM,unconscious,unconscious,False,Image,False,2,3,5,2
1589,sub-03,lh-superiorfrontal,0.33333333333333337,-0.3563483225498992,0.2222222222222222,0.7186713848513062,None + Linear-SVM,unconscious,unconscious,False,Image,False,2,1,5,2
1590,sub-03,lh-superiorfrontal,0.16666666666666666,-0.5477225575051661,0.0,0.7458183755697102,None + Linear-SVM,unconscious,unconscious,False,Image,False,2,0,3,2
1591,sub-03,lh-superiorfrontal,0.2,-0.5976143046671968,0.0,0.7415252860158448,None + Linear-SVM,unconscious,unconscious,False,Image,False,2,0,5,2
1592,sub-03,lh-superiorfrontal,0.375,-0.25,0.3333333333333333,0.6953079280102101,None + Linear-SVM,unconscious,unconscious,False,Image,False,2,2,6,2
1593,sub-03,lh-superiorfrontal,0.16666666666666666,-0.5477225575051661,0.0,0.750106235106725,None + Linear-SVM,unconscious,unconscious,False,Image,False,2,0,3,2
1594,sub-03,lh-superiorfrontal,0.3125,-0.25,0.3333333333333333,0.717081692692946,None + Linear-SVM,unconscious,unconscious,False,Image,False,2,2,6,2
1595,sub-03,lh-superiorfrontal,0.375,-0.18856180831641267,0.4,0.7030184944901554,None + Linear-SVM,unconscious,unconscious,False,Image,False,2,3,7,2
1596,sub-03,lh-superiorfrontal,0.375,-0.3563483225498992,0.2222222222222222,0.692018124300527,None + Linear-SVM,unconscious,unconscious,False,Image,False,2,1,5,2
1597,sub-03,lh-superiorfrontal,0.375,-0.16666666666666666,0.4,0.7235454223898247,None + Linear-SVM,unconscious,unconscious,False,Image,False,2,2,4,2
1598,sub-03,lh-superiorfrontal,0.25,-0.4082482904638631,0.0,0.7333024891225095,None + Linear-SVM,unconscious,unconscious,False,Image,False,2,0,1,2
1599,sub-03,lh-superiorfrontal,0.3,-0.31622776601683794,0.25,0.6989476667882867,None + Linear-SVM,unconscious,unconscious,False,Image,False,2,1,4,2
1600,sub-03,lh-superiorfrontal,0.45,-0.31622776601683794,0.25,0.6760164746346571,None + Linear-SVM,unconscious,unconscious,False,Image,False,2,1,4,2
1601,sub-03,lh-superiorfrontal,0.5,0.0,0.0,0.7351801166563742,None + Linear-SVM,unconscious,unconscious,False,Image,False,4,0,2,0
1602,sub-03,lh-superiorfrontal,0.39999999999999997,-0.18856180831641267,0.4,0.7140424649043409,None + Linear-SVM,unconscious,unconscious,False,Image,False,2,3,7,2
1603,sub-03,lh-superiorfrontal,0.35,-0.31622776601683794,0.25,0.705817244898799,None + Linear-SVM,unconscious,unconscious,False,Image,False,2,1,4,2
1604,sub-03,lh-superiorfrontal,0.5833333333333333,-0.16666666666666666,0.3333333333333333,0.6953589773129389,None + Linear-SVM,unconscious,unconscious,False,Image,False,2,1,2,2
1605,sub-03,lh-superiorfrontal,0.4375,-0.2581988897471611,0.28571428571428575,0.7102292869082389,None + Linear-SVM,unconscious,unconscious,False,Image,False,2,1,3,2
1606,sub-03,lh-superiorfrontal,0.65,0.15811388300841897,0.5,0.6822666455764876,None + Linear-SVM,unconscious,unconscious,False,Image,False,3,2,3,1
1607,sub-03,lh-superiorfrontal,0.375,-0.3563483225498992,0.2222222222222222,0.6989454756752984,None + Linear-SVM,unconscious,unconscious,False,Image,False,2,1,5,2
1608,sub-03,lh-superiorfrontal,0.35714285714285715,-0.38575837490522974,0.2,0.6946548790681905,None + Linear-SVM,unconscious,unconscious,False,Image,False,2,1,6,2
1609,sub-03,lh-superiorfrontal,0.3,-0.31622776601683794,0.25,0.7062824678561782,None + Linear-SVM,unconscious,unconscious,False,Image,False,2,1,4,2
1610,sub-03,lh-superiorfrontal,0.5,-0.1,0.4444444444444445,0.6906827999969299,None + Linear-SVM,unconscious,unconscious,False,Image,False,2,2,3,2
1611,sub-03,lh-superiorfrontal,0.1875,-0.5773502691896258,0.0,0.7369446548324559,None + Linear-SVM,unconscious,unconscious,False,Image,False,2,0,4,2
1612,sub-03,lh-superiorfrontal,0.5,-0.1,0.4444444444444445,0.7018479321832317,None + Linear-SVM,unconscious,unconscious,False,Image,False,2,2,3,2
1613,sub-03,lh-superiorfrontal,0.5,-0.16666666666666666,0.4,0.6932610852309431,None + Linear-SVM,unconscious,unconscious,False,Image,False,2,2,4,2
1614,sub-03,lh-superiorfrontal,0.28125,-0.25,0.3333333333333333,0.7307442367059275,None + Linear-SVM,unconscious,unconscious,False,Image,False,2,2,6,2
1615,sub-03,lh-superiorfrontal,0.625,0.0,0.4,0.714287301188604,None + Linear-SVM,unconscious,unconscious,False,Image,False,2,1,1,2
1616,sub-03,lh-superiorfrontal,0.375,-0.3563483225498992,0.2222222222222222,0.6862686222275532,None + Linear-SVM,unconscious,unconscious,False,Image,False,2,1,5,2
1617,sub-03,lh-superiorfrontal,0.41666666666666663,-0.16666666666666666,0.4,0.6887848555443534,None + Linear-SVM,unconscious,unconscious,False,Image,False,2,2,4,2
1618,sub-03,lh-superiorfrontal,0.225,-0.6454972243679028,0.0,0.7195457913352211,None + Linear-SVM,unconscious,unconscious,False,Image,False,2,0,10,2
1619,sub-03,lh-superiorfrontal,0.4,-0.18856180831641267,0.4,0.6785597200938408,None + Linear-SVM,unconscious,unconscious,False,Image,False,2,3,7,2
1620,sub-03,lh-superiorfrontal,0.46875,-0.25,0.3333333333333333,0.6834945913303415,None + Linear-SVM,unconscious,unconscious,False,Image,False,2,2,6,2
1621,sub-03,lh-superiorfrontal,0.375,-0.18856180831641267,0.4,0.6879018445010004,None + Linear-SVM,unconscious,unconscious,False,Image,False,2,3,7,2
1622,sub-03,lh-superiorfrontal,0.3571428571428571,-0.21428571428571427,0.36363636363636365,0.7065429379397546,None + Linear-SVM,unconscious,unconscious,False,Image,False,2,2,5,2
1623,sub-03,lh-superiorfrontal,0.25,-0.38575837490522974,0.2,0.7141466273617241,None + Linear-SVM,unconscious,unconscious,False,Image,False,2,1,6,2
1624,sub-03,lh-superiorfrontal,0.40625,-0.25,0.3333333333333333,0.7036323773972567,None + Linear-SVM,unconscious,unconscious,False,Image,False,2,2,6,2
1625,sub-03,lh-superiorfrontal,0.44999999999999996,-0.18856180831641267,0.4,0.6890451632129501,None + Linear-SVM,unconscious,unconscious,False,Image,False,2,3,7,2
1626,sub-03,lh-superiorfrontal,0.3214285714285714,-0.21428571428571427,0.36363636363636365,0.7167103955862029,None + Linear-SVM,unconscious,unconscious,False,Image,False,2,2,5,2
1627,sub-03,lh-superiorfrontal,0.45833333333333337,-0.16666666666666666,0.4,0.6801882384402986,None + Linear-SVM,unconscious,unconscious,False,Image,False,2,2,4,2
1628,sub-03,lh-superiorfrontal,0.4722222222222222,-0.15811388300841897,0.42857142857142855,0.6696525230806396,None + Linear-SVM,unconscious,unconscious,False,Image,False,2,3,6,2
1629,sub-03,lh-superiorfrontal,0.4375,-0.2581988897471611,0.28571428571428575,0.7041209341972002,None + Linear-SVM,unconscious,unconscious,False,Image,False,2,1,3,2
1630,sub-03,lh-superiorfrontal,0.20833333333333334,-0.6123724356957946,0.0,0.712906315030899,None + Linear-SVM,unconscious,unconscious,False,Image,False,2,0,6,2
1631,sub-03,lh-superiorfrontal,0.8125,0.5773502691896258,0.6666666666666666,0.6709112342574193,None + Linear-SVM,unconscious,unconscious,False,Image,False,4,2,2,0
1632,sub-03,lh-superiorfrontal,0.5,-0.16666666666666666,0.3333333333333333,0.6931209501980181,None + Linear-SVM,unconscious,unconscious,False,Image,False,2,1,2,2
1633,sub-03,lh-superiorfrontal,0.875,0.6324555320336759,0.6666666666666666,0.6556526225298028,None + Linear-SVM,unconscious,unconscious,False,Image,False,4,1,1,0
1634,sub-03,lh-superiorfrontal,0.8214285714285714,0.4485426135725303,0.7692307692307692,0.647626624336337,None + Linear-SVM,unconscious,unconscious,False,Image,False,3,5,2,1
1635,sub-03,lh-superiorfrontal,0.75,0.408248290463863,0.7272727272727272,0.6730004824838309,None + Linear-SVM,unconscious,unconscious,False,Image,False,3,4,2,1
1636,sub-03,lh-superiorfrontal,0.6875,0.5,0.6666666666666666,0.6780600282250426,None + Linear-SVM,unconscious,unconscious,False,Image,False,4,4,4,0
1637,sub-03,lh-superiorfrontal,0.625,0.25,0.6,0.6853089443956766,None + Linear-SVM,unconscious,unconscious,False,Image,False,3,3,3,1
1638,sub-03,lh-superiorfrontal,0.5,-0.16666666666666666,0.3333333333333333,0.6922765654413755,None + Linear-SVM,unconscious,unconscious,False,Image,False,2,1,2,2
1639,sub-03,lh-superiorfrontal,0.45,-0.1,0.4444444444444445,0.7075174743052701,None + Linear-SVM,unconscious,unconscious,False,Image,False,2,2,3,2
1640,sub-03,lh-superiorfrontal,0.65625,0.23904572186687872,0.6153846153846154,0.6787817864834232,None + Linear-SVM,unconscious,unconscious,False,Image,False,3,4,4,1
1641,sub-03,lh-superiorfrontal,0.41666666666666663,-0.16666666666666666,0.3333333333333333,0.707675609473361,None + Linear-SVM,unconscious,unconscious,False,Image,False,2,1,2,2
1642,sub-03,lh-superiorfrontal,0.5625,0.23904572186687872,0.6153846153846154,0.6976744089817056,None + Linear-SVM,unconscious,unconscious,False,Image,False,3,4,4,1
1643,sub-03,lh-superiorfrontal,0.55,0.1414213562373095,0.5333333333333333,0.6931310242751392,None + Linear-SVM,unconscious,unconscious,False,Image,False,3,4,6,1
1644,sub-03,lh-superiorfrontal,0.7916666666666667,0.408248290463863,0.7272727272727272,0.6583858777118186,None + Linear-SVM,unconscious,unconscious,False,Image,False,3,4,2,1
1645,sub-03,lh-superiorfrontal,0.5416666666666667,0.0890870806374748,0.4444444444444444,0.707063317718064,None + Linear-SVM,unconscious,unconscious,False,Image,False,3,2,4,1
1646,sub-03,lh-superiorfrontal,1.0,0.0,0.0,0.6661725852371612,None + Linear-SVM,unconscious,unconscious,False,Image,False,4,0,1,0
1647,sub-03,lh-superiorfrontal,0.75,0.35,0.6666666666666665,0.6644573533320673,None + Linear-SVM,unconscious,unconscious,False,Image,False,3,3,2,1
1648,sub-03,lh-superiorfrontal,0.95,0.8,0.888888888888889,0.6472981161439791,None + Linear-SVM,unconscious,unconscious,False,Image,False,4,4,1,0
1649,sub-03,lh-superiorfrontal,0.5,0.0,0.0,0.6797246162542926,None + Linear-SVM,unconscious,unconscious,False,Image,False,4,0,2,0
1650,sub-03,lh-superiorfrontal,0.6749999999999999,0.31622776601683794,0.7058823529411764,0.6884324921681683,None + Linear-SVM,unconscious,unconscious,False,Image,False,3,6,4,1
1651,sub-03,lh-superiorfrontal,0.55,-0.1,0.4444444444444445,0.6725642957975514,None + Linear-SVM,unconscious,unconscious,False,Image,False,2,2,3,2
1652,sub-03,lh-superiorfrontal,0.75,0.47140452079103173,0.5,0.6560910938974068,None + Linear-SVM,unconscious,unconscious,False,Image,False,4,1,2,0
1653,sub-03,lh-superiorfrontal,0.625,0.2581988897471611,0.5714285714285715,0.6663081993613711,None + Linear-SVM,unconscious,unconscious,False,Image,False,3,2,2,1
1654,sub-03,lh-superiorfrontal,0.8,0.35,0.6666666666666665,0.6470424697626993,None + Linear-SVM,unconscious,unconscious,False,Image,False,3,3,2,1
1655,sub-03,lh-superiorfrontal,0.75,0.408248290463863,0.7272727272727272,0.6692691783271709,None + Linear-SVM,unconscious,unconscious,False,Image,False,3,4,2,1
1656,sub-03,lh-superiorfrontal,0.6428571428571428,0.3105295017040594,0.6666666666666666,0.6615491948871645,None + Linear-SVM,unconscious,unconscious,False,Image,False,3,4,3,1
1657,sub-03,lh-superiorfrontal,0.6,0.15811388300841897,0.5,0.6753282370525662,None + Linear-SVM,unconscious,unconscious,False,Image,False,3,2,3,1
1658,sub-03,lh-superiorfrontal,0.8,0.35,0.6666666666666665,0.655100510143861,None + Linear-SVM,unconscious,unconscious,False,Image,False,3,3,2,1
1659,sub-03,lh-superiorfrontal,0.5625,0.0,0.5,0.6948965864797217,None + Linear-SVM,unconscious,unconscious,False,Image,False,2,2,2,2
1660,sub-03,lh-superiorfrontal,0.65,0.15811388300841897,0.5,0.6755714935801648,None + Linear-SVM,unconscious,unconscious,False,Image,False,3,2,3,1
1661,sub-03,lh-superiorfrontal,0.8333333333333334,0.6666666666666666,0.8,0.6577132617001582,None + Linear-SVM,unconscious,unconscious,False,Image,False,4,4,2,0
1662,sub-03,lh-superiorfrontal,0.5,0.125,0.5,0.7052553929837401,None + Linear-SVM,unconscious,unconscious,False,Image,False,3,3,5,1
1663,sub-03,lh-superiorfrontal,0.625,0.0,0.4,0.6721268791714966,None + Linear-SVM,unconscious,unconscious,False,Image,False,2,1,1,2
1664,sub-03,lh-superiorfrontal,0.9166666666666666,0.6666666666666666,0.8,0.6514753675329591,None + Linear-SVM,unconscious,unconscious,False,Image,False,4,4,2,0
1665,sub-03,lh-superiorfrontal,0.75,0.408248290463863,0.7272727272727272,0.6649251657095633,None + Linear-SVM,unconscious,unconscious,False,Image,False,3,4,2,1
1666,sub-03,lh-superiorfrontal,0.575,0.1414213562373095,0.5333333333333333,0.6916165488767732,None + Linear-SVM,unconscious,unconscious,False,Image,False,3,4,6,1
1667,sub-03,lh-superiorfrontal,0.7,0.31622776601683794,0.7058823529411764,0.6627816989659099,None + Linear-SVM,unconscious,unconscious,False,Image,False,3,6,4,1
1668,sub-03,lh-superiorfrontal,0.78125,0.23904572186687872,0.6153846153846154,0.662788896715206,None + Linear-SVM,unconscious,unconscious,False,Image,False,3,4,4,1
1669,sub-03,lh-superiorfrontal,0.65,0.22821773229381923,0.625,0.6653829666032159,None + Linear-SVM,unconscious,unconscious,False,Image,False,3,5,5,1
1670,sub-03,lh-superiorfrontal,0.5714285714285714,-0.06900655593423542,0.5,0.6863406915764411,None + Linear-SVM,unconscious,unconscious,False,Image,False,2,3,4,2
1671,sub-03,lh-superiorfrontal,0.6428571428571428,0.3105295017040594,0.6666666666666666,0.6870500268838674,None + Linear-SVM,unconscious,unconscious,False,Image,False,3,4,3,1
1672,sub-03,lh-superiorfrontal,0.53125,0.125,0.5,0.6977059822978738,None + Linear-SVM,unconscious,unconscious,False,Image,False,3,3,5,1
1673,sub-03,lh-superiorfrontal,0.625,0.22821773229381923,0.625,0.6704614815814544,None + Linear-SVM,unconscious,unconscious,False,Image,False,3,5,5,1
1674,sub-03,lh-superiorfrontal,0.4642857142857143,-0.06900655593423542,0.5,0.6939046350826146,None + Linear-SVM,unconscious,unconscious,False,Image,False,2,3,4,2
1675,sub-03,lh-superiorfrontal,0.8333333333333334,0.6666666666666666,0.8,0.6484736918283361,None + Linear-SVM,unconscious,unconscious,False,Image,False,4,4,2,0
1676,sub-03,lh-superiorfrontal,0.8055555555555556,0.38575837490522974,0.75,0.6453546741698547,None + Linear-SVM,unconscious,unconscious,False,Image,False,3,6,3,1
1677,sub-03,lh-superiorfrontal,0.6875,0.2581988897471611,0.5714285714285715,0.6785060435147654,None + Linear-SVM,unconscious,unconscious,False,Image,False,3,2,2,1
1678,sub-03,lh-superiorfrontal,0.7916666666666667,0.408248290463863,0.7272727272727272,0.6723675216031635,None + Linear-SVM,unconscious,unconscious,False,Image,False,3,4,2,1
1679,sub-03,lh-superiorfrontal,0.8125,0.5773502691896258,0.6666666666666666,0.6444850069982626,None + Linear-SVM,unconscious,unconscious,False,Image,False,4,2,2,0
1680,sub-03,lh-superiorfrontal,0.9166666666666666,0.7302967433402214,0.8,0.6432541929984373,None + Linear-SVM,unconscious,unconscious,False,Image,False,4,2,1,0
1681,sub-03,lh-superiorfrontal,1.0,0.6123724356957946,0.6666666666666666,0.6526400091043215,None + Linear-SVM,unconscious,unconscious,False,Image,False,3,1,1,0
1682,sub-03,lh-superiorfrontal,0.9047619047619048,0.6546536707079772,0.8333333333333333,0.645972364386234,None + Linear-SVM,unconscious,unconscious,False,Image,False,3,5,2,0
1683,sub-03,lh-superiorfrontal,0.7777777777777779,0.6324555320336759,0.8,0.674777614453308,None + Linear-SVM,unconscious,unconscious,False,Image,False,3,4,2,0
1684,sub-03,lh-superiorfrontal,0.7083333333333333,0.2608745973749754,0.7142857142857143,0.6816043260616733,None + Linear-SVM,unconscious,unconscious,False,Image,False,2,5,3,1
1685,sub-03,lh-superiorfrontal,0.6111111111111112,0.15811388300841897,0.6,0.6894465312777656,None + Linear-SVM,unconscious,unconscious,False,Image,False,2,3,3,1
1686,sub-03,lh-superiorfrontal,0.4444444444444444,0.0,0.4,0.7000952956436156,None + Linear-SVM,unconscious,unconscious,False,Image,False,2,1,2,1
1687,sub-03,lh-superiorfrontal,0.5333333333333334,0.06666666666666667,0.5,0.7056017999289624,None + Linear-SVM,unconscious,unconscious,False,Image,False,2,2,3,1
1688,sub-03,lh-superiorfrontal,0.75,0.2608745973749754,0.7142857142857143,0.6741896519037778,None + Linear-SVM,unconscious,unconscious,False,Image,False,2,5,3,1
1689,sub-03,lh-superiorfrontal,0.33333333333333337,0.0,0.4,0.7116617003430488,None + Linear-SVM,unconscious,unconscious,False,Image,False,2,1,2,1
1690,sub-03,lh-superiorfrontal,0.625,0.2608745973749754,0.7142857142857143,0.6918023672473033,None + Linear-SVM,unconscious,unconscious,False,Image,False,2,5,3,1
1691,sub-03,lh-superiorfrontal,0.39999999999999997,-0.03042903097250923,0.4285714285714285,0.709017309685465,None + Linear-SVM,unconscious,unconscious,False,Image,False,2,3,7,1
1692,sub-03,lh-superiorfrontal,0.888888888888889,0.6324555320336759,0.8,0.6568962307582518,None + Linear-SVM,unconscious,unconscious,False,Image,False,3,4,2,0
1693,sub-03,lh-superiorfrontal,0.5555555555555556,0.15811388300841897,0.6,0.6993894324704297,None + Linear-SVM,unconscious,unconscious,False,Image,False,2,3,3,1
1694,sub-03,lh-superiorfrontal,1.0,0.0,0.0,0.659798117815519,None + Linear-SVM,unconscious,unconscious,False,Image,False,3,0,1,0
1695,sub-03,lh-superiorfrontal,0.7333333333333334,0.2581988897471611,0.6666666666666665,0.6687031051620145,None + Linear-SVM,unconscious,unconscious,False,Image,False,2,3,2,1
1696,sub-03,lh-superiorfrontal,1.0,0.7745966692414834,0.888888888888889,0.6417167349500664,None + Linear-SVM,unconscious,unconscious,False,Image,False,3,4,1,0
1697,sub-03,lh-superiorfrontal,0.5,0.0,0.0,0.6789944398259677,None + Linear-SVM,unconscious,unconscious,False,Image,False,3,0,2,0
1698,sub-03,lh-superiorfrontal,0.6666666666666666,0.2253744679276044,0.7058823529411764,0.6917631386048443,None + Linear-SVM,unconscious,unconscious,False,Image,False,2,6,4,1
1699,sub-03,lh-superiorfrontal,0.7333333333333334,0.2581988897471611,0.6666666666666665,0.6677127164737853,None + Linear-SVM,unconscious,unconscious,False,Image,False,2,3,2,1
1700,sub-03,lh-superiorfrontal,0.888888888888889,0.7071067811865476,0.8,0.6525445948774807,None + Linear-SVM,unconscious,unconscious,False,Image,False,3,2,1,0
1701,sub-03,lh-superiorfrontal,0.75,0.16666666666666666,0.5714285714285715,0.6658603311469821,None + Linear-SVM,unconscious,unconscious,False,Image,False,2,2,2,1
1702,sub-03,lh-superiorfrontal,0.6666666666666667,0.2581988897471611,0.6666666666666665,0.648975571828003,None + Linear-SVM,unconscious,unconscious,False,Image,False,2,3,2,1
1703,sub-03,lh-superiorfrontal,0.888888888888889,0.6324555320336759,0.8,0.6650547745484735,None + Linear-SVM,unconscious,unconscious,False,Image,False,3,4,2,0
1704,sub-03,lh-superiorfrontal,0.7619047619047619,0.2182178902359924,0.6666666666666666,0.6596258822926997,None + Linear-SVM,unconscious,unconscious,False,Image,False,2,4,3,1
1705,sub-03,lh-superiorfrontal,0.8,0.6,0.7499999999999999,0.67415449508336,None + Linear-SVM,unconscious,unconscious,False,Image,False,3,3,2,0
1706,sub-03,lh-superiorfrontal,0.8666666666666667,0.6,0.7499999999999999,0.6529191100101274,None + Linear-SVM,unconscious,unconscious,False,Image,False,3,3,2,0
1707,sub-03,lh-superiorfrontal,0.5833333333333333,0.16666666666666666,0.5714285714285715,0.6903535198998678,None + Linear-SVM,unconscious,unconscious,False,Image,False,2,2,2,1
1708,sub-03,lh-superiorfrontal,0.6666666666666667,0.06666666666666667,0.5,0.6710914162817642,None + Linear-SVM,unconscious,unconscious,False,Image,False,2,2,3,1
1709,sub-03,lh-superiorfrontal,0.7777777777777778,0.31622776601683794,0.7272727272727272,0.6673240312656099,None + Linear-SVM,unconscious,unconscious,False,Image,False,2,4,2,1
1710,sub-03,lh-superiorfrontal,0.5833333333333333,0.14907119849998599,0.6153846153846154,0.6997432431325635,None + Linear-SVM,unconscious,unconscious,False,Image,False,2,4,4,1
1711,sub-03,lh-superiorfrontal,0.6666666666666667,0.16666666666666666,0.5,0.6632780295566929,None + Linear-SVM,unconscious,unconscious,False,Image,False,2,1,1,1
1712,sub-03,lh-superiorfrontal,1.0,0.7905694150420948,0.9090909090909091,0.650522800845232,None + Linear-SVM,unconscious,unconscious,False,Image,False,3,5,1,0
1713,sub-03,lh-superiorfrontal,0.888888888888889,0.6324555320336759,0.8,0.662085034999797,None + Linear-SVM,unconscious,unconscious,False,Image,False,3,4,2,0
1714,sub-03,lh-superiorfrontal,0.7666666666666667,0.31754264805429416,0.7777777777777777,0.6910675004329572,None + Linear-SVM,unconscious,unconscious,False,Image,False,2,7,3,1
1715,sub-03,lh-superiorfrontal,0.7666666666666666,0.50709255283711,0.7499999999999999,0.6589783404985892,None + Linear-SVM,unconscious,unconscious,False,Image,False,3,6,4,0
1716,sub-03,lh-superiorfrontal,0.6666666666666667,0.14907119849998599,0.6153846153846154,0.6661918094840238,None + Linear-SVM,unconscious,unconscious,False,Image,False,2,4,4,1
1717,sub-03,lh-superiorfrontal,0.7333333333333334,0.2253744679276044,0.7058823529411764,0.6662236426302711,None + Linear-SVM,unconscious,unconscious,False,Image,False,2,6,4,1
1718,sub-03,lh-superiorfrontal,0.6190476190476191,0.0890870806374748,0.5454545454545454,0.6836731419056777,None + Linear-SVM,unconscious,unconscious,False,Image,False,2,3,4,1
1719,sub-03,lh-superiorfrontal,0.6666666666666667,0.2182178902359924,0.6666666666666666,0.6851128209236966,None + Linear-SVM,unconscious,unconscious,False,Image,False,2,4,3,1
1720,sub-03,lh-superiorfrontal,0.6666666666666666,0.2608745973749754,0.7142857142857143,0.6849611303529987,None + Linear-SVM,unconscious,unconscious,False,Image,False,2,5,3,1
1721,sub-03,lh-superiorfrontal,0.7333333333333333,0.2253744679276044,0.7058823529411764,0.6686889852851471,None + Linear-SVM,unconscious,unconscious,False,Image,False,2,6,4,1
1722,sub-03,lh-superiorfrontal,0.6666666666666667,0.2182178902359924,0.6666666666666666,0.683097632075922,None + Linear-SVM,unconscious,unconscious,False,Image,False,2,4,3,1
1723,sub-03,lh-superiorfrontal,0.8333333333333334,0.6324555320336759,0.8,0.6452130358467673,None + Linear-SVM,unconscious,unconscious,False,Image,False,3,4,2,0
1724,sub-03,lh-superiorfrontal,0.8518518518518519,0.5773502691896257,0.8,0.6438167208922715,None + Linear-SVM,unconscious,unconscious,False,Image,False,3,6,3,0
1725,sub-03,lh-superiorfrontal,0.75,0.5477225575051661,0.6666666666666666,0.6738608462620793,None + Linear-SVM,unconscious,unconscious,False,Image,False,3,2,2,0
1726,sub-03,lh-superiorfrontal,0.6666666666666666,0.15811388300841897,0.6,0.6786925598106066,None + Linear-SVM,unconscious,unconscious,False,Image,False,2,3,3,1
1727,sub-03,lh-superiorfrontal,0.8333333333333334,0.5477225575051661,0.6666666666666666,0.635072054215308,None + Linear-SVM,unconscious,unconscious,False,Image,False,3,2,2,0
1728,sub-03,lh-superiorfrontal,1.0,0.7071067811865476,0.8,0.6346247970147509,None + Linear-SVM,unconscious,unconscious,False,Image,False,3,2,1,0
1729,sub-03,lh-superiorfrontal,0.7777777777777779,0.24056261216234406,0.4,0.6882327783167121,None + Linear-SVM,unconscious,unconscious,False,Image,False,7,1,1,2
1730,sub-03,lh-superiorfrontal,0.8253968253968254,0.49206349206349204,0.7142857142857143,0.6653116864883845,None + Linear-SVM,unconscious,unconscious,False,Image,False,7,5,2,2
1731,sub-03,lh-superiorfrontal,0.6481481481481481,0.32732683535398854,0.6153846153846153,0.6819463427929695,None + Linear-SVM,unconscious,unconscious,False,Image,False,6,4,2,3
1732,sub-03,lh-superiorfrontal,0.611111111111111,0.1690308509457033,0.5333333333333333,0.6875375209803096,None + Linear-SVM,unconscious,unconscious,False,Image,False,6,4,4,3
1733,sub-03,lh-superiorfrontal,0.537037037037037,0.16666666666666666,0.5,0.6881711448150628,None + Linear-SVM,unconscious,unconscious,False,Image,False,6,3,3,3
1734,sub-03,lh-superiorfrontal,0.48148148148148145,-0.09759000729485331,0.25,0.699984157729287,None + Linear-SVM,unconscious,unconscious,False,Image,False,5,1,2,4
1735,sub-03,lh-superiorfrontal,0.4444444444444445,-0.04303314829119352,0.3636363636363636,0.7012514627261035,None + Linear-SVM,unconscious,unconscious,False,Image,False,5,2,3,4
1736,sub-03,lh-superiorfrontal,0.6111111111111112,0.1690308509457033,0.5333333333333333,0.6849778283665311,None + Linear-SVM,unconscious,unconscious,False,Image,False,6,4,4,3
1737,sub-03,lh-superiorfrontal,0.3333333333333333,-0.09759000729485331,0.25,0.7093483197060637,None + Linear-SVM,unconscious,unconscious,False,Image,False,5,1,2,4
1738,sub-03,lh-superiorfrontal,0.5555555555555556,0.1690308509457033,0.5333333333333333,0.6873599302381281,None + Linear-SVM,unconscious,unconscious,False,Image,False,6,4,4,3
1739,sub-03,lh-superiorfrontal,0.5,-0.044946657497549475,0.4444444444444445,0.6886496762225762,None + Linear-SVM,unconscious,unconscious,False,Image,False,5,4,6,4
1740,sub-03,lh-superiorfrontal,0.7037037037037037,0.16666666666666666,0.5,0.6759496205676666,None + Linear-SVM,unconscious,unconscious,False,Image,False,6,3,3,3
1741,sub-03,lh-superiorfrontal,0.5185185185185186,0.05455447255899809,0.4615384615384615,0.6963502302448964,None + Linear-SVM,unconscious,unconscious,False,Image,False,5,3,3,4
1742,sub-03,lh-superiorfrontal,0.6666666666666667,-0.21821789023599236,0.0,0.6962347954835706,None + Linear-SVM,unconscious,unconscious,False,Image,False,6,0,1,3
1743,sub-03,lh-superiorfrontal,0.6666666666666667,0.25819888974716115,0.5454545454545454,0.6835575347249488,None + Linear-SVM,unconscious,unconscious,False,Image,False,6,3,2,3
1744,sub-03,lh-superiorfrontal,0.7777777777777779,0.37777777777777777,0.6,0.6741210328377031,None + Linear-SVM,unconscious,unconscious,False,Image,False,7,3,2,2
1745,sub-03,lh-superiorfrontal,0.5,0.0,0.0,0.6945987564092735,None + Linear-SVM,unconscious,unconscious,False,Image,False,9,0,2,0
1746,sub-03,lh-superiorfrontal,0.5666666666666668,0.15555555555555556,0.6,0.6921409033459289,None + Linear-SVM,unconscious,unconscious,False,Image,False,5,6,4,4
1747,sub-03,lh-superiorfrontal,0.6666666666666667,0.25819888974716115,0.5454545454545454,0.6853376911073157,None + Linear-SVM,unconscious,unconscious,False,Image,False,6,3,2,3
1748,sub-03,lh-superiorfrontal,0.7037037037037037,0.0,0.28571428571428575,0.6866315852685637,None + Linear-SVM,unconscious,unconscious,False,Image,False,6,1,2,3
1749,sub-03,lh-superiorfrontal,0.6388888888888888,0.05143444998736397,0.4,0.6887550809112926,None + Linear-SVM,unconscious,unconscious,False,Image,False,5,2,2,4
1750,sub-03,lh-superiorfrontal,0.7555555555555556,0.37777777777777777,0.6,0.6713209618369678,None + Linear-SVM,unconscious,unconscious,False,Image,False,7,3,2,2
1751,sub-03,lh-superiorfrontal,0.6481481481481481,0.16666666666666666,0.5,0.6833931236077032,None + Linear-SVM,unconscious,unconscious,False,Image,False,6,3,3,3
1752,sub-03,lh-superiorfrontal,0.6825396825396826,0.23809523809523808,0.5714285714285714,0.6745223209071729,None + Linear-SVM,unconscious,unconscious,False,Image,False,6,4,3,3
1753,sub-03,lh-superiorfrontal,0.5777777777777778,0.06666666666666667,0.4000000000000001,0.6884973533932154,None + Linear-SVM,unconscious,unconscious,False,Image,False,6,2,3,3
1754,sub-03,lh-superiorfrontal,0.7333333333333334,0.25819888974716115,0.5454545454545454,0.6749671827248258,None + Linear-SVM,unconscious,unconscious,False,Image,False,6,3,2,3
1755,sub-03,lh-superiorfrontal,0.5277777777777778,0.05143444998736397,0.4,0.6959215706481837,None + Linear-SVM,unconscious,unconscious,False,Image,False,5,2,2,4
1756,sub-03,lh-superiorfrontal,0.6444444444444445,0.06666666666666667,0.4000000000000001,0.6866705054658915,None + Linear-SVM,unconscious,unconscious,False,Image,False,6,2,3,3
1757,sub-03,lh-superiorfrontal,0.7037037037037037,0.16666666666666666,0.5,0.6791727565784689,None + Linear-SVM,unconscious,unconscious,False,Image,False,6,3,3,3
1758,sub-03,lh-superiorfrontal,0.45833333333333337,-0.05555555555555555,0.47058823529411764,0.6978481342989463,None + Linear-SVM,unconscious,unconscious,False,Image,False,4,4,4,5
1759,sub-03,lh-superiorfrontal,0.6666666666666666,0.04303314829119352,0.28571428571428575,0.6920243704120678,None + Linear-SVM,unconscious,unconscious,False,Image,False,5,1,1,4
1760,sub-03,lh-superiorfrontal,0.7592592592592593,0.28867513459481287,0.5454545454545454,0.6734661932414784,None + Linear-SVM,unconscious,unconscious,False,Image,False,7,3,3,2
1761,sub-03,lh-superiorfrontal,0.6851851851851852,0.32732683535398854,0.6153846153846153,0.68007340446223,None + Linear-SVM,unconscious,unconscious,False,Image,False,6,4,2,3
1762,sub-03,lh-superiorfrontal,0.5555555555555556,0.3680349649825889,0.7272727272727272,0.6931311480859742,None + Linear-SVM,unconscious,unconscious,False,Image,False,5,8,2,4
1763,sub-03,lh-superiorfrontal,0.6666666666666667,0.36666666666666664,0.7,0.6708600700443491,None + Linear-SVM,unconscious,unconscious,False,Image,False,6,7,3,3
1764,sub-03,lh-superiorfrontal,0.7361111111111112,0.1690308509457033,0.5333333333333333,0.6776981608700504,None + Linear-SVM,unconscious,unconscious,False,Image,False,6,4,4,3
1765,sub-03,lh-superiorfrontal,0.6666666666666667,0.1685499656158105,0.5555555555555556,0.6773635933728238,None + Linear-SVM,unconscious,unconscious,False,Image,False,6,5,5,3
1766,sub-03,lh-superiorfrontal,0.6031746031746031,0.09759000729485331,0.4615384615384615,0.688337698971526,None + Linear-SVM,unconscious,unconscious,False,Image,False,6,3,4,3
1767,sub-03,lh-superiorfrontal,0.6031746031746033,0.3779644730092272,0.6666666666666666,0.6904908512848507,None + Linear-SVM,unconscious,unconscious,False,Image,False,6,5,2,3
1768,sub-03,lh-superiorfrontal,0.5416666666666667,0.1690308509457033,0.5333333333333333,0.6970381282083975,None + Linear-SVM,unconscious,unconscious,False,Image,False,6,4,4,3
1769,sub-03,lh-superiorfrontal,0.5888888888888889,0.15555555555555556,0.6,0.682857869827236,None + Linear-SVM,unconscious,unconscious,False,Image,False,5,6,4,4
1770,sub-03,lh-superiorfrontal,0.5555555555555556,0.09759000729485331,0.4615384615384615,0.6912625060066012,None + Linear-SVM,unconscious,unconscious,False,Image,False,6,3,4,3
1771,sub-03,lh-superiorfrontal,0.7037037037037038,0.32732683535398854,0.6153846153846153,0.6698892142611772,None + Linear-SVM,unconscious,unconscious,False,Image,False,6,4,2,3
1772,sub-03,lh-superiorfrontal,0.7777777777777778,0.22360679774997896,0.5882352941176471,0.6643674381213962,None + Linear-SVM,unconscious,unconscious,False,Image,False,6,5,4,3
1773,sub-03,lh-superiorfrontal,0.638888888888889,0.15811388300841897,0.4444444444444445,0.687045635846171,None + Linear-SVM,unconscious,unconscious,False,Image,False,6,2,2,3
1774,sub-03,lh-superiorfrontal,0.5370370370370371,0.16666666666666666,0.5,0.694150763841904,None + Linear-SVM,unconscious,unconscious,False,Image,False,6,3,3,3
1775,sub-03,lh-superiorfrontal,0.8333333333333334,0.42600643361512924,0.5714285714285715,0.6758731307346169,None + Linear-SVM,unconscious,unconscious,False,Image,False,8,2,2,1
1776,sub-03,lh-superiorfrontal,0.7777777777777779,0.29277002188455997,0.5,0.6770737784429487,None + Linear-SVM,unconscious,unconscious,False,Image,False,6,2,1,3
1777,sub-03,lh-superiorfrontal,0.7222222222222222,0.04303314829119352,0.28571428571428575,0.6901233072696337,None + Linear-SVM,unconscious,unconscious,False,Image,False,5,1,1,4
1778,sub-03,lh-superiorfrontal,0.8095238095238095,0.49206349206349204,0.7142857142857143,0.6631192204930217,None + Linear-SVM,unconscious,unconscious,False,Image,False,7,5,2,2
1779,sub-03,lh-superiorfrontal,0.6666666666666667,0.16666666666666666,0.5,0.6827838974501627,None + Linear-SVM,unconscious,unconscious,False,Image,False,6,3,3,3
1780,sub-03,lh-superiorfrontal,0.625,0.29012942659282975,0.5714285714285715,0.6824845912680471,None + Linear-SVM,unconscious,unconscious,False,Image,False,7,4,4,2
1781,sub-03,lh-superiorfrontal,0.5555555555555556,0.05455447255899809,0.4615384615384615,0.6888247898903768,None + Linear-SVM,unconscious,unconscious,False,Image,False,5,3,3,4
1782,sub-03,lh-superiorfrontal,0.40740740740740744,-0.19245008972987526,0.2222222222222222,0.7038339819399416,None + Linear-SVM,unconscious,unconscious,False,Image,False,4,1,2,5
1783,sub-03,lh-superiorfrontal,0.48888888888888893,-0.04303314829119352,0.3636363636363636,0.6995714197985564,None + Linear-SVM,unconscious,unconscious,False,Image,False,5,2,3,4
1784,sub-03,lh-superiorfrontal,0.6527777777777778,0.1690308509457033,0.5333333333333333,0.6799127878892766,None + Linear-SVM,unconscious,unconscious,False,Image,False,6,4,4,3
1785,sub-03,lh-superiorfrontal,0.3333333333333333,-0.19245008972987526,0.2222222222222222,0.7013534197964199,None + Linear-SVM,unconscious,unconscious,False,Image,False,4,1,2,5
1786,sub-03,lh-superiorfrontal,0.6111111111111112,0.29012942659282975,0.5714285714285715,0.6808672234084542,None + Linear-SVM,unconscious,unconscious,False,Image,False,7,4,4,2
1787,sub-03,lh-superiorfrontal,0.5333333333333333,-0.044946657497549475,0.4444444444444445,0.6838914663735365,None + Linear-SVM,unconscious,unconscious,False,Image,False,5,4,6,4
1788,sub-03,lh-superiorfrontal,0.7222222222222223,0.16666666666666666,0.5,0.6740326907199935,None + Linear-SVM,unconscious,unconscious,False,Image,False,6,3,3,3
1789,sub-03,lh-superiorfrontal,0.4814814814814815,0.12309149097933272,0.4,0.6939469595748731,None + Linear-SVM,unconscious,unconscious,False,Image,False,7,2,4,2
1790,sub-03,lh-superiorfrontal,0.8888888888888888,-0.1111111111111111,0.0,0.6922516870027594,None + Linear-SVM,unconscious,unconscious,False,Image,False,8,0,1,1
1791,sub-03,lh-superiorfrontal,0.6888888888888889,0.04303314829119352,0.4615384615384615,0.6810434990933285,None + Linear-SVM,unconscious,unconscious,False,Image,False,4,3,2,5
1792,sub-03,lh-superiorfrontal,0.8,0.37777777777777777,0.6,0.6722190297413209,None + Linear-SVM,unconscious,unconscious,False,Image,False,7,3,2,2
1793,sub-03,lh-superiorfrontal,0.5,0.0,0.0,0.6958291895847207,None + Linear-SVM,unconscious,unconscious,False,Image,False,9,0,2,0
1794,sub-03,lh-superiorfrontal,0.5555555555555556,0.05555555555555555,0.5263157894736842,0.6949938952434023,None + Linear-SVM,unconscious,unconscious,False,Image,False,5,5,5,4
1795,sub-03,lh-superiorfrontal,0.5555555555555556,-0.14907119849998599,0.3333333333333333,0.6900376637771554,None + Linear-SVM,unconscious,unconscious,False,Image,False,4,2,3,5
1796,sub-03,lh-superiorfrontal,0.7777777777777777,0.25819888974716115,0.4,0.681852438042477,None + Linear-SVM,unconscious,unconscious,False,Image,False,8,1,2,1
1797,sub-03,lh-superiorfrontal,0.6111111111111112,-0.05143444998736397,0.36363636363636365,0.6901219378777751,None + Linear-SVM,unconscious,unconscious,False,Image,False,4,2,2,5
1798,sub-03,lh-superiorfrontal,0.7333333333333333,0.14907119849998599,0.5,0.6739831864333393,None + Linear-SVM,unconscious,unconscious,False,Image,False,5,3,2,4
1799,sub-03,lh-superiorfrontal,0.6851851851851851,0.16666666666666666,0.5,0.6801662079178387,None + Linear-SVM,unconscious,unconscious,False,Image,False,6,3,3,3
1800,sub-03,lh-superiorfrontal,0.6666666666666667,0.23809523809523808,0.5714285714285714,0.6733887748835008,None + Linear-SVM,unconscious,unconscious,False,Image,False,6,4,3,3
1801,sub-03,lh-superiorfrontal,0.6222222222222222,0.18856180831641267,0.4444444444444445,0.6883963517899215,None + Linear-SVM,unconscious,unconscious,False,Image,False,7,2,3,2
1802,sub-03,lh-superiorfrontal,0.6888888888888889,0.06666666666666667,0.4000000000000001,0.6784881210298374,None + Linear-SVM,unconscious,unconscious,False,Image,False,6,2,3,3
1803,sub-03,lh-superiorfrontal,0.5,0.03042903097250923,0.28571428571428575,0.6978890936887955,None + Linear-SVM,unconscious,unconscious,False,Image,False,7,1,3,2
1804,sub-03,lh-superiorfrontal,0.6000000000000001,-0.04303314829119352,0.3636363636363636,0.685212488718857,None + Linear-SVM,unconscious,unconscious,False,Image,False,5,2,3,4
1805,sub-03,lh-superiorfrontal,0.6851851851851852,0.28867513459481287,0.5454545454545454,0.6828800283970762,None + Linear-SVM,unconscious,unconscious,False,Image,False,7,3,3,2
1806,sub-03,lh-superiorfrontal,0.4861111111111111,-0.07042952122737638,0.39999999999999997,0.6999517307734153,None + Linear-SVM,unconscious,unconscious,False,Image,False,5,3,5,4
1807,sub-03,lh-superiorfrontal,0.6666666666666667,-0.04303314829119352,0.25,0.6922836721357641,None + Linear-SVM,unconscious,unconscious,False,Image,False,4,1,1,5
1808,sub-03,lh-superiorfrontal,0.7962962962962963,0.4444444444444444,0.6666666666666666,0.6699915881202033,None + Linear-SVM,unconscious,unconscious,False,Image,False,7,4,2,2
1809,sub-03,lh-superiorfrontal,0.6666666666666667,0.16666666666666666,0.5,0.6849239551662275,None + Linear-SVM,unconscious,unconscious,False,Image,False,6,3,3,3
1810,sub-03,lh-superiorfrontal,0.5,-0.044946657497549475,0.4444444444444445,0.6947739559929885,None + Linear-SVM,unconscious,unconscious,False,Image,False,5,4,6,4
1811,sub-03,lh-superiorfrontal,0.6888888888888889,0.3820465887291705,0.6666666666666665,0.6701539421272583,None + Linear-SVM,unconscious,unconscious,False,Image,False,7,6,4,2
1812,sub-03,lh-superiorfrontal,0.6666666666666666,0.1690308509457033,0.5333333333333333,0.6797719782908345,None + Linear-SVM,unconscious,unconscious,False,Image,False,6,4,4,3
1813,sub-03,lh-superiorfrontal,0.6555555555555556,0.05555555555555555,0.5263157894736842,0.6749095554284971,None + Linear-SVM,unconscious,unconscious,False,Image,False,5,5,5,4
1814,sub-03,lh-superiorfrontal,0.5714285714285714,0.09759000729485331,0.4615384615384615,0.6893708288055047,None + Linear-SVM,unconscious,unconscious,False,Image,False,6,3,4,3
1815,sub-03,lh-superiorfrontal,0.6190476190476191,0.23809523809523808,0.5714285714285714,0.6843102101635697,None + Linear-SVM,unconscious,unconscious,False,Image,False,6,4,3,3
1816,sub-03,lh-superiorfrontal,0.5972222222222222,0.05555555555555555,0.5,0.6830168764660275,None + Linear-SVM,unconscious,unconscious,False,Image,False,5,4,4,4
1817,sub-03,lh-superiorfrontal,0.6111111111111112,0.1685499656158105,0.5555555555555556,0.676434285899657,None + Linear-SVM,unconscious,unconscious,False,Image,False,6,5,5,3
1818,sub-03,lh-superiorfrontal,0.6031746031746031,-0.015873015873015872,0.42857142857142855,0.68878251069735,None + Linear-SVM,unconscious,unconscious,False,Image,False,5,3,4,4
1819,sub-03,lh-superiorfrontal,0.7222222222222222,0.4444444444444444,0.6666666666666666,0.6745115401607833,None + Linear-SVM,unconscious,unconscious,False,Image,False,7,4,2,2
1820,sub-03,lh-superiorfrontal,0.7530864197530864,0.4714045207910316,0.6666666666666667,0.6632849351803459,None + Linear-SVM,unconscious,unconscious,False,Image,False,8,5,4,1
1821,sub-03,lh-superiorfrontal,0.4444444444444444,-0.18446619684315546,0.22222222222222224,0.7000206741713142,None + Linear-SVM,unconscious,unconscious,False,Image,False,5,1,3,4
1822,sub-03,lh-superiorfrontal,0.5370370370370371,0.05455447255899809,0.4615384615384615,0.6922571305524857,None + Linear-SVM,unconscious,unconscious,False,Image,False,5,3,3,4
1823,sub-03,lh-superiorfrontal,0.7777777777777778,0.6396021490668313,0.6666666666666666,0.6747507342132507,None + Linear-SVM,unconscious,unconscious,False,Image,False,9,2,2,0
1824,sub-03,lh-superiorfrontal,0.8888888888888888,0.5555555555555556,0.6666666666666666,0.6778324178925815,None + Linear-SVM,unconscious,unconscious,False,Image,False,8,2,1,1
1825,sub-03,lh-superiorfrontal,0.5833333333333334,0.0,0.3333333333333333,0.7106329845836823,None + Linear-SVM,unconscious,unconscious,False,Image,False,3,1,1,3
1826,sub-03,lh-superiorfrontal,0.6904761904761905,0.23809523809523808,0.6153846153846153,0.6717997505815778,None + Linear-SVM,unconscious,unconscious,False,Image,False,4,4,3,2
1827,sub-03,lh-superiorfrontal,0.5,0.1690308509457033,0.5454545454545454,0.7103375003144402,None + Linear-SVM,unconscious,unconscious,False,Image,False,4,3,3,2
1828,sub-03,lh-superiorfrontal,0.5416666666666667,0.16666666666666666,0.5714285714285715,0.7013344263582555,None + Linear-SVM,unconscious,unconscious,False,Image,False,4,4,4,2
1829,sub-03,lh-superiorfrontal,0.36111111111111116,-0.1690308509457033,0.3636363636363636,0.7090074006098065,None + Linear-SVM,unconscious,unconscious,False,Image,False,3,2,4,3
1830,sub-03,lh-superiorfrontal,0.3333333333333333,-0.31622776601683794,0.25,0.7354703083788916,None + Linear-SVM,unconscious,unconscious,False,Image,False,2,1,2,4
1831,sub-03,lh-superiorfrontal,0.26666666666666666,-0.3105295017040594,0.22222222222222224,0.7441096915055503,None + Linear-SVM,unconscious,unconscious,False,Image,False,3,1,4,3
1832,sub-03,lh-superiorfrontal,0.47916666666666674,0.0,0.5333333333333333,0.6944664545326151,None + Linear-SVM,unconscious,unconscious,False,Image,False,3,4,4,3
1833,sub-03,lh-superiorfrontal,0.16666666666666666,-0.6324555320336759,0.0,0.739995996543812,None + Linear-SVM,unconscious,unconscious,False,Image,False,2,0,3,4
1834,sub-03,lh-superiorfrontal,0.47916666666666663,0.0,0.5333333333333333,0.71125081893427,None + Linear-SVM,unconscious,unconscious,False,Image,False,3,4,4,3
1835,sub-03,lh-superiorfrontal,0.3666666666666667,-0.2,0.37499999999999994,0.7031941914898889,None + Linear-SVM,unconscious,unconscious,False,Image,False,3,3,7,3
1836,sub-03,lh-superiorfrontal,0.6111111111111112,0.1690308509457033,0.5454545454545454,0.6878025975468242,None + Linear-SVM,unconscious,unconscious,False,Image,False,4,3,3,2
1837,sub-03,lh-superiorfrontal,0.3055555555555556,-0.1690308509457033,0.3636363636363636,0.7282488935730203,None + Linear-SVM,unconscious,unconscious,False,Image,False,3,2,4,3
1838,sub-03,lh-superiorfrontal,0.8333333333333334,-0.16666666666666666,0.0,0.7263469444633089,None + Linear-SVM,unconscious,unconscious,False,Image,False,5,0,1,1
1839,sub-03,lh-superiorfrontal,0.43333333333333335,-0.1,0.4000000000000001,0.7129368291912328,None + Linear-SVM,unconscious,unconscious,False,Image,False,3,2,3,3
1840,sub-03,lh-superiorfrontal,0.7333333333333334,0.2608745973749754,0.5,0.6811275020341765,None + Linear-SVM,unconscious,unconscious,False,Image,False,5,2,3,1
1841,sub-03,lh-superiorfrontal,0.4166666666666667,-0.2182178902359924,0.0,0.7196222013749267,None + Linear-SVM,unconscious,unconscious,False,Image,False,5,0,2,1
1842,sub-03,lh-superiorfrontal,0.5,0.16265001215808886,0.588235294117647,0.7071794210939155,None + Linear-SVM,unconscious,unconscious,False,Image,False,4,5,5,2
1843,sub-03,lh-superiorfrontal,0.43333333333333335,-0.1,0.4000000000000001,0.7103092579281672,None + Linear-SVM,unconscious,unconscious,False,Image,False,3,2,3,3
1844,sub-03,lh-superiorfrontal,0.6666666666666667,0.1889822365046136,0.4,0.6965762152982489,None + Linear-SVM,unconscious,unconscious,False,Image,False,5,1,2,1
1845,sub-03,lh-superiorfrontal,0.375,-0.25,0.25,0.7110255376972638,None + Linear-SVM,unconscious,unconscious,False,Image,False,3,1,3,3
1846,sub-03,lh-superiorfrontal,0.6000000000000001,0.2608745973749754,0.5,0.6913674274207371,None + Linear-SVM,unconscious,unconscious,False,Image,False,5,2,3,1
1847,sub-03,lh-superiorfrontal,0.5,-0.1690308509457033,0.3636363636363636,0.6999391548705395,None + Linear-SVM,unconscious,unconscious,False,Image,False,3,2,4,3
1848,sub-03,lh-superiorfrontal,0.5714285714285714,0.09759000729485333,0.5,0.6891720076679552,None + Linear-SVM,unconscious,unconscious,False,Image,False,4,3,4,2
1849,sub-03,lh-superiorfrontal,0.3666666666666667,-0.1,0.4000000000000001,0.717520698409342,None + Linear-SVM,unconscious,unconscious,False,Image,False,3,2,3,3
1850,sub-03,lh-superiorfrontal,0.5333333333333333,0.06900655593423542,0.4444444444444445,0.6964217681853756,None + Linear-SVM,unconscious,unconscious,False,Image,False,4,2,3,2
1851,sub-03,lh-superiorfrontal,0.4166666666666667,0.10206207261596577,0.3333333333333333,0.7279292369408239,None + Linear-SVM,unconscious,unconscious,False,Image,False,5,1,3,1
1852,sub-03,lh-superiorfrontal,0.4666666666666667,-0.1,0.4000000000000001,0.7126169833095445,None + Linear-SVM,unconscious,unconscious,False,Image,False,3,2,3,3
1853,sub-03,lh-superiorfrontal,0.6111111111111112,0.1690308509457033,0.5454545454545454,0.6879089546804479,None + Linear-SVM,unconscious,unconscious,False,Image,False,4,3,3,2
1854,sub-03,lh-superiorfrontal,0.4166666666666667,0.22821773229381923,0.5,0.7251856096714248,None + Linear-SVM,unconscious,unconscious,False,Image,False,5,3,5,1
1855,sub-03,lh-superiorfrontal,0.5833333333333334,0.0,0.3333333333333333,0.7185283047033413,None + Linear-SVM,unconscious,unconscious,False,Image,False,3,1,1,3
1856,sub-03,lh-superiorfrontal,0.5555555555555556,0.0,0.5,0.6891189391627611,None + Linear-SVM,unconscious,unconscious,False,Image,False,3,3,3,3
1857,sub-03,lh-superiorfrontal,0.5833333333333334,0.1690308509457033,0.5454545454545454,0.6915169189795471,None + Linear-SVM,unconscious,unconscious,False,Image,False,4,3,3,2
1858,sub-03,lh-superiorfrontal,0.3666666666666667,-0.3133397807202561,0.26666666666666666,0.7098373483333486,None + Linear-SVM,unconscious,unconscious,False,Image,False,3,2,8,3
1859,sub-03,lh-superiorfrontal,0.5333333333333333,0.06666666666666667,0.5,0.6769022941617899,None + Linear-SVM,unconscious,unconscious,False,Image,False,4,4,6,2
1860,sub-03,lh-superiorfrontal,0.5416666666666667,-0.125,0.42857142857142855,0.6877074364438377,None + Linear-SVM,unconscious,unconscious,False,Image,False,3,3,5,3
1861,sub-03,lh-superiorfrontal,0.4666666666666667,-0.09759000729485331,0.47058823529411764,0.689689025171413,None + Linear-SVM,unconscious,unconscious,False,Image,False,3,4,6,3
1862,sub-03,lh-superiorfrontal,0.45238095238095233,-0.07142857142857142,0.4615384615384615,0.7059413893442378,None + Linear-SVM,unconscious,unconscious,False,Image,False,3,3,4,3
1863,sub-03,lh-superiorfrontal,0.45238095238095244,-0.07142857142857142,0.4615384615384615,0.7122376494005185,None + Linear-SVM,unconscious,unconscious,False,Image,False,3,3,4,3
1864,sub-03,lh-superiorfrontal,0.4583333333333333,-0.125,0.42857142857142855,0.7114743390441008,None + Linear-SVM,unconscious,unconscious,False,Image,False,3,3,5,3
1865,sub-03,lh-superiorfrontal,0.4,-0.2,0.37499999999999994,0.6984000915697703,None + Linear-SVM,unconscious,unconscious,False,Image,False,3,3,7,3
1866,sub-03,lh-superiorfrontal,0.3571428571428572,-0.21957751641341997,0.3333333333333333,0.7148808565389861,None + Linear-SVM,unconscious,unconscious,False,Image,False,3,2,5,3
1867,sub-03,lh-superiorfrontal,0.6111111111111112,0.1690308509457033,0.5454545454545454,0.6795705503286813,None + Linear-SVM,unconscious,unconscious,False,Image,False,4,3,3,2
1868,sub-03,lh-superiorfrontal,0.6666666666666667,0.21821789023599236,0.6250000000000001,0.665824792111213,None + Linear-SVM,unconscious,unconscious,False,Image,False,4,5,4,2
1869,sub-03,lh-superiorfrontal,0.5,0.0,0.4444444444444445,0.7054014089303532,None + Linear-SVM,unconscious,unconscious,False,Image,False,3,2,2,3
1870,sub-03,lh-superiorfrontal,0.5000000000000001,0.0,0.5,0.7099952009691456,None + Linear-SVM,unconscious,unconscious,False,Image,False,3,3,3,3
1871,sub-03,lh-superiorfrontal,0.6666666666666666,0.3563483225498992,0.5714285714285715,0.6867699517680519,None + Linear-SVM,unconscious,unconscious,False,Image,False,5,2,2,1
1872,sub-03,lh-superiorfrontal,0.8333333333333334,0.5,0.6666666666666666,0.6871879139600165,None + Linear-SVM,unconscious,unconscious,False,Image,False,5,2,1,1
1873,sub-03,lh-superiorfrontal,0.8333333333333334,0.3333333333333333,0.5,0.6667113059209779,None + Linear-SVM,unconscious,unconscious,False,Image,False,5,1,1,1
1874,sub-03,lh-superiorfrontal,0.7857142857142858,0.5476190476190477,0.7692307692307692,0.6537474510639572,None + Linear-SVM,unconscious,unconscious,False,Image,False,5,5,2,1
1875,sub-03,lh-superiorfrontal,0.6944444444444445,0.3333333333333333,0.6666666666666666,0.6733758029935376,None + Linear-SVM,unconscious,unconscious,False,Image,False,4,4,2,2
1876,sub-03,lh-superiorfrontal,0.625,0.16666666666666666,0.5714285714285715,0.6768967185911795,None + Linear-SVM,unconscious,unconscious,False,Image,False,4,4,4,2
1877,sub-03,lh-superiorfrontal,0.5277777777777778,0.0,0.5,0.6847015702238722,None + Linear-SVM,unconscious,unconscious,False,Image,False,3,3,3,3
1878,sub-03,lh-superiorfrontal,0.5,-0.15811388300841897,0.28571428571428575,0.694238778996617,None + Linear-SVM,unconscious,unconscious,False,Image,False,3,1,2,3
1879,sub-03,lh-superiorfrontal,0.5,-0.1,0.4000000000000001,0.7003365682830521,None + Linear-SVM,unconscious,unconscious,False,Image,False,3,2,3,3
1880,sub-03,lh-superiorfrontal,0.625,0.16666666666666666,0.5714285714285715,0.6751068425001324,None + Linear-SVM,unconscious,unconscious,False,Image,False,4,4,4,2
1881,sub-03,lh-superiorfrontal,0.2777777777777778,-0.31622776601683794,0.25,0.7056114384941169,None + Linear-SVM,unconscious,unconscious,False,Image,False,2,1,2,4
1882,sub-03,lh-superiorfrontal,0.5625,0.04303314829119352,0.4615384615384615,0.6857642509798639,None + Linear-SVM,unconscious,unconscious,False,Image,False,4,3,5,2
1883,sub-03,lh-superiorfrontal,0.5333333333333333,0.0,0.5555555555555556,0.684350494291229,None + Linear-SVM,unconscious,unconscious,False,Image,False,3,5,5,3
1884,sub-03,lh-superiorfrontal,0.7222222222222223,0.3333333333333333,0.6666666666666666,0.6625182395851601,None + Linear-SVM,unconscious,unconscious,False,Image,False,4,4,2,2
1885,sub-03,lh-superiorfrontal,0.5833333333333334,0.0,0.5,0.6900812109066918,None + Linear-SVM,unconscious,unconscious,False,Image,False,3,3,3,3
1886,sub-03,lh-superiorfrontal,0.8333333333333334,-0.16666666666666666,0.0,0.6743996566371904,None + Linear-SVM,unconscious,unconscious,False,Image,False,5,0,1,1
1887,sub-03,lh-superiorfrontal,0.6666666666666667,0.06900655593423542,0.4444444444444445,0.6719942995689903,None + Linear-SVM,unconscious,unconscious,False,Image,False,4,2,3,2
1888,sub-03,lh-superiorfrontal,0.8,0.4485426135725303,0.6666666666666665,0.6592698432736718,None + Linear-SVM,unconscious,unconscious,False,Image,False,5,3,2,1
1889,sub-03,lh-superiorfrontal,0.5833333333333333,-0.14907119849998599,0.28571428571428575,0.6830599857127599,None + Linear-SVM,unconscious,unconscious,False,Image,False,2,1,1,4
1890,sub-03,lh-superiorfrontal,0.6166666666666667,0.16265001215808886,0.588235294117647,0.6822559300344613,None + Linear-SVM,unconscious,unconscious,False,Image,False,4,5,5,2
1891,sub-03,lh-superiorfrontal,0.5666666666666667,-0.1,0.4000000000000001,0.6796247761346089,None + Linear-SVM,unconscious,unconscious,False,Image,False,3,2,3,3
1892,sub-03,lh-superiorfrontal,0.7222222222222222,0.1889822365046136,0.4,0.666131465972704,None + Linear-SVM,unconscious,unconscious,False,Image,False,5,1,2,1
1893,sub-03,lh-superiorfrontal,0.5833333333333334,0.0,0.4444444444444445,0.6753901944886861,None + Linear-SVM,unconscious,unconscious,False,Image,False,3,2,2,3
1894,sub-03,lh-superiorfrontal,0.7333333333333334,0.1,0.5454545454545454,0.6598526350459538,None + Linear-SVM,unconscious,unconscious,False,Image,False,3,3,2,3
1895,sub-03,lh-superiorfrontal,0.6666666666666667,0.3333333333333333,0.6666666666666666,0.6712820167607935,None + Linear-SVM,unconscious,unconscious,False,Image,False,4,4,2,2
1896,sub-03,lh-superiorfrontal,0.6904761904761905,0.23809523809523808,0.6153846153846153,0.6576091992177424,None + Linear-SVM,unconscious,unconscious,False,Image,False,4,4,3,2
1897,sub-03,lh-superiorfrontal,0.6000000000000001,0.06900655593423542,0.4444444444444445,0.6761809279146569,None + Linear-SVM,unconscious,unconscious,False,Image,False,4,2,3,2
1898,sub-03,lh-superiorfrontal,0.7333333333333334,0.26666666666666666,0.6,0.6615414497763963,None + Linear-SVM,unconscious,unconscious,False,Image,False,4,3,2,2
1899,sub-03,lh-superiorfrontal,0.5416666666666667,0.0,0.4444444444444445,0.6887851525734869,None + Linear-SVM,unconscious,unconscious,False,Image,False,3,2,2,3
1900,sub-03,lh-superiorfrontal,0.6000000000000001,-0.1,0.4000000000000001,0.6753110283773741,None + Linear-SVM,unconscious,unconscious,False,Image,False,3,2,3,3
1901,sub-03,lh-superiorfrontal,0.7222222222222222,0.1690308509457033,0.5454545454545454,0.667908411482402,None + Linear-SVM,unconscious,unconscious,False,Image,False,4,3,3,2
1902,sub-03,lh-superiorfrontal,0.5625,0.0,0.5333333333333333,0.692521729780894,None + Linear-SVM,unconscious,unconscious,False,Image,False,3,4,4,3
1903,sub-03,lh-superiorfrontal,0.6666666666666667,0.0,0.3333333333333333,0.6754261708438658,None + Linear-SVM,unconscious,unconscious,False,Image,False,3,1,1,3
1904,sub-03,lh-superiorfrontal,0.6944444444444445,0.3333333333333333,0.6666666666666666,0.6662389892899818,None + Linear-SVM,unconscious,unconscious,False,Image,False,4,4,2,2
1905,sub-03,lh-superiorfrontal,0.75,0.50709255283711,0.7272727272727272,0.6676262430842472,None + Linear-SVM,unconscious,unconscious,False,Image,False,5,4,2,1
1906,sub-03,lh-superiorfrontal,0.4666666666666667,0.0,0.5555555555555556,0.6907832332877348,None + Linear-SVM,unconscious,unconscious,False,Image,False,3,5,5,3
1907,sub-03,lh-superiorfrontal,0.6833333333333333,0.2581988897471611,0.6666666666666665,0.6637490235475925,None + Linear-SVM,unconscious,unconscious,False,Image,False,4,6,4,2
1908,sub-03,lh-superiorfrontal,0.625,0.0,0.5333333333333333,0.6697339500212581,None + Linear-SVM,unconscious,unconscious,False,Image,False,3,4,4,3
1909,sub-03,lh-superiorfrontal,0.6666666666666667,0.16265001215808886,0.588235294117647,0.6652314459461055,None + Linear-SVM,unconscious,unconscious,False,Image,False,4,5,5,2
1910,sub-03,lh-superiorfrontal,0.5476190476190477,0.09759000729485333,0.5,0.684410469509756,None + Linear-SVM,unconscious,unconscious,False,Image,False,4,3,4,2
1911,sub-03,lh-superiorfrontal,0.6428571428571428,0.23809523809523808,0.6153846153846153,0.6812317387991135,None + Linear-SVM,unconscious,unconscious,False,Image,False,4,4,3,2
1912,sub-03,lh-superiorfrontal,0.5833333333333334,0.0,0.5333333333333333,0.6821294467033223,None + Linear-SVM,unconscious,unconscious,False,Image,False,3,4,4,3
1913,sub-03,lh-superiorfrontal,0.5833333333333334,-0.09759000729485331,0.47058823529411764,0.6701772366159641,None + Linear-SVM,unconscious,unconscious,False,Image,False,3,4,6,3
1914,sub-03,lh-superiorfrontal,0.6190476190476191,0.09759000729485333,0.5,0.6790926532983247,None + Linear-SVM,unconscious,unconscious,False,Image,False,4,3,4,2
1915,sub-03,lh-superiorfrontal,0.7777777777777779,0.50709255283711,0.7272727272727272,0.6561741510474886,None + Linear-SVM,unconscious,unconscious,False,Image,False,5,4,2,1
1916,sub-03,lh-superiorfrontal,0.7777777777777778,0.32732683535398854,0.7058823529411765,0.6536085902042199,None + Linear-SVM,unconscious,unconscious,False,Image,False,4,6,3,2
1917,sub-03,lh-superiorfrontal,0.6666666666666667,0.16666666666666666,0.5,0.6781865671834804,None + Linear-SVM,unconscious,unconscious,False,Image,False,4,2,2,2
1918,sub-03,lh-superiorfrontal,0.5555555555555556,0.0,0.5,0.6799421528832158,None + Linear-SVM,unconscious,unconscious,False,Image,False,3,3,3,3
1919,sub-03,lh-superiorfrontal,0.8333333333333334,0.6123724356957946,0.6666666666666666,0.6528249325747258,None + Linear-SVM,unconscious,unconscious,False,Image,False,6,2,2,0
1920,sub-03,lh-superiorfrontal,0.888888888888889,0.5,0.6666666666666666,0.6521209080069574,None + Linear-SVM,unconscious,unconscious,False,Image,False,5,2,1,1
1921,sub-03,lh-superiorfrontal,0.75,0.14907119849998599,0.4,0.6727047025281097,None + Linear-SVM,unconscious,unconscious,False,Image,False,4,1,1,2
1922,sub-03,lh-superiorfrontal,0.8809523809523809,0.5476190476190477,0.7692307692307692,0.6494615697964974,None + Linear-SVM,unconscious,unconscious,False,Image,False,5,5,2,1
1923,sub-03,lh-superiorfrontal,0.6388888888888888,0.1690308509457033,0.5454545454545454,0.6778409878001636,None + Linear-SVM,unconscious,unconscious,False,Image,False,4,3,3,2
1924,sub-03,lh-superiorfrontal,0.6458333333333334,0.16666666666666666,0.5714285714285715,0.6861355425212919,None + Linear-SVM,unconscious,unconscious,False,Image,False,4,4,4,2
1925,sub-03,lh-superiorfrontal,0.5833333333333333,0.1690308509457033,0.5454545454545454,0.6811195408153868,None + Linear-SVM,unconscious,unconscious,False,Image,False,4,3,3,2
1926,sub-03,lh-superiorfrontal,0.4444444444444444,-0.15811388300841897,0.28571428571428575,0.694335011563332,None + Linear-SVM,unconscious,unconscious,False,Image,False,3,1,2,3
1927,sub-03,lh-superiorfrontal,0.5333333333333334,0.06900655593423542,0.4444444444444445,0.6935186646465422,None + Linear-SVM,unconscious,unconscious,False,Image,False,4,2,3,2
1928,sub-03,lh-superiorfrontal,0.75,0.28867513459481287,0.6666666666666666,0.671646370351677,None + Linear-SVM,unconscious,unconscious,False,Image,False,4,5,3,2
1929,sub-03,lh-superiorfrontal,0.3333333333333333,-0.15811388300841897,0.28571428571428575,0.6984615196567463,None + Linear-SVM,unconscious,unconscious,False,Image,False,3,1,2,3
1930,sub-03,lh-superiorfrontal,0.5208333333333334,0.04303314829119352,0.4615384615384615,0.6915074725693174,None + Linear-SVM,unconscious,unconscious,False,Image,False,4,3,5,2
1931,sub-03,lh-superiorfrontal,0.5166666666666667,-0.14907119849998599,0.28571428571428575,0.6918460760622904,None + Linear-SVM,unconscious,unconscious,False,Image,False,4,2,8,2
1932,sub-03,lh-superiorfrontal,0.75,0.3333333333333333,0.6666666666666666,0.6615978936330227,None + Linear-SVM,unconscious,unconscious,False,Image,False,4,4,2,2
1933,sub-03,lh-superiorfrontal,0.5,0.0,0.5,0.69426872677076,None + Linear-SVM,unconscious,unconscious,False,Image,False,3,3,3,3
1934,sub-03,lh-superiorfrontal,0.8333333333333334,-0.16666666666666666,0.0,0.6750695993254098,None + Linear-SVM,unconscious,unconscious,False,Image,False,5,0,1,1
1935,sub-03,lh-superiorfrontal,0.7333333333333334,0.06900655593423542,0.4444444444444445,0.6731705715817754,None + Linear-SVM,unconscious,unconscious,False,Image,False,4,2,3,2
1936,sub-03,lh-superiorfrontal,0.8,0.2608745973749754,0.5,0.6596029218346429,None + Linear-SVM,unconscious,unconscious,False,Image,False,5,2,3,1
1937,sub-03,lh-superiorfrontal,0.5,0.0,0.0,0.6846533280662603,None + Linear-SVM,unconscious,unconscious,False,Image,False,6,0,2,0
1938,sub-03,lh-superiorfrontal,0.6333333333333333,0.16265001215808886,0.588235294117647,0.6858192222064116,None + Linear-SVM,unconscious,unconscious,False,Image,False,4,5,5,2
1939,sub-03,lh-superiorfrontal,0.7,0.06900655593423542,0.4444444444444445,0.6727870791394498,None + Linear-SVM,unconscious,unconscious,False,Image,False,4,2,3,2
1940,sub-03,lh-superiorfrontal,0.7777777777777778,0.31622776601683794,0.5714285714285715,0.6662895680535094,None + Linear-SVM,unconscious,unconscious,False,Image,False,4,2,1,2
1941,sub-03,lh-superiorfrontal,0.625,0.16666666666666666,0.5,0.6804347030059781,None + Linear-SVM,unconscious,unconscious,False,Image,False,4,2,2,2
1942,sub-03,lh-superiorfrontal,0.8,0.26666666666666666,0.6,0.6538114428843708,None + Linear-SVM,unconscious,unconscious,False,Image,False,4,3,2,2
1943,sub-03,lh-superiorfrontal,0.6388888888888888,0.1690308509457033,0.5454545454545454,0.6702793029244937,None + Linear-SVM,unconscious,unconscious,False,Image,False,4,3,3,2
1944,sub-03,lh-superiorfrontal,0.7142857142857143,0.23809523809523808,0.6153846153846153,0.6645270750294802,None + Linear-SVM,unconscious,unconscious,False,Image,False,4,4,3,2
1945,sub-03,lh-superiorfrontal,0.7,0.26666666666666666,0.6,0.6771997709596699,None + Linear-SVM,unconscious,unconscious,False,Image,False,4,3,2,2
1946,sub-03,lh-superiorfrontal,0.7,0.06900655593423542,0.4444444444444445,0.6695376327278333,None + Linear-SVM,unconscious,unconscious,False,Image,False,4,2,3,2
1947,sub-03,lh-superiorfrontal,0.5416666666666667,0.16666666666666666,0.5,0.6871077862301427,None + Linear-SVM,unconscious,unconscious,False,Image,False,4,2,2,2
1948,sub-03,lh-superiorfrontal,0.7,0.06900655593423542,0.4444444444444445,0.6763961627017324,None + Linear-SVM,unconscious,unconscious,False,Image,False,4,2,3,2
1949,sub-03,lh-superiorfrontal,0.75,0.1690308509457033,0.5454545454545454,0.6633228109530643,None + Linear-SVM,unconscious,unconscious,False,Image,False,4,3,3,2
1950,sub-03,lh-superiorfrontal,0.6041666666666667,0.16666666666666666,0.5714285714285715,0.693240785984701,None + Linear-SVM,unconscious,unconscious,False,Image,False,4,4,4,2
1951,sub-03,lh-superiorfrontal,0.75,0.14907119849998599,0.4,0.6752686215303514,None + Linear-SVM,unconscious,unconscious,False,Image,False,4,1,1,2
1952,sub-03,lh-superiorfrontal,0.7777777777777779,0.50709255283711,0.7272727272727272,0.6601545035190584,None + Linear-SVM,unconscious,unconscious,False,Image,False,5,4,2,1
1953,sub-03,lh-superiorfrontal,0.7222222222222222,0.1690308509457033,0.5454545454545454,0.6685251618636839,None + Linear-SVM,unconscious,unconscious,False,Image,False,4,3,3,2
1954,sub-03,lh-superiorfrontal,0.55,0.06666666666666667,0.5,0.6913765433435419,None + Linear-SVM,unconscious,unconscious,False,Image,False,4,4,6,2
1955,sub-03,lh-superiorfrontal,0.7666666666666666,0.5163977794943222,0.7777777777777777,0.6611379577477536,None + Linear-SVM,unconscious,unconscious,False,Image,False,5,7,3,1
1956,sub-03,lh-superiorfrontal,0.7916666666666667,0.34426518632954817,0.6153846153846154,0.6666628089478149,None + Linear-SVM,unconscious,unconscious,False,Image,False,5,4,4,1
1957,sub-03,lh-superiorfrontal,0.7166666666666667,0.2581988897471611,0.6666666666666665,0.6657385514371782,None + Linear-SVM,unconscious,unconscious,False,Image,False,4,6,4,2
1958,sub-03,lh-superiorfrontal,0.6190476190476191,0.09759000729485333,0.5,0.6873627766632833,None + Linear-SVM,unconscious,unconscious,False,Image,False,4,3,4,2
1959,sub-03,lh-superiorfrontal,0.6428571428571429,0.23809523809523808,0.6153846153846153,0.6821518834061687,None + Linear-SVM,unconscious,unconscious,False,Image,False,4,4,3,2
1960,sub-03,lh-superiorfrontal,0.5625,0.16666666666666666,0.5714285714285715,0.6864134729964146,None + Linear-SVM,unconscious,unconscious,False,Image,False,4,4,4,2
1961,sub-03,lh-superiorfrontal,0.6666666666666666,0.16265001215808886,0.588235294117647,0.6677762655540891,None + Linear-SVM,unconscious,unconscious,False,Image,False,4,5,5,2
1962,sub-03,lh-superiorfrontal,0.5952380952380952,0.23809523809523808,0.6153846153846153,0.6859133022805051,None + Linear-SVM,unconscious,unconscious,False,Image,False,4,4,3,2
1963,sub-03,lh-superiorfrontal,0.7500000000000001,0.50709255283711,0.7272727272727272,0.6573798130497182,None + Linear-SVM,unconscious,unconscious,False,Image,False,5,4,2,1
1964,sub-03,lh-superiorfrontal,0.7962962962962963,0.32732683535398854,0.7058823529411765,0.6506383552914693,None + Linear-SVM,unconscious,unconscious,False,Image,False,4,6,3,2
1965,sub-03,lh-superiorfrontal,0.7083333333333334,0.16666666666666666,0.5,0.6818904249962273,None + Linear-SVM,unconscious,unconscious,False,Image,False,4,2,2,2
1966,sub-03,lh-superiorfrontal,0.6111111111111112,0.1690308509457033,0.5454545454545454,0.6805773004793667,None + Linear-SVM,unconscious,unconscious,False,Image,False,4,3,3,2
1967,sub-03,lh-superiorfrontal,0.8333333333333334,0.6123724356957946,0.6666666666666666,0.6552451858386164,None + Linear-SVM,unconscious,unconscious,False,Image,False,6,2,2,0
1968,sub-03,lh-superiorfrontal,0.888888888888889,0.5,0.6666666666666666,0.6531940856428976,None + Linear-SVM,unconscious,unconscious,False,Image,False,5,2,1,1
1969,sub-03,lh-superiorfrontal,0.375,-0.31622776601683794,0.0,0.7572362397467387,None + Linear-SVM,unconscious,unconscious,False,Image,False,3,0,2,1
1970,sub-03,lh-superiorfrontal,0.4285714285714286,0.03857583749052298,0.4,0.6959498313136695,None + Linear-SVM,unconscious,unconscious,False,Image,False,3,2,5,1
1971,sub-03,lh-superiorfrontal,0.041666666666666664,-0.8017837257372732,0.0,0.7462562086767521,None + Linear-SVM,unconscious,unconscious,False,Image,False,1,0,6,3
1972,sub-03,lh-superiorfrontal,0.28125,0.0,0.36363636363636365,0.725271246892171,None + Linear-SVM,unconscious,unconscious,False,Image,False,3,2,6,1
1973,sub-03,lh-superiorfrontal,0.08333333333333333,-0.5833333333333334,0.2,0.7558897208582922,None + Linear-SVM,unconscious,unconscious,False,Image,False,1,1,5,3
1974,sub-03,lh-superiorfrontal,0.16666666666666666,-0.5477225575051661,0.0,0.8051041476340121,None + Linear-SVM,unconscious,unconscious,False,Image,False,2,0,3,2
1975,sub-03,lh-superiorfrontal,0.0,-0.7905694150420948,0.0,0.7741172176192506,None + Linear-SVM,unconscious,unconscious,False,Image,False,1,0,5,3
1976,sub-03,lh-superiorfrontal,0.125,-0.408248290463863,0.18181818181818182,0.7294705943422229,None + Linear-SVM,unconscious,unconscious,False,Image,False,2,1,7,2
1977,sub-03,lh-superiorfrontal,0.0,-0.75,0.0,0.8169187937344322,None + Linear-SVM,unconscious,unconscious,False,Image,False,1,0,3,3
1978,sub-03,lh-superiorfrontal,0.15625,-0.408248290463863,0.18181818181818182,0.7635000550722796,None + Linear-SVM,unconscious,unconscious,False,Image,False,2,1,7,2
1979,sub-03,lh-superiorfrontal,0.125,-0.5185449728701348,0.26666666666666666,0.7345120294193042,None + Linear-SVM,unconscious,unconscious,False,Image,False,1,2,8,3
1980,sub-03,lh-superiorfrontal,0.125,-0.5833333333333334,0.2,0.7246054616140882,None + Linear-SVM,unconscious,unconscious,False,Image,False,1,1,5,3
1981,sub-03,lh-superiorfrontal,0.16666666666666666,-0.3563483225498992,0.2222222222222222,0.7611402231145412,None + Linear-SVM,unconscious,unconscious,False,Image,False,2,1,5,2
1982,sub-03,lh-superiorfrontal,0.0,-0.6123724356957946,0.0,0.8085479720285479,None + Linear-SVM,unconscious,unconscious,False,Image,False,1,0,1,3
1983,sub-03,lh-superiorfrontal,0.15000000000000002,-0.31622776601683794,0.25,0.7513705782194791,None + Linear-SVM,unconscious,unconscious,False,Image,False,2,1,4,2
1984,sub-03,lh-superiorfrontal,0.35,-0.1,0.4444444444444445,0.7122922890402231,None + Linear-SVM,unconscious,unconscious,False,Image,False,2,2,3,2
1985,sub-03,lh-superiorfrontal,0.375,-0.31622776601683794,0.0,0.7910085368799346,None + Linear-SVM,unconscious,unconscious,False,Image,False,3,0,2,1
1986,sub-03,lh-superiorfrontal,0.15000000000000002,-0.4403855060505443,0.15384615384615383,0.7743856777854775,None + Linear-SVM,unconscious,unconscious,False,Image,False,2,1,9,2
1987,sub-03,lh-superiorfrontal,0.2,-0.31622776601683794,0.25,0.7374629950580183,None + Linear-SVM,unconscious,unconscious,False,Image,False,2,1,4,2
1988,sub-03,lh-superiorfrontal,0.41666666666666663,-0.16666666666666666,0.3333333333333333,0.7421755056526693,None + Linear-SVM,unconscious,unconscious,False,Image,False,2,1,2,2
1989,sub-03,lh-superiorfrontal,0.1875,-0.5,0.25,0.7568869266846712,None + Linear-SVM,unconscious,unconscious,False,Image,False,1,1,3,3
1990,sub-03,lh-superiorfrontal,0.4,0.15811388300841897,0.5,0.7274758249029798,None + Linear-SVM,unconscious,unconscious,False,Image,False,3,2,3,1
1991,sub-03,lh-superiorfrontal,0.125,-0.5833333333333334,0.2,0.7533524839537713,None + Linear-SVM,unconscious,unconscious,False,Image,False,1,1,5,3
1992,sub-03,lh-superiorfrontal,0.21428571428571425,-0.21428571428571427,0.36363636363636365,0.7216641315273812,None + Linear-SVM,unconscious,unconscious,False,Image,False,2,2,5,2
1993,sub-03,lh-superiorfrontal,0.0,-0.7905694150420948,0.0,0.7586176696984965,None + Linear-SVM,unconscious,unconscious,False,Image,False,1,0,5,3
1994,sub-03,lh-superiorfrontal,0.25,-0.31622776601683794,0.25,0.7318993864171052,None + Linear-SVM,unconscious,unconscious,False,Image,False,2,1,4,2
1995,sub-03,lh-superiorfrontal,0.0625,-0.7745966692414834,0.0,0.8001527220841302,None + Linear-SVM,unconscious,unconscious,False,Image,False,1,0,4,3
1996,sub-03,lh-superiorfrontal,0.25,-0.31622776601683794,0.25,0.7466547776362291,None + Linear-SVM,unconscious,unconscious,False,Image,False,2,1,4,2
1997,sub-03,lh-superiorfrontal,0.24999999999999997,-0.16666666666666666,0.4,0.7256706518997722,None + Linear-SVM,unconscious,unconscious,False,Image,False,2,2,4,2
1998,sub-03,lh-superiorfrontal,0.1875,-0.25,0.3333333333333333,0.7602222074557021,None + Linear-SVM,unconscious,unconscious,False,Image,False,2,2,6,2
1999,sub-03,lh-superiorfrontal,0.375,-0.31622776601683794,0.0,0.76864151423948,None + Linear-SVM,unconscious,unconscious,False,Image,False,3,0,2,1
2000,sub-03,lh-superiorfrontal,0.125,-0.5833333333333334,0.2,0.7172194284175902,None + Linear-SVM,unconscious,unconscious,False,Image,False,1,1,5,3
2001,sub-03,lh-superiorfrontal,0.16666666666666666,-0.3563483225498992,0.2222222222222222,0.723288958793656,None + Linear-SVM,unconscious,unconscious,False,Image,False,2,1,5,2
2002,sub-03,lh-superiorfrontal,0.05,-0.65,0.14285714285714288,0.7474061193153695,None + Linear-SVM,unconscious,unconscious,False,Image,False,1,1,9,3
2003,sub-03,lh-superiorfrontal,0.30000000000000004,-0.18856180831641267,0.4,0.6956720529726182,None + Linear-SVM,unconscious,unconscious,False,Image,False,2,3,7,2
2004,sub-03,lh-superiorfrontal,0.1875,-0.25,0.3333333333333333,0.7092387910720808,None + Linear-SVM,unconscious,unconscious,False,Image,False,2,2,6,2
2005,sub-03,lh-superiorfrontal,0.17500000000000002,-0.3,0.28571428571428575,0.7043205304771307,None + Linear-SVM,unconscious,unconscious,False,Image,False,2,2,8,2
2006,sub-03,lh-superiorfrontal,0.10714285714285714,-0.6071428571428571,0.18181818181818182,0.7514803606208802,None + Linear-SVM,unconscious,unconscious,False,Image,False,1,1,6,3
2007,sub-03,lh-superiorfrontal,0.17857142857142855,-0.38575837490522974,0.2,0.7261834976490118,None + Linear-SVM,unconscious,unconscious,False,Image,False,2,1,6,2
2008,sub-03,lh-superiorfrontal,0.15625,-0.408248290463863,0.18181818181818182,0.7527141252640606,None + Linear-SVM,unconscious,unconscious,False,Image,False,2,1,7,2
2009,sub-03,lh-superiorfrontal,0.2,-0.3,0.28571428571428575,0.719428524917903,None + Linear-SVM,unconscious,unconscious,False,Image,False,2,2,8,2
2010,sub-03,lh-superiorfrontal,0.17857142857142855,-0.38575837490522974,0.2,0.7378799258079745,None + Linear-SVM,unconscious,unconscious,False,Image,False,2,1,6,2
2011,sub-03,lh-superiorfrontal,0.375,-0.16666666666666666,0.4,0.6970245051929493,None + Linear-SVM,unconscious,unconscious,False,Image,False,2,2,4,2
2012,sub-03,lh-superiorfrontal,0.3055555555555556,-0.15811388300841897,0.42857142857142855,0.6856682144915536,None + Linear-SVM,unconscious,unconscious,False,Image,False,2,3,6,2
2013,sub-03,lh-superiorfrontal,0.125,-0.5773502691896258,0.0,0.7559404808734878,None + Linear-SVM,unconscious,unconscious,False,Image,False,2,0,4,2
2014,sub-03,lh-superiorfrontal,0.16666666666666666,-0.3563483225498992,0.2222222222222222,0.7390910070062324,None + Linear-SVM,unconscious,unconscious,False,Image,False,2,1,5,2
2015,sub-03,lh-superiorfrontal,0.5625,0.2581988897471611,0.5714285714285715,0.7108615815681107,None + Linear-SVM,unconscious,unconscious,False,Image,False,3,2,2,1
2016,sub-03,lh-superiorfrontal,0.41666666666666663,-0.16666666666666666,0.3333333333333333,0.730110313948026,None + Linear-SVM,unconscious,unconscious,False,Image,False,2,1,2,2
2017,sub-03,lh-superiorfrontal,0.875,0.6324555320336759,0.6666666666666666,0.6631877297016178,None + Linear-SVM,unconscious,unconscious,False,Image,False,4,1,1,0
2018,sub-03,lh-superiorfrontal,0.7857142857142857,0.4485426135725303,0.7692307692307692,0.6514967434320662,None + Linear-SVM,unconscious,unconscious,False,Image,False,3,5,2,1
2019,sub-03,lh-superiorfrontal,0.75,0.408248290463863,0.7272727272727272,0.674087356142091,None + Linear-SVM,unconscious,unconscious,False,Image,False,3,4,2,1
2020,sub-03,lh-superiorfrontal,0.6875,0.23904572186687872,0.6153846153846154,0.6794795273437352,None + Linear-SVM,unconscious,unconscious,False,Image,False,3,4,4,1
2021,sub-03,lh-superiorfrontal,0.5416666666666666,0.25,0.6,0.6888104319996595,None + Linear-SVM,unconscious,unconscious,False,Image,False,3,3,3,1
2022,sub-03,lh-superiorfrontal,0.41666666666666663,-0.16666666666666666,0.3333333333333333,0.6958228070651814,None + Linear-SVM,unconscious,unconscious,False,Image,False,2,1,2,2
2023,sub-03,lh-superiorfrontal,0.4,0.15811388300841897,0.5,0.7107243797397831,None + Linear-SVM,unconscious,unconscious,False,Image,False,3,2,3,1
2024,sub-03,lh-superiorfrontal,0.71875,0.3535533905932738,0.7142857142857143,0.679437346242894,None + Linear-SVM,unconscious,unconscious,False,Image,False,3,5,3,1
2025,sub-03,lh-superiorfrontal,0.41666666666666663,-0.16666666666666666,0.3333333333333333,0.6990039276118987,None + Linear-SVM,unconscious,unconscious,False,Image,False,2,1,2,2
2026,sub-03,lh-superiorfrontal,0.59375,0.23904572186687872,0.6153846153846154,0.6928093321922435,None + Linear-SVM,unconscious,unconscious,False,Image,False,3,4,4,1
2027,sub-03,lh-superiorfrontal,0.7250000000000001,0.31622776601683794,0.7058823529411764,0.6839454580879253,None + Linear-SVM,unconscious,unconscious,False,Image,False,3,6,4,1
2028,sub-03,lh-superiorfrontal,0.875,0.5345224838248488,0.6666666666666666,0.6564273798205894,None + Linear-SVM,unconscious,unconscious,False,Image,False,4,3,3,0
2029,sub-03,lh-superiorfrontal,0.4166666666666667,0.0890870806374748,0.4444444444444444,0.7035010544011067,None + Linear-SVM,unconscious,unconscious,False,Image,False,3,2,4,1
2030,sub-03,lh-superiorfrontal,0.75,-0.25,0.0,0.6749017743153651,None + Linear-SVM,unconscious,unconscious,False,Image,False,3,0,1,1
2031,sub-03,lh-superiorfrontal,0.8,0.35,0.6666666666666665,0.6737650525700304,None + Linear-SVM,unconscious,unconscious,False,Image,False,3,3,2,1
2032,sub-03,lh-superiorfrontal,0.85,0.55,0.8000000000000002,0.6547479619768622,None + Linear-SVM,unconscious,unconscious,False,Image,False,3,4,1,1
2033,sub-03,lh-superiorfrontal,0.5,0.0,0.0,0.6775982366084401,None + Linear-SVM,unconscious,unconscious,False,Image,False,4,0,2,0
2034,sub-03,lh-superiorfrontal,0.5999999999999999,0.31622776601683794,0.7058823529411764,0.6900548693520402,None + Linear-SVM,unconscious,unconscious,False,Image,False,3,6,4,1
2035,sub-03,lh-superiorfrontal,0.8,0.35,0.6666666666666665,0.6777261033496034,None + Linear-SVM,unconscious,unconscious,False,Image,False,3,3,2,1
2036,sub-03,lh-superiorfrontal,0.8333333333333334,0.4166666666666667,0.6666666666666666,0.6653524137907431,None + Linear-SVM,unconscious,unconscious,False,Image,False,3,2,1,1
2037,sub-03,lh-superiorfrontal,0.6875,0.2581988897471611,0.5714285714285715,0.6732810773307996,None + Linear-SVM,unconscious,unconscious,False,Image,False,3,2,2,1
2038,sub-03,lh-superiorfrontal,0.7500000000000001,0.35,0.6666666666666665,0.652660845501437,None + Linear-SVM,unconscious,unconscious,False,Image,False,3,3,2,1
2039,sub-03,lh-superiorfrontal,0.625,0.25,0.6,0.6764136446828959,None + Linear-SVM,unconscious,unconscious,False,Image,False,3,3,3,1
2040,sub-03,lh-superiorfrontal,0.6785714285714286,0.3105295017040594,0.6666666666666666,0.6660459606916452,None + Linear-SVM,unconscious,unconscious,False,Image,False,3,4,3,1
2041,sub-03,lh-superiorfrontal,0.55,0.35,0.6666666666666665,0.6842715225747251,None + Linear-SVM,unconscious,unconscious,False,Image,False,3,3,2,1
2042,sub-03,lh-superiorfrontal,0.8,0.35,0.6666666666666665,0.6628751824877577,None + Linear-SVM,unconscious,unconscious,False,Image,False,3,3,2,1
2043,sub-03,lh-superiorfrontal,0.5625,0.2581988897471611,0.5714285714285715,0.6898521190898852,None + Linear-SVM,unconscious,unconscious,False,Image,False,3,2,2,1
2044,sub-03,lh-superiorfrontal,0.75,0.35,0.6666666666666665,0.670265936340908,None + Linear-SVM,unconscious,unconscious,False,Image,False,3,3,2,1
2045,sub-03,lh-superiorfrontal,0.75,0.408248290463863,0.7272727272727272,0.6716913092118143,None + Linear-SVM,unconscious,unconscious,False,Image,False,3,4,2,1
2046,sub-03,lh-superiorfrontal,0.53125,0.125,0.5,0.6996107493132491,None + Linear-SVM,unconscious,unconscious,False,Image,False,3,3,5,1
2047,sub-03,lh-superiorfrontal,0.875,0.6324555320336759,0.6666666666666666,0.6709337685000641,None + Linear-SVM,unconscious,unconscious,False,Image,False,4,1,1,0
2048,sub-03,lh-superiorfrontal,0.7916666666666666,0.5833333333333334,0.8333333333333334,0.6594758477048406,None + Linear-SVM,unconscious,unconscious,False,Image,False,3,5,1,1
2049,sub-03,lh-superiorfrontal,0.7916666666666667,0.408248290463863,0.7272727272727272,0.6656437398680383,None + Linear-SVM,unconscious,unconscious,False,Image,False,3,4,2,1
2050,sub-03,lh-superiorfrontal,0.65,0.31622776601683794,0.7058823529411764,0.6927867380535154,None + Linear-SVM,unconscious,unconscious,False,Image,False,3,6,4,1
2051,sub-03,lh-superiorfrontal,0.675,0.41079191812887456,0.7777777777777777,0.6661896795483154,None + Linear-SVM,unconscious,unconscious,False,Image,False,3,7,3,1
2052,sub-03,lh-superiorfrontal,0.8125,0.47809144373375745,0.7999999999999999,0.6703754509072964,None + Linear-SVM,unconscious,unconscious,False,Image,False,3,6,2,1
2053,sub-03,lh-superiorfrontal,0.775,0.5185449728701348,0.8421052631578948,0.6676157297610056,None + Linear-SVM,unconscious,unconscious,False,Image,False,3,8,2,1
2054,sub-03,lh-superiorfrontal,0.6785714285714285,0.3105295017040594,0.6666666666666666,0.6850313408385256,None + Linear-SVM,unconscious,unconscious,False,Image,False,3,4,3,1
2055,sub-03,lh-superiorfrontal,0.6071428571428571,0.3105295017040594,0.6666666666666666,0.6908559737990188,None + Linear-SVM,unconscious,unconscious,False,Image,False,3,4,3,1
2056,sub-03,lh-superiorfrontal,0.5625,0.23904572186687872,0.6153846153846154,0.6906804290364418,None + Linear-SVM,unconscious,unconscious,False,Image,False,3,4,4,1
2057,sub-03,lh-superiorfrontal,0.625,0.31622776601683794,0.7058823529411764,0.6744823603078342,None + Linear-SVM,unconscious,unconscious,False,Image,False,3,6,4,1
2058,sub-03,lh-superiorfrontal,0.5714285714285714,0.03857583749052298,0.4,0.6906297054476034,None + Linear-SVM,unconscious,unconscious,False,Image,False,3,2,5,1
2059,sub-03,lh-superiorfrontal,0.7083333333333334,0.408248290463863,0.7272727272727272,0.6574306554256837,None + Linear-SVM,unconscious,unconscious,False,Image,False,3,4,2,1
2060,sub-03,lh-superiorfrontal,0.9166666666666666,0.6172133998483676,0.8,0.6477433474127565,None + Linear-SVM,unconscious,unconscious,False,Image,False,4,6,3,0
2061,sub-03,lh-superiorfrontal,0.625,0.2581988897471611,0.5714285714285715,0.6810966572734232,None + Linear-SVM,unconscious,unconscious,False,Image,False,3,2,2,1
2062,sub-03,lh-superiorfrontal,0.625,0.25,0.6,0.6833600843598908,None + Linear-SVM,unconscious,unconscious,False,Image,False,3,3,3,1
2063,sub-03,lh-superiorfrontal,0.875,0.5773502691896258,0.6666666666666666,0.6471563811493792,None + Linear-SVM,unconscious,unconscious,False,Image,False,4,2,2,0
2064,sub-03,lh-superiorfrontal,0.8333333333333334,0.4166666666666667,0.6666666666666666,0.6526964475682228,None + Linear-SVM,unconscious,unconscious,False,Image,False,3,2,1,1
2065,sub-03,lh-superiorfrontal,0.6,-0.09128709291752768,0.3333333333333333,0.7047066780049605,None + Linear-SVM,unconscious,unconscious,False,Image,False,2,1,1,3
2066,sub-03,lh-superiorfrontal,0.657142857142857,0.37142857142857144,0.6666666666666666,0.6678009525220984,None + Linear-SVM,unconscious,unconscious,False,Image,False,4,4,3,1
2067,sub-03,lh-superiorfrontal,0.4666666666666666,-0.06900655593423542,0.4,0.7012667113659804,None + Linear-SVM,unconscious,unconscious,False,Image,False,3,2,4,2
2068,sub-03,lh-superiorfrontal,0.49999999999999994,0.09759000729485333,0.5714285714285715,0.7016866460140551,None + Linear-SVM,unconscious,unconscious,False,Image,False,3,4,4,2
2069,sub-03,lh-superiorfrontal,0.3333333333333333,-0.26666666666666666,0.3636363636363636,0.7198964417731405,None + Linear-SVM,unconscious,unconscious,False,Image,False,2,2,4,3
2070,sub-03,lh-superiorfrontal,0.2666666666666666,-0.2581988897471611,0.28571428571428575,0.7524030946413853,None + Linear-SVM,unconscious,unconscious,False,Image,False,2,1,2,3
2071,sub-03,lh-superiorfrontal,0.28,-0.2,0.4000000000000001,0.7304005194820796,None + Linear-SVM,unconscious,unconscious,False,Image,False,2,2,3,3
2072,sub-03,lh-superiorfrontal,0.39999999999999997,-0.21957751641341997,0.42857142857142855,0.6983168654656529,None + Linear-SVM,unconscious,unconscious,False,Image,False,2,3,5,3
2073,sub-03,lh-superiorfrontal,0.19999999999999996,-0.6,0.0,0.7588156721642398,None + Linear-SVM,unconscious,unconscious,False,Image,False,2,0,3,3
2074,sub-03,lh-superiorfrontal,0.32499999999999996,-0.35,0.3076923076923077,0.7244672618654762,None + Linear-SVM,unconscious,unconscious,False,Image,False,2,2,6,3
2075,sub-03,lh-superiorfrontal,0.36,-0.28867513459481287,0.37499999999999994,0.7033768515873366,None + Linear-SVM,unconscious,unconscious,False,Image,False,2,3,7,3
2076,sub-03,lh-superiorfrontal,0.5,-0.06900655593423542,0.4,0.6921996587391258,None + Linear-SVM,unconscious,unconscious,False,Image,False,3,2,4,2
2077,sub-03,lh-superiorfrontal,0.29999999999999993,-0.26666666666666666,0.3636363636363636,0.7377983859754416,None + Linear-SVM,unconscious,unconscious,False,Image,False,2,2,4,3
2078,sub-03,lh-superiorfrontal,0.6,-0.31622776601683794,0.0,0.7266371028832292,None + Linear-SVM,unconscious,unconscious,False,Image,False,3,0,1,2
2079,sub-03,lh-superiorfrontal,0.48,0.0,0.4444444444444445,0.6980633181468183,None + Linear-SVM,unconscious,unconscious,False,Image,False,3,2,3,2
2080,sub-03,lh-superiorfrontal,0.68,0.2182178902359924,0.5,0.6769212444837931,None + Linear-SVM,unconscious,unconscious,False,Image,False,4,2,3,1
2081,sub-03,lh-superiorfrontal,0.5,0.0,0.0,0.7303066469163843,None + Linear-SVM,unconscious,unconscious,False,Image,False,5,0,2,0
2082,sub-03,lh-superiorfrontal,0.42000000000000004,-0.1,0.4,0.7255151187480842,None + Linear-SVM,unconscious,unconscious,False,Image,False,3,3,7,2
2083,sub-03,lh-superiorfrontal,0.4,-0.2182178902359924,0.25,0.6930608023948006,None + Linear-SVM,unconscious,unconscious,False,Image,False,3,1,4,2
2084,sub-03,lh-superiorfrontal,0.6,0.14907119849998599,0.4,0.6937312836839877,None + Linear-SVM,unconscious,unconscious,False,Image,False,4,1,2,1
2085,sub-03,lh-superiorfrontal,0.44999999999999996,-0.35,0.25,0.7085224627519342,None + Linear-SVM,unconscious,unconscious,False,Image,False,2,1,3,3
2086,sub-03,lh-superiorfrontal,0.6,0.2182178902359924,0.5,0.6773193365990922,None + Linear-SVM,unconscious,unconscious,False,Image,False,4,2,3,1
2087,sub-03,lh-superiorfrontal,0.33333333333333326,-0.4485426135725303,0.2,0.7065031079535983,None + Linear-SVM,unconscious,unconscious,False,Image,False,2,1,5,3
2088,sub-03,lh-superiorfrontal,0.5142857142857142,0.02857142857142857,0.5,0.6872925585120084,None + Linear-SVM,unconscious,unconscious,False,Image,False,3,3,4,2
2089,sub-03,lh-superiorfrontal,0.36,-0.2,0.4000000000000001,0.7178956466719806,None + Linear-SVM,unconscious,unconscious,False,Image,False,2,2,3,3
2090,sub-03,lh-superiorfrontal,0.6,0.0,0.4444444444444445,0.6884598378010428,None + Linear-SVM,unconscious,unconscious,False,Image,False,3,2,3,2
2091,sub-03,lh-superiorfrontal,0.45,0.05976143046671968,0.3333333333333333,0.7216530904732581,None + Linear-SVM,unconscious,unconscious,False,Image,False,4,1,3,1
2092,sub-03,lh-superiorfrontal,0.48,0.0,0.4444444444444445,0.7023402144626314,None + Linear-SVM,unconscious,unconscious,False,Image,False,3,2,3,2
2093,sub-03,lh-superiorfrontal,0.5,0.14907119849998599,0.4444444444444444,0.694293008839116,None + Linear-SVM,unconscious,unconscious,False,Image,False,4,2,4,1
2094,sub-03,lh-superiorfrontal,0.375,-0.21957751641341997,0.42857142857142855,0.7284196390373604,None + Linear-SVM,unconscious,unconscious,False,Image,False,2,3,5,3
2095,sub-03,lh-superiorfrontal,0.5,-0.2581988897471611,0.0,0.7201119124580885,None + Linear-SVM,unconscious,unconscious,False,Image,False,4,0,2,1
2096,sub-03,lh-superiorfrontal,0.5333333333333333,-0.06900655593423542,0.4,0.6828664033479004,None + Linear-SVM,unconscious,unconscious,False,Image,False,3,2,4,2
2097,sub-03,lh-superiorfrontal,0.49999999999999994,-0.06900655593423542,0.4,0.6911154473044953,None + Linear-SVM,unconscious,unconscious,False,Image,False,3,2,4,2
2098,sub-03,lh-superiorfrontal,0.31999999999999995,-0.28867513459481287,0.37499999999999994,0.7066102887504305,None + Linear-SVM,unconscious,unconscious,False,Image,False,2,3,7,3
2099,sub-03,lh-superiorfrontal,0.64,0.28867513459481287,0.625,0.6678967530750045,None + Linear-SVM,unconscious,unconscious,False,Image,False,4,5,5,1
2100,sub-03,lh-superiorfrontal,0.5,-0.025,0.4615384615384615,0.6834076417499022,None + Linear-SVM,unconscious,unconscious,False,Image,False,3,3,5,2
2101,sub-03,lh-superiorfrontal,0.48,0.0,0.5,0.6848146588369884,None + Linear-SVM,unconscious,unconscious,False,Image,False,3,4,6,2
2102,sub-03,lh-superiorfrontal,0.42857142857142855,-0.1690308509457033,0.4615384615384615,0.7067797681838125,None + Linear-SVM,unconscious,unconscious,False,Image,False,2,3,4,3
2103,sub-03,lh-superiorfrontal,0.3142857142857143,-0.3142857142857143,0.3333333333333333,0.7163742919465483,None + Linear-SVM,unconscious,unconscious,False,Image,False,2,2,5,3
2104,sub-03,lh-superiorfrontal,0.4,-0.21957751641341997,0.42857142857142855,0.7067500898407372,None + Linear-SVM,unconscious,unconscious,False,Image,False,2,3,5,3
2105,sub-03,lh-superiorfrontal,0.42,-0.18898223650461363,0.47058823529411764,0.7022702843297893,None + Linear-SVM,unconscious,unconscious,False,Image,False,2,4,6,3
2106,sub-03,lh-superiorfrontal,0.3714285714285714,-0.11952286093343936,0.36363636363636365,0.7143485633027482,None + Linear-SVM,unconscious,unconscious,False,Image,False,3,2,5,2
2107,sub-03,lh-superiorfrontal,0.5666666666666667,0.1,0.5454545454545454,0.6713112203625011,None + Linear-SVM,unconscious,unconscious,False,Image,False,3,3,3,2
2108,sub-03,lh-superiorfrontal,0.6,0.14907119849998599,0.6250000000000001,0.662530827821602,None + Linear-SVM,unconscious,unconscious,False,Image,False,3,5,4,2
2109,sub-03,lh-superiorfrontal,0.49999999999999994,-0.15811388300841897,0.28571428571428575,0.7036121814610615,None + Linear-SVM,unconscious,unconscious,False,Image,False,3,1,3,2
2110,sub-03,lh-superiorfrontal,0.39999999999999997,-0.06900655593423542,0.4,0.7125574063457821,None + Linear-SVM,unconscious,unconscious,False,Image,False,3,2,4,2
2111,sub-03,lh-superiorfrontal,0.75,0.31622776601683794,0.5714285714285715,0.677028903648514,None + Linear-SVM,unconscious,unconscious,False,Image,False,4,2,2,1
2112,sub-03,lh-superiorfrontal,0.8,0.4666666666666667,0.6666666666666666,0.6755334537352315,None + Linear-SVM,unconscious,unconscious,False,Image,False,4,2,1,1
2113,sub-03,lh-superiorfrontal,0.6,0.09128709291752768,0.4,0.7014559356023373,None + Linear-SVM,unconscious,unconscious,False,Image,False,3,1,1,2
2114,sub-03,lh-superiorfrontal,0.6571428571428571,0.3142857142857143,0.7142857142857143,0.6606529555959145,None + Linear-SVM,unconscious,unconscious,False,Image,False,3,5,2,2
2115,sub-03,lh-superiorfrontal,0.4666666666666667,-0.06900655593423542,0.4,0.6947081572026954,None + Linear-SVM,unconscious,unconscious,False,Image,False,3,2,4,2
2116,sub-03,lh-superiorfrontal,0.5,-0.025,0.4615384615384615,0.7045200508662143,None + Linear-SVM,unconscious,unconscious,False,Image,False,3,3,5,2
2117,sub-03,lh-superiorfrontal,0.4333333333333333,-0.06900655593423542,0.4,0.7077562179713678,None + Linear-SVM,unconscious,unconscious,False,Image,False,3,2,4,2
2118,sub-03,lh-superiorfrontal,0.33333333333333326,-0.2581988897471611,0.28571428571428575,0.7300950620231201,None + Linear-SVM,unconscious,unconscious,False,Image,False,2,1,2,3
2119,sub-03,lh-superiorfrontal,0.4,0.0,0.4444444444444445,0.7184223683827478,None + Linear-SVM,unconscious,unconscious,False,Image,False,3,2,3,2
2120,sub-03,lh-superiorfrontal,0.55,0.09759000729485333,0.5714285714285715,0.6872004620877716,None + Linear-SVM,unconscious,unconscious,False,Image,False,3,4,4,2
2121,sub-03,lh-superiorfrontal,0.3333333333333333,-0.2581988897471611,0.28571428571428575,0.7480976064394493,None + Linear-SVM,unconscious,unconscious,False,Image,False,2,1,2,3
2122,sub-03,lh-superiorfrontal,0.4,-0.15811388300841897,0.3333333333333333,0.7197900434992797,None + Linear-SVM,unconscious,unconscious,False,Image,False,3,2,6,2
2123,sub-03,lh-superiorfrontal,0.45999999999999996,0.0,0.5,0.7040980477313732,None + Linear-SVM,unconscious,unconscious,False,Image,False,3,4,6,2
2124,sub-03,lh-superiorfrontal,0.5666666666666667,0.1,0.5454545454545454,0.6843474991157866,None + Linear-SVM,unconscious,unconscious,False,Image,False,3,3,3,2
2125,sub-03,lh-superiorfrontal,0.39999999999999997,-0.06900655593423542,0.4,0.7250131223436515,None + Linear-SVM,unconscious,unconscious,False,Image,False,3,2,4,2
2126,sub-03,lh-superiorfrontal,0.6,-0.31622776601683794,0.0,0.7179700933249057,None + Linear-SVM,unconscious,unconscious,False,Image,False,3,0,1,2
2127,sub-03,lh-superiorfrontal,0.43999999999999995,0.0,0.4444444444444445,0.698007468401326,None + Linear-SVM,unconscious,unconscious,False,Image,False,3,2,3,2
2128,sub-03,lh-superiorfrontal,0.64,0.0,0.28571428571428575,0.6741476264430546,None + Linear-SVM,unconscious,unconscious,False,Image,False,4,1,4,1
2129,sub-03,lh-superiorfrontal,0.4,-0.2581988897471611,0.0,0.7376257312362845,None + Linear-SVM,unconscious,unconscious,False,Image,False,4,0,2,1
2130,sub-03,lh-superiorfrontal,0.45999999999999996,0.0,0.5,0.7205742023646607,None + Linear-SVM,unconscious,unconscious,False,Image,False,3,4,6,2
2131,sub-03,lh-superiorfrontal,0.43999999999999995,0.0,0.4444444444444445,0.7059833011195539,None + Linear-SVM,unconscious,unconscious,False,Image,False,3,2,3,2
2132,sub-03,lh-superiorfrontal,0.6,-0.06666666666666667,0.3333333333333333,0.6936606885101642,None + Linear-SVM,unconscious,unconscious,False,Image,False,3,1,2,2
2133,sub-03,lh-superiorfrontal,0.55,-0.15811388300841897,0.28571428571428575,0.6902481856105518,None + Linear-SVM,unconscious,unconscious,False,Image,False,3,1,3,2
2134,sub-03,lh-superiorfrontal,0.6,0.2,0.6,0.6786673819074084,None + Linear-SVM,unconscious,unconscious,False,Image,False,3,3,2,2
2135,sub-03,lh-superiorfrontal,0.4666666666666667,-0.06900655593423542,0.4,0.6993291233425001,None + Linear-SVM,unconscious,unconscious,False,Image,False,3,2,4,2
2136,sub-03,lh-superiorfrontal,0.5428571428571428,0.02857142857142857,0.5,0.6804883983966658,None + Linear-SVM,unconscious,unconscious,False,Image,False,3,3,4,2
2137,sub-03,lh-superiorfrontal,0.39999999999999997,-0.2182178902359924,0.25,0.7102801656000174,None + Linear-SVM,unconscious,unconscious,False,Image,False,3,1,4,2
2138,sub-03,lh-superiorfrontal,0.56,0.0,0.4444444444444445,0.6883079416393125,None + Linear-SVM,unconscious,unconscious,False,Image,False,3,2,3,2
2139,sub-03,lh-superiorfrontal,0.44999999999999996,-0.15811388300841897,0.28571428571428575,0.7126509652366393,None + Linear-SVM,unconscious,unconscious,False,Image,False,3,1,3,2
2140,sub-03,lh-superiorfrontal,0.48,0.0,0.4444444444444445,0.6978777341889646,None + Linear-SVM,unconscious,unconscious,False,Image,False,3,2,3,2
2141,sub-03,lh-superiorfrontal,0.43333333333333335,-0.2608745973749754,0.2222222222222222,0.7009600014178633,None + Linear-SVM,unconscious,unconscious,False,Image,False,3,1,5,2
2142,sub-03,lh-superiorfrontal,0.425,-0.025,0.4615384615384615,0.7175241018816156,None + Linear-SVM,unconscious,unconscious,False,Image,False,3,3,5,2
2143,sub-03,lh-superiorfrontal,0.5,-0.2581988897471611,0.0,0.713380056131079,None + Linear-SVM,unconscious,unconscious,False,Image,False,4,0,2,1
2144,sub-03,lh-superiorfrontal,0.5666666666666667,0.1,0.5454545454545454,0.676374231756311,None + Linear-SVM,unconscious,unconscious,False,Image,False,3,3,3,2
2145,sub-03,lh-superiorfrontal,0.6,0.26666666666666666,0.6666666666666666,0.6813282632632912,None + Linear-SVM,unconscious,unconscious,False,Image,False,3,4,2,2
2146,sub-03,lh-superiorfrontal,0.38,-0.35355339059327373,0.15384615384615383,0.7163020896537071,None + Linear-SVM,unconscious,unconscious,False,Image,False,3,1,9,2
2147,sub-03,lh-superiorfrontal,0.6000000000000001,0.18898223650461363,0.6666666666666665,0.6754026424533951,None + Linear-SVM,unconscious,unconscious,False,Image,False,3,6,4,2
2148,sub-03,lh-superiorfrontal,0.525,-0.025,0.4615384615384615,0.6815377680773994,None + Linear-SVM,unconscious,unconscious,False,Image,False,3,3,5,2
2149,sub-03,lh-superiorfrontal,0.52,0.0,0.5,0.6815362265775798,None + Linear-SVM,unconscious,unconscious,False,Image,False,3,4,6,2
2150,sub-03,lh-superiorfrontal,0.45714285714285713,0.02857142857142857,0.5,0.712504571912096,None + Linear-SVM,unconscious,unconscious,False,Image,False,3,3,4,2
2151,sub-03,lh-superiorfrontal,0.45714285714285713,-0.11952286093343936,0.36363636363636365,0.7027212348783105,None + Linear-SVM,unconscious,unconscious,False,Image,False,3,2,5,2
2152,sub-03,lh-superiorfrontal,0.475,-0.025,0.4615384615384615,0.7068398785005106,None + Linear-SVM,unconscious,unconscious,False,Image,False,3,3,5,2
2153,sub-03,lh-superiorfrontal,0.58,0.09449111825230681,0.588235294117647,0.6854792960009921,None + Linear-SVM,unconscious,unconscious,False,Image,False,3,5,5,2
2154,sub-03,lh-superiorfrontal,0.45714285714285713,-0.11952286093343936,0.36363636363636365,0.7067864186019707,None + Linear-SVM,unconscious,unconscious,False,Image,False,3,2,5,2
2155,sub-03,lh-superiorfrontal,0.6333333333333333,0.26666666666666666,0.6666666666666666,0.6753758077467803,None + Linear-SVM,unconscious,unconscious,False,Image,False,3,4,2,2
2156,sub-03,lh-superiorfrontal,0.6666666666666667,0.24444444444444444,0.5714285714285714,0.6585523112528928,None + Linear-SVM,unconscious,unconscious,False,Image,False,4,4,5,1
2157,sub-03,lh-superiorfrontal,0.44999999999999996,-0.15811388300841897,0.28571428571428575,0.7121903899369639,None + Linear-SVM,unconscious,unconscious,False,Image,False,3,1,3,2
2158,sub-03,lh-superiorfrontal,0.4666666666666666,-0.06900655593423542,0.4,0.7040496188143652,None + Linear-SVM,unconscious,unconscious,False,Image,False,3,2,4,2
2159,sub-03,lh-superiorfrontal,0.7000000000000001,0.31622776601683794,0.5714285714285715,0.6688487850798326,None + Linear-SVM,unconscious,unconscious,False,Image,False,4,2,2,1
2160,sub-03,lh-superiorfrontal,0.7333333333333333,0.14907119849998599,0.4,0.6719622848966393,None + Linear-SVM,unconscious,unconscious,False,Image,False,4,1,2,1
2161,sub-03,lh-superiorfrontal,0.5833333333333333,-0.14907119849998599,0.28571428571428575,0.6982387688744952,None + Linear-SVM,unconscious,unconscious,False,Image,False,2,1,1,4
2162,sub-03,lh-superiorfrontal,0.6904761904761905,0.4147575310031266,0.6666666666666666,0.6649273618101805,None + Linear-SVM,unconscious,unconscious,False,Image,False,5,4,3,1
2163,sub-03,lh-superiorfrontal,0.3611111111111111,-0.3535533905932738,0.2,0.700953187580699,None + Linear-SVM,unconscious,unconscious,False,Image,False,3,1,5,3
2164,sub-03,lh-superiorfrontal,0.5,0.04303314829119352,0.4615384615384615,0.700190835264178,None + Linear-SVM,unconscious,unconscious,False,Image,False,4,3,5,2
2165,sub-03,lh-superiorfrontal,0.41666666666666663,-0.1690308509457033,0.3636363636363636,0.7080992493786761,None + Linear-SVM,unconscious,unconscious,False,Image,False,3,2,4,3
2166,sub-03,lh-superiorfrontal,0.38888888888888884,-0.31622776601683794,0.25,0.725190923928905,None + Linear-SVM,unconscious,unconscious,False,Image,False,2,1,2,4
2167,sub-03,lh-superiorfrontal,0.3333333333333333,-0.3105295017040594,0.22222222222222224,0.7253662704124098,None + Linear-SVM,unconscious,unconscious,False,Image,False,3,1,4,3
2168,sub-03,lh-superiorfrontal,0.4166666666666667,-0.125,0.42857142857142855,0.6934717902056938,None + Linear-SVM,unconscious,unconscious,False,Image,False,3,3,5,3
2169,sub-03,lh-superiorfrontal,0.16666666666666663,-0.6324555320336759,0.0,0.7500209559975906,None + Linear-SVM,unconscious,unconscious,False,Image,False,2,0,3,4
2170,sub-03,lh-superiorfrontal,0.4375,-0.125,0.42857142857142855,0.7043948913069457,None + Linear-SVM,unconscious,unconscious,False,Image,False,3,3,5,3
2171,sub-03,lh-superiorfrontal,0.3666666666666667,-0.2,0.37499999999999994,0.7046225929691794,None + Linear-SVM,unconscious,unconscious,False,Image,False,3,3,7,3
2172,sub-03,lh-superiorfrontal,0.4722222222222222,0.0,0.4,0.6944987671390578,None + Linear-SVM,unconscious,unconscious,False,Image,False,4,2,4,2
2173,sub-03,lh-superiorfrontal,0.41666666666666663,0.0,0.4,0.7309230688368222,None + Linear-SVM,unconscious,unconscious,False,Image,False,4,2,4,2
2174,sub-03,lh-superiorfrontal,0.8333333333333334,-0.16666666666666666,0.0,0.7132883544588022,None + Linear-SVM,unconscious,unconscious,False,Image,False,5,0,1,1
2175,sub-03,lh-superiorfrontal,0.4666666666666667,-0.1,0.4000000000000001,0.6873363746540391,None + Linear-SVM,unconscious,unconscious,False,Image,False,3,2,3,3
2176,sub-03,lh-superiorfrontal,0.7666666666666667,0.4485426135725303,0.6666666666666665,0.674894130672763,None + Linear-SVM,unconscious,unconscious,False,Image,False,5,3,2,1
2177,sub-03,lh-superiorfrontal,0.5833333333333333,-0.14907119849998599,0.28571428571428575,0.7198006864561417,None + Linear-SVM,unconscious,unconscious,False,Image,False,2,1,1,4
2178,sub-03,lh-superiorfrontal,0.3833333333333333,-0.2,0.37499999999999994,0.7235265363383175,None + Linear-SVM,unconscious,unconscious,False,Image,False,3,3,7,3
2179,sub-03,lh-superiorfrontal,0.3666666666666667,-0.3105295017040594,0.22222222222222224,0.7060605990931469,None + Linear-SVM,unconscious,unconscious,False,Image,False,3,1,4,3
2180,sub-03,lh-superiorfrontal,0.6666666666666666,0.1889822365046136,0.4,0.6881629694980895,None + Linear-SVM,unconscious,unconscious,False,Image,False,5,1,2,1
2181,sub-03,lh-superiorfrontal,0.375,-0.25,0.25,0.707118020591684,None + Linear-SVM,unconscious,unconscious,False,Image,False,3,1,3,3
2182,sub-03,lh-superiorfrontal,0.6,0.2608745973749754,0.5,0.6799802623818787,None + Linear-SVM,unconscious,unconscious,False,Image,False,5,2,3,1
2183,sub-03,lh-superiorfrontal,0.3333333333333333,-0.3535533905932738,0.2,0.6919390130193458,None + Linear-SVM,unconscious,unconscious,False,Image,False,3,1,5,3
2184,sub-03,lh-superiorfrontal,0.5714285714285714,0.2828894749305018,0.5454545454545454,0.6839819940492832,None + Linear-SVM,unconscious,unconscious,False,Image,False,5,3,4,1
2185,sub-03,lh-superiorfrontal,0.4666666666666667,0.06900655593423542,0.4444444444444445,0.7015247571819738,None + Linear-SVM,unconscious,unconscious,False,Image,False,4,2,3,2
2186,sub-03,lh-superiorfrontal,0.6,0.06900655593423542,0.4444444444444445,0.684159554875262,None + Linear-SVM,unconscious,unconscious,False,Image,False,4,2,3,2
2187,sub-03,lh-superiorfrontal,0.5,0.10206207261596577,0.3333333333333333,0.7166273777561449,None + Linear-SVM,unconscious,unconscious,False,Image,False,5,1,3,1
2188,sub-03,lh-superiorfrontal,0.4666666666666667,-0.1,0.4000000000000001,0.7013264623900555,None + Linear-SVM,unconscious,unconscious,False,Image,False,3,2,3,3
2189,sub-03,lh-superiorfrontal,0.5555555555555556,0.0,0.5,0.68285645863492,None + Linear-SVM,unconscious,unconscious,False,Image,False,3,3,3,3
2190,sub-03,lh-superiorfrontal,0.47916666666666663,0.04303314829119352,0.4615384615384615,0.7125228021558836,None + Linear-SVM,unconscious,unconscious,False,Image,False,4,3,5,2
2191,sub-03,lh-superiorfrontal,0.5,-0.2182178902359924,0.0,0.7084572610937934,None + Linear-SVM,unconscious,unconscious,False,Image,False,5,0,2,1
2192,sub-03,lh-superiorfrontal,0.5833333333333333,0.1690308509457033,0.5454545454545454,0.6810601877575851,None + Linear-SVM,unconscious,unconscious,False,Image,False,4,3,3,2
2193,sub-03,lh-superiorfrontal,0.6111111111111112,0.1690308509457033,0.5454545454545454,0.6837507996255486,None + Linear-SVM,unconscious,unconscious,False,Image,False,4,3,3,2
2194,sub-03,lh-superiorfrontal,0.35,-0.2,0.37499999999999994,0.7011423259060474,None + Linear-SVM,unconscious,unconscious,False,Image,False,3,3,7,3
2195,sub-03,lh-superiorfrontal,0.6833333333333333,0.2581988897471611,0.6666666666666665,0.6670058232068724,None + Linear-SVM,unconscious,unconscious,False,Image,False,4,6,4,2
2196,sub-03,lh-superiorfrontal,0.4375,-0.125,0.42857142857142855,0.6812707406807705,None + Linear-SVM,unconscious,unconscious,False,Image,False,3,3,5,3
2197,sub-03,lh-superiorfrontal,0.4333333333333333,-0.2581988897471611,0.4444444444444445,0.6852337773540527,None + Linear-SVM,unconscious,unconscious,False,Image,False,2,4,6,4
2198,sub-03,lh-superiorfrontal,0.4523809523809524,-0.23809523809523808,0.42857142857142855,0.7093200840697799,None + Linear-SVM,unconscious,unconscious,False,Image,False,2,3,4,4
2199,sub-03,lh-superiorfrontal,0.40476190476190477,-0.21957751641341997,0.3333333333333333,0.7036471755114111,None + Linear-SVM,unconscious,unconscious,False,Image,False,3,2,5,3
2200,sub-03,lh-superiorfrontal,0.47916666666666663,-0.125,0.42857142857142855,0.7045684074819597,None + Linear-SVM,unconscious,unconscious,False,Image,False,3,3,5,3
2201,sub-03,lh-superiorfrontal,0.39999999999999997,-0.3578300267477955,0.3529411764705882,0.69064484987605,None + Linear-SVM,unconscious,unconscious,False,Image,False,2,3,7,4
2202,sub-03,lh-superiorfrontal,0.45238095238095233,-0.05143444998736397,0.36363636363636365,0.6972607840104701,None + Linear-SVM,unconscious,unconscious,False,Image,False,4,2,5,2
2203,sub-03,lh-superiorfrontal,0.6666666666666666,0.1690308509457033,0.5454545454545454,0.6743366589337384,None + Linear-SVM,unconscious,unconscious,False,Image,False,4,3,3,2
2204,sub-03,lh-superiorfrontal,0.6481481481481481,0.3888888888888889,0.6666666666666667,0.6608423803139758,None + Linear-SVM,unconscious,unconscious,False,Image,False,5,5,4,1
2205,sub-03,lh-superiorfrontal,0.5,0.0,0.4444444444444445,0.7038378721994836,None + Linear-SVM,unconscious,unconscious,False,Image,False,3,2,2,3
2206,sub-03,lh-superiorfrontal,0.5,0.19245008972987526,0.4444444444444444,0.7001102621042352,None + Linear-SVM,unconscious,unconscious,False,Image,False,5,2,4,1
2207,sub-03,lh-superiorfrontal,0.75,0.3563483225498992,0.5714285714285715,0.6737266119497383,None + Linear-SVM,unconscious,unconscious,False,Image,False,5,2,2,1
2208,sub-03,lh-superiorfrontal,0.7777777777777778,0.31622776601683794,0.5714285714285715,0.6783131273735202,None + Linear-SVM,unconscious,unconscious,False,Image,False,4,2,1,2
2209,sub-03,lh-superiorfrontal,0.875,0.6324555320336759,0.6666666666666666,0.6446751486287859,None + Linear-SVM,unconscious,unconscious,False,Image,False,4,1,1,0
2210,sub-03,lh-superiorfrontal,0.8571428571428571,0.4485426135725303,0.7692307692307692,0.6407684159715722,None + Linear-SVM,unconscious,unconscious,False,Image,False,3,5,2,1
2211,sub-03,lh-superiorfrontal,0.7083333333333333,0.25,0.6,0.6645549485247803,None + Linear-SVM,unconscious,unconscious,False,Image,False,3,3,3,1
2212,sub-03,lh-superiorfrontal,0.6875,0.23904572186687872,0.6153846153846154,0.6680129876738031,None + Linear-SVM,unconscious,unconscious,False,Image,False,3,4,4,1
2213,sub-03,lh-superiorfrontal,0.7083333333333333,0.25,0.6,0.6704884135000818,None + Linear-SVM,unconscious,unconscious,False,Image,False,3,3,3,1
2214,sub-03,lh-superiorfrontal,0.5833333333333334,0.09128709291752768,0.4,0.680803360587005,None + Linear-SVM,unconscious,unconscious,False,Image,False,3,1,2,1
2215,sub-03,lh-superiorfrontal,0.55,0.15811388300841897,0.5,0.686522822018066,None + Linear-SVM,unconscious,unconscious,False,Image,False,3,2,3,1
2216,sub-03,lh-superiorfrontal,0.75,0.3535533905932738,0.7142857142857143,0.6634292192804855,None + Linear-SVM,unconscious,unconscious,False,Image,False,3,5,3,1
2217,sub-03,lh-superiorfrontal,0.5,-0.3535533905932738,0.0,0.6835528058702682,None + Linear-SVM,unconscious,unconscious,False,Image,False,3,0,3,1
2218,sub-03,lh-superiorfrontal,0.65625,0.23904572186687872,0.6153846153846154,0.6746109772333387,None + Linear-SVM,unconscious,unconscious,False,Image,False,3,4,4,1
2219,sub-03,lh-superiorfrontal,0.65,0.05,0.4285714285714285,0.6805692303439381,None + Linear-SVM,unconscious,unconscious,False,Image,False,3,3,7,1
2220,sub-03,lh-superiorfrontal,0.7916666666666666,0.25,0.6,0.6511763841285252,None + Linear-SVM,unconscious,unconscious,False,Image,False,3,3,3,1
2221,sub-03,lh-superiorfrontal,0.625,0.25,0.6,0.6878446542705524,None + Linear-SVM,unconscious,unconscious,False,Image,False,3,3,3,1
2222,sub-03,lh-superiorfrontal,0.75,-0.25,0.0,0.6466389645603635,None + Linear-SVM,unconscious,unconscious,False,Image,False,3,0,1,1
2223,sub-03,lh-superiorfrontal,0.8,0.35,0.6666666666666665,0.6556967349144232,None + Linear-SVM,unconscious,unconscious,False,Image,False,3,3,2,1
2224,sub-03,lh-superiorfrontal,0.85,0.55,0.8000000000000002,0.6404664713761289,None + Linear-SVM,unconscious,unconscious,False,Image,False,3,4,1,1
2225,sub-03,lh-superiorfrontal,0.625,0.0,0.4,0.6584037430275583,None + Linear-SVM,unconscious,unconscious,False,Image,False,2,1,1,2
2226,sub-03,lh-superiorfrontal,0.6499999999999999,0.22821773229381923,0.625,0.6839473144355476,None + Linear-SVM,unconscious,unconscious,False,Image,False,3,5,5,1
2227,sub-03,lh-superiorfrontal,0.7,0.15811388300841897,0.5,0.6619973466177947,None + Linear-SVM,unconscious,unconscious,False,Image,False,3,2,3,1
2228,sub-03,lh-superiorfrontal,0.75,0.09128709291752768,0.4,0.6495964209556666,None + Linear-SVM,unconscious,unconscious,False,Image,False,3,1,2,1
2229,sub-03,lh-superiorfrontal,0.6875,0.2581988897471611,0.5714285714285715,0.6584374493473296,None + Linear-SVM,unconscious,unconscious,False,Image,False,3,2,2,1
2230,sub-03,lh-superiorfrontal,0.8,0.35,0.6666666666666665,0.6397081321170023,None + Linear-SVM,unconscious,unconscious,False,Image,False,3,3,2,1
2231,sub-03,lh-superiorfrontal,0.7083333333333333,0.25,0.6,0.6596485916896782,None + Linear-SVM,unconscious,unconscious,False,Image,False,3,3,3,1
2232,sub-03,lh-superiorfrontal,0.8214285714285714,0.3105295017040594,0.6666666666666666,0.6479213382340903,None + Linear-SVM,unconscious,unconscious,False,Image,False,3,4,3,1
2233,sub-03,lh-superiorfrontal,0.65,0.35,0.6666666666666665,0.6732470191479852,None + Linear-SVM,unconscious,unconscious,False,Image,False,3,3,2,1
2234,sub-03,lh-superiorfrontal,0.8,0.35,0.6666666666666665,0.6471499440210264,None + Linear-SVM,unconscious,unconscious,False,Image,False,3,3,2,1
2235,sub-03,lh-superiorfrontal,0.75,0.2581988897471611,0.5714285714285715,0.6729663666482707,None + Linear-SVM,unconscious,unconscious,False,Image,False,3,2,2,1
2236,sub-03,lh-superiorfrontal,0.75,0.35,0.6666666666666665,0.6588732975288613,None + Linear-SVM,unconscious,unconscious,False,Image,False,3,3,2,1
2237,sub-03,lh-superiorfrontal,0.75,0.25,0.6,0.6580694386133809,None + Linear-SVM,unconscious,unconscious,False,Image,False,3,3,3,1
2238,sub-03,lh-superiorfrontal,0.65625,0.23904572186687872,0.6153846153846154,0.6832445596314142,None + Linear-SVM,unconscious,unconscious,False,Image,False,3,4,4,1
2239,sub-03,lh-superiorfrontal,0.75,0.25,0.5,0.6507907215289034,None + Linear-SVM,unconscious,unconscious,False,Image,False,3,1,1,1
2240,sub-03,lh-superiorfrontal,0.8333333333333334,0.5833333333333334,0.8333333333333334,0.647750249970071,None + Linear-SVM,unconscious,unconscious,False,Image,False,3,5,1,1
2241,sub-03,lh-superiorfrontal,0.75,0.25,0.6,0.6609689305218015,None + Linear-SVM,unconscious,unconscious,False,Image,False,3,3,3,1
2242,sub-03,lh-superiorfrontal,0.7,0.31622776601683794,0.7058823529411764,0.6808449684147104,None + Linear-SVM,unconscious,unconscious,False,Image,False,3,6,4,1
2243,sub-03,lh-superiorfrontal,0.75,0.31622776601683794,0.7058823529411764,0.6619106500843824,None + Linear-SVM,unconscious,unconscious,False,Image,False,3,6,4,1
2244,sub-03,lh-superiorfrontal,0.75,0.23904572186687872,0.6153846153846154,0.6609845562890548,None + Linear-SVM,unconscious,unconscious,False,Image,False,3,4,4,1
2245,sub-03,lh-superiorfrontal,0.725,0.31622776601683794,0.7058823529411764,0.6604423757977747,None + Linear-SVM,unconscious,unconscious,False,Image,False,3,6,4,1
2246,sub-03,lh-superiorfrontal,0.75,0.3105295017040594,0.6666666666666666,0.6734912407058302,None + Linear-SVM,unconscious,unconscious,False,Image,False,3,4,3,1
2247,sub-03,lh-superiorfrontal,0.6071428571428572,0.17857142857142858,0.5454545454545454,0.6785454713086341,None + Linear-SVM,unconscious,unconscious,False,Image,False,3,3,4,1
2248,sub-03,lh-superiorfrontal,0.6875,0.23904572186687872,0.6153846153846154,0.6735780858674095,None + Linear-SVM,unconscious,unconscious,False,Image,False,3,4,4,1
2249,sub-03,lh-superiorfrontal,0.7,0.22821773229381923,0.625,0.6675620675612085,None + Linear-SVM,unconscious,unconscious,False,Image,False,3,5,5,1
2250,sub-03,lh-superiorfrontal,0.6428571428571428,0.3105295017040594,0.6666666666666666,0.6760686010003749,None + Linear-SVM,unconscious,unconscious,False,Image,False,3,4,3,1
2251,sub-03,lh-superiorfrontal,0.75,0.408248290463863,0.7272727272727272,0.6448108198257557,None + Linear-SVM,unconscious,unconscious,False,Image,False,3,4,2,1
2252,sub-03,lh-superiorfrontal,0.8055555555555556,0.2828894749305018,0.6666666666666667,0.6455527415366858,None + Linear-SVM,unconscious,unconscious,False,Image,False,3,5,4,1
2253,sub-03,lh-superiorfrontal,0.75,0.2581988897471611,0.5714285714285715,0.6654714411078831,None + Linear-SVM,unconscious,unconscious,False,Image,False,3,2,2,1
2254,sub-03,lh-superiorfrontal,0.625,0.25,0.6,0.6737456479018424,None + Linear-SVM,unconscious,unconscious,False,Image,False,3,3,3,1
2255,sub-03,lh-superiorfrontal,0.875,0.5773502691896258,0.6666666666666666,0.6373549753911842,None + Linear-SVM,unconscious,unconscious,False,Image,False,4,2,2,0
2256,sub-03,lh-superiorfrontal,0.8333333333333334,0.4166666666666667,0.6666666666666666,0.6334526358523461,None + Linear-SVM,unconscious,unconscious,False,Image,False,3,2,1,1
2257,sub-03,lh-superiorfrontal,0.9,0.3,0.5,0.6615579134516164,None + Linear-SVM,unconscious,unconscious,False,Image,False,4,1,1,1
2258,sub-03,lh-superiorfrontal,0.8,0.37142857142857144,0.6666666666666666,0.6481698399915844,None + Linear-SVM,unconscious,unconscious,False,Image,False,4,4,3,1
2259,sub-03,lh-superiorfrontal,0.6666666666666666,0.3105295017040594,0.6,0.6698250645743441,None + Linear-SVM,unconscious,unconscious,False,Image,False,4,3,3,1
2260,sub-03,lh-superiorfrontal,0.6,0.09759000729485333,0.5714285714285715,0.6820287670790898,None + Linear-SVM,unconscious,unconscious,False,Image,False,3,4,4,2
2261,sub-03,lh-superiorfrontal,0.6,0.1,0.5454545454545454,0.6755009468036242,None + Linear-SVM,unconscious,unconscious,False,Image,False,3,3,3,2
2262,sub-03,lh-superiorfrontal,0.4666666666666666,-0.06666666666666667,0.3333333333333333,0.7014180614705692,None + Linear-SVM,unconscious,unconscious,False,Image,False,3,1,2,2
2263,sub-03,lh-superiorfrontal,0.4800000000000001,0.0,0.4444444444444445,0.7019548184431985,None + Linear-SVM,unconscious,unconscious,False,Image,False,3,2,3,2
2264,sub-03,lh-superiorfrontal,0.7,0.3,0.6153846153846154,0.6754863126394551,None + Linear-SVM,unconscious,unconscious,False,Image,False,4,4,4,1
2265,sub-03,lh-superiorfrontal,0.3333333333333333,-0.2581988897471611,0.28571428571428575,0.7101721052074803,None + Linear-SVM,unconscious,unconscious,False,Image,False,2,1,2,3
2266,sub-03,lh-superiorfrontal,0.65,0.4147575310031266,0.7142857142857143,0.686184738710623,None + Linear-SVM,unconscious,unconscious,False,Image,False,4,5,3,1
2267,sub-03,lh-superiorfrontal,0.52,-0.1,0.4,0.6900675930968005,None + Linear-SVM,unconscious,unconscious,False,Image,False,3,3,7,2
2268,sub-03,lh-superiorfrontal,0.7333333333333333,0.4666666666666667,0.7272727272727272,0.6603706864993089,None + Linear-SVM,unconscious,unconscious,False,Image,False,4,4,2,1
2269,sub-03,lh-superiorfrontal,0.5333333333333333,0.1,0.5454545454545454,0.6942533521261174,None + Linear-SVM,unconscious,unconscious,False,Image,False,3,3,3,2
2270,sub-03,lh-superiorfrontal,0.8,-0.2,0.0,0.6699528457104317,None + Linear-SVM,unconscious,unconscious,False,Image,False,4,0,1,1
2271,sub-03,lh-superiorfrontal,0.6799999999999999,0.408248290463863,0.6666666666666665,0.6692436909432924,None + Linear-SVM,unconscious,unconscious,False,Image,False,4,3,2,1
2272,sub-03,lh-superiorfrontal,0.8400000000000001,0.6,0.8000000000000002,0.6501673487122224,None + Linear-SVM,unconscious,unconscious,False,Image,False,4,4,1,1
2273,sub-03,lh-superiorfrontal,0.6,-0.09128709291752768,0.3333333333333333,0.6847681040473231,None + Linear-SVM,unconscious,unconscious,False,Image,False,2,1,1,3
2274,sub-03,lh-superiorfrontal,0.6,0.09449111825230681,0.588235294117647,0.6909115143254623,None + Linear-SVM,unconscious,unconscious,False,Image,False,3,5,5,2
2275,sub-03,lh-superiorfrontal,0.6000000000000001,0.0,0.4444444444444445,0.6718892916658706,None + Linear-SVM,unconscious,unconscious,False,Image,False,3,2,3,2
2276,sub-03,lh-superiorfrontal,0.7333333333333333,0.14907119849998599,0.4,0.6642716847356767,None + Linear-SVM,unconscious,unconscious,False,Image,False,4,1,2,1
2277,sub-03,lh-superiorfrontal,0.6,-0.15811388300841897,0.28571428571428575,0.6776226785138562,None + Linear-SVM,unconscious,unconscious,False,Image,False,3,1,3,2
2278,sub-03,lh-superiorfrontal,0.76,0.2,0.6,0.6498406783706766,None + Linear-SVM,unconscious,unconscious,False,Image,False,3,3,2,2
2279,sub-03,lh-superiorfrontal,0.6333333333333333,0.26666666666666666,0.6666666666666666,0.6710865976150361,None + Linear-SVM,unconscious,unconscious,False,Image,False,3,4,2,2
2280,sub-03,lh-superiorfrontal,0.6857142857142857,0.37142857142857144,0.6666666666666666,0.6647502054269254,None + Linear-SVM,unconscious,unconscious,False,Image,False,4,4,3,1
2281,sub-03,lh-superiorfrontal,0.64,0.2,0.6,0.6794479943527596,None + Linear-SVM,unconscious,unconscious,False,Image,False,3,3,2,2
2282,sub-03,lh-superiorfrontal,0.72,0.2,0.6,0.6594089253293884,None + Linear-SVM,unconscious,unconscious,False,Image,False,3,3,2,2
2283,sub-03,lh-superiorfrontal,0.55,0.1,0.5,0.696103225657758,None + Linear-SVM,unconscious,unconscious,False,Image,False,3,2,2,2
2284,sub-03,lh-superiorfrontal,0.6000000000000001,0.0,0.4444444444444445,0.6769211029551706,None + Linear-SVM,unconscious,unconscious,False,Image,False,3,2,3,2
2285,sub-03,lh-superiorfrontal,0.7333333333333333,0.3105295017040594,0.6,0.6653095512518848,None + Linear-SVM,unconscious,unconscious,False,Image,False,4,3,3,1
2286,sub-03,lh-superiorfrontal,0.575,0.09759000729485333,0.5714285714285715,0.6964614903527971,None + Linear-SVM,unconscious,unconscious,False,Image,False,3,4,4,2
2287,sub-03,lh-superiorfrontal,0.7,0.09128709291752768,0.4,0.6672245158814581,None + Linear-SVM,unconscious,unconscious,False,Image,False,3,1,1,2
2288,sub-03,lh-superiorfrontal,0.8,0.4666666666666667,0.7272727272727272,0.654181787876849,None + Linear-SVM,unconscious,unconscious,False,Image,False,4,4,2,1
2289,sub-03,lh-superiorfrontal,0.7333333333333334,0.4666666666666667,0.7272727272727272,0.6618714709506363,None + Linear-SVM,unconscious,unconscious,False,Image,False,4,4,2,1
2290,sub-03,lh-superiorfrontal,0.54,0.0,0.5,0.6919800817408611,None + Linear-SVM,unconscious,unconscious,False,Image,False,3,4,6,2
2291,sub-03,lh-superiorfrontal,0.72,0.37796447300922725,0.7058823529411764,0.6635659872800529,None + Linear-SVM,unconscious,unconscious,False,Image,False,4,6,4,1
2292,sub-03,lh-superiorfrontal,0.675,0.09759000729485333,0.5714285714285715,0.665226538321127,None + Linear-SVM,unconscious,unconscious,False,Image,False,3,4,4,2
2293,sub-03,lh-superiorfrontal,0.62,0.09449111825230681,0.588235294117647,0.6695524779998056,None + Linear-SVM,unconscious,unconscious,False,Image,False,3,5,5,2
2294,sub-03,lh-superiorfrontal,0.5428571428571428,0.02857142857142857,0.5,0.6879871290943695,None + Linear-SVM,unconscious,unconscious,False,Image,False,3,3,4,2
2295,sub-03,lh-superiorfrontal,0.4857142857142857,0.02857142857142857,0.5,0.6896116957176903,None + Linear-SVM,unconscious,unconscious,False,Image,False,3,3,4,2
2296,sub-03,lh-superiorfrontal,0.6,0.09759000729485333,0.5714285714285715,0.6822655144474512,None + Linear-SVM,unconscious,unconscious,False,Image,False,3,4,4,2
2297,sub-03,lh-superiorfrontal,0.64,0.09449111825230681,0.588235294117647,0.6677723734391724,None + Linear-SVM,unconscious,unconscious,False,Image,False,3,5,5,2
2298,sub-03,lh-superiorfrontal,0.6,0.02857142857142857,0.5,0.6807684523716372,None + Linear-SVM,unconscious,unconscious,False,Image,False,3,3,4,2
2299,sub-03,lh-superiorfrontal,0.7666666666666667,0.4666666666666667,0.7272727272727272,0.6521371761973156,None + Linear-SVM,unconscious,unconscious,False,Image,False,4,4,2,1
2300,sub-03,lh-superiorfrontal,0.7555555555555555,0.34426518632954817,0.6666666666666667,0.6526326169309435,None + Linear-SVM,unconscious,unconscious,False,Image,False,4,5,4,1
2301,sub-03,lh-superiorfrontal,0.75,0.31622776601683794,0.5714285714285715,0.6734160759368426,None + Linear-SVM,unconscious,unconscious,False,Image,False,4,2,2,1
2302,sub-03,lh-superiorfrontal,0.6666666666666666,0.3105295017040594,0.6,0.6735713682867825,None + Linear-SVM,unconscious,unconscious,False,Image,False,4,3,3,1
2303,sub-03,lh-superiorfrontal,0.85,0.5976143046671968,0.6666666666666666,0.6472470063587663,None + Linear-SVM,unconscious,unconscious,False,Image,False,5,2,2,0
2304,sub-03,lh-superiorfrontal,0.7333333333333333,0.14907119849998599,0.4,0.6540772792950247,None + Linear-SVM,unconscious,unconscious,False,Image,False,4,1,2,1
