fold,sub,roi,roc_auc,mattews_correcoef,f1_score,log_loss,model,condition_target,condition_source,flip,language,transfer,tn,tp,fn,fp
1,sub-01,rh-inferiorparietal,0.75,-0.4082482904638631,0.0,0.6448364382901955,None + Linear-SVM,unconscious,unconscious,False,Image,False,4,0,2,4
2,sub-01,rh-inferiorparietal,0.4765625,-0.1259881576697424,0.39999999999999997,0.7080128832190654,None + Linear-SVM,unconscious,unconscious,False,Image,False,4,3,5,4
3,sub-01,rh-inferiorparietal,0.4671201814058957,0.08492077756084468,0.5454545454545455,0.7053058168813818,None + Linear-SVM,unconscious,unconscious,False,Image,False,5,6,7,3
4,sub-01,rh-inferiorparietal,0.5121107266435987,0.07042952122737638,0.5,0.6926496822224572,None + Linear-SVM,unconscious,unconscious,False,Image,False,5,4,5,3
5,sub-01,rh-inferiorparietal,0.69,-0.5,0.0,0.6528082529701833,None + Linear-SVM,unconscious,unconscious,False,Image,False,3,0,2,5
6,sub-01,rh-inferiorparietal,0.6153846153846154,-0.09759000729485333,0.3636363636363636,0.6720818680178093,None + Linear-SVM,unconscious,unconscious,False,Image,False,4,2,3,4
7,sub-01,rh-inferiorparietal,0.5234375,0.0,0.42857142857142855,0.6999284162675397,None + Linear-SVM,unconscious,unconscious,False,Image,False,5,3,5,3
8,sub-01,rh-inferiorparietal,0.650887573964497,0.025,0.4000000000000001,0.6689974498256677,None + Linear-SVM,unconscious,unconscious,False,Image,False,5,2,3,3
9,sub-01,rh-inferiorparietal,0.546875,0.0,0.5,0.6901239722174067,None + Linear-SVM,unconscious,unconscious,False,Image,False,4,4,4,4
10,sub-01,rh-inferiorparietal,0.4878892733564014,-0.29012942659282975,0.26666666666666666,0.7020930646019098,None + Linear-SVM,unconscious,unconscious,False,Image,False,4,2,7,4
11,sub-01,rh-inferiorparietal,0.5288888888888889,-0.21821789023599236,0.30769230769230765,0.6974313809881749,None + Linear-SVM,unconscious,unconscious,False,Image,False,4,2,5,4
12,sub-01,rh-inferiorparietal,0.6377551020408163,0.0,0.4615384615384615,0.6581115082741783,None + Linear-SVM,unconscious,unconscious,False,Image,False,4,3,3,4
13,sub-01,rh-inferiorparietal,0.3988919667590028,-0.044946657497549475,0.5,0.7253797115136439,None + Linear-SVM,unconscious,unconscious,False,Image,False,4,5,6,4
14,sub-01,rh-inferiorparietal,0.6035502958579881,-0.09759000729485333,0.3636363636363636,0.6723406471091928,None + Linear-SVM,unconscious,unconscious,False,Image,False,4,2,3,4
15,sub-01,rh-inferiorparietal,0.5294117647058824,-0.05555555555555555,0.47058823529411764,0.6936047012947615,None + Linear-SVM,unconscious,unconscious,False,Image,False,4,4,5,4
16,sub-01,rh-inferiorparietal,0.7602040816326531,0.4166666666666667,0.6666666666666666,0.6400686159129485,None + Linear-SVM,unconscious,unconscious,False,Image,False,6,4,2,2
17,sub-01,rh-inferiorparietal,0.576530612244898,-0.16666666666666666,0.3333333333333333,0.6773678565293725,None + Linear-SVM,unconscious,unconscious,False,Image,False,4,2,4,4
18,sub-01,rh-inferiorparietal,0.3270321361058601,-0.16265001215808886,0.4166666666666667,0.7515304552876777,None + Linear-SVM,unconscious,unconscious,False,Image,False,4,5,10,4
19,sub-01,rh-inferiorparietal,0.40740740740740744,0.0,0.5263157894736842,0.7169821046625103,None + Linear-SVM,unconscious,unconscious,False,Image,False,4,5,5,4
20,sub-01,rh-inferiorparietal,0.5972222222222222,-0.23904572186687872,0.22222222222222224,0.6717816864959213,None + Linear-SVM,unconscious,unconscious,False,Image,False,4,1,3,4
21,sub-01,rh-inferiorparietal,0.7041420118343196,0.025,0.4000000000000001,0.6513119463615035,None + Linear-SVM,unconscious,unconscious,False,Image,False,5,2,3,3
22,sub-01,rh-inferiorparietal,0.4489795918367347,-0.28867513459481287,0.30769230769230765,0.7131234676062533,None + Linear-SVM,unconscious,unconscious,False,Image,False,3,2,4,5
23,sub-01,rh-inferiorparietal,0.609375,0.1259881576697424,0.5333333333333333,0.6734339159804723,None + Linear-SVM,unconscious,unconscious,False,Image,False,5,4,4,3
24,sub-01,rh-inferiorparietal,0.3100189035916824,-0.23333333333333334,0.3478260869565218,0.7742681475075613,None + Linear-SVM,unconscious,unconscious,False,Image,False,4,4,11,4
25,sub-01,rh-inferiorparietal,0.6377551020408163,0.125,0.5,0.6712857204186796,None + Linear-SVM,unconscious,unconscious,False,Image,False,5,3,3,3
26,sub-01,rh-inferiorparietal,0.5308641975308642,0.125,0.5555555555555556,0.7071959095085819,None + Linear-SVM,unconscious,unconscious,False,Image,False,5,5,5,3
27,sub-01,rh-inferiorparietal,0.45703125,-0.1259881576697424,0.39999999999999997,0.7108140320637738,None + Linear-SVM,unconscious,unconscious,False,Image,False,4,3,5,4
28,sub-01,rh-inferiorparietal,0.4897959183673469,-0.16666666666666666,0.3333333333333333,0.7025048308574459,None + Linear-SVM,unconscious,unconscious,False,Image,False,4,2,4,4
29,sub-01,rh-inferiorparietal,0.8300000000000001,-0.2182178902359924,0.22222222222222224,0.6303114905847469,None + Linear-SVM,unconscious,unconscious,False,Image,False,2,1,1,6
30,sub-01,rh-inferiorparietal,0.4765625,0.0,0.42857142857142855,0.7286363406185501,None + Linear-SVM,unconscious,unconscious,False,Image,False,5,3,5,3
31,sub-01,rh-inferiorparietal,0.5739644970414202,0.025,0.4000000000000001,0.6907017662424182,None + Linear-SVM,unconscious,unconscious,False,Image,False,5,2,3,3
32,sub-01,rh-inferiorparietal,0.5152354570637119,0.07954545454545454,0.5263157894736842,0.6987954575622847,None + Linear-SVM,unconscious,unconscious,False,Image,False,5,5,6,3
33,sub-01,rh-inferiorparietal,0.51953125,-0.1259881576697424,0.39999999999999997,0.7018627747433731,None + Linear-SVM,unconscious,unconscious,False,Image,False,4,3,5,4
34,sub-01,rh-inferiorparietal,0.668639053254438,0.025,0.4000000000000001,0.6621040124660976,None + Linear-SVM,unconscious,unconscious,False,Image,False,5,2,3,3
35,sub-01,rh-inferiorparietal,0.7396449704142012,0.15811388300841897,0.4444444444444445,0.6359144654074151,None + Linear-SVM,unconscious,unconscious,False,Image,False,6,2,3,2
36,sub-01,rh-inferiorparietal,0.32098765432098764,-0.325,0.33333333333333326,0.7597726423736004,None + Linear-SVM,unconscious,unconscious,False,Image,False,3,3,7,5
37,sub-01,rh-inferiorparietal,0.6428571428571429,-0.04303314829119352,0.3636363636363636,0.6679343705150015,None + Linear-SVM,unconscious,unconscious,False,Image,False,5,2,4,3
38,sub-01,rh-inferiorparietal,0.43359375,-0.2581988897471611,0.28571428571428575,0.7306148568492459,None + Linear-SVM,unconscious,unconscious,False,Image,False,4,2,6,4
39,sub-01,rh-inferiorparietal,0.6041666666666666,-0.23904572186687872,0.22222222222222224,0.6934079637604146,None + Linear-SVM,unconscious,unconscious,False,Image,False,4,1,3,4
40,sub-01,rh-inferiorparietal,0.4532871972318339,-0.05555555555555555,0.47058823529411764,0.716860372545775,None + Linear-SVM,unconscious,unconscious,False,Image,False,4,4,5,4
41,sub-01,rh-inferiorparietal,0.52734375,0.0,0.5,0.6835810431878027,None + Linear-SVM,unconscious,unconscious,False,Image,False,4,4,4,4
42,sub-01,rh-inferiorparietal,0.638888888888889,-0.125,0.25,0.6684556305904991,None + Linear-SVM,unconscious,unconscious,False,Image,False,5,1,3,3
43,sub-01,rh-inferiorparietal,0.7810650887573964,0.09759000729485333,0.5,0.6428917442227454,None + Linear-SVM,unconscious,unconscious,False,Image,False,4,3,2,4
44,sub-01,rh-inferiorparietal,0.49777777777777776,-0.21821789023599236,0.30769230769230765,0.6972559129561342,None + Linear-SVM,unconscious,unconscious,False,Image,False,4,2,5,4
45,sub-01,rh-inferiorparietal,0.4533333333333333,-0.21821789023599236,0.30769230769230765,0.7124311577076984,None + Linear-SVM,unconscious,unconscious,False,Image,False,4,2,5,4
46,sub-01,rh-inferiorparietal,0.45429362880886426,0.07954545454545454,0.5263157894736842,0.7153746537586784,None + Linear-SVM,unconscious,unconscious,False,Image,False,5,5,6,3
47,sub-01,rh-inferiorparietal,0.4897959183673469,-0.16666666666666666,0.3333333333333333,0.7095741001324367,None + Linear-SVM,unconscious,unconscious,False,Image,False,4,2,4,4
48,sub-01,rh-inferiorparietal,0.6449704142011834,0.025,0.4000000000000001,0.6703531499397718,None + Linear-SVM,unconscious,unconscious,False,Image,False,5,2,3,3
49,sub-01,rh-inferiorparietal,0.7091836734693878,-0.47140452079103173,0.0,0.6542797926086285,None + Linear-SVM,unconscious,unconscious,False,Image,False,4,0,2,8
50,sub-01,rh-inferiorparietal,0.5025,-0.2041241452319315,0.33333333333333326,0.7037017013791633,None + Linear-SVM,unconscious,unconscious,False,Image,False,5,3,5,7
51,sub-01,rh-inferiorparietal,0.5055999999999999,-0.11613144917081457,0.41666666666666663,0.6965716772965557,None + Linear-SVM,unconscious,unconscious,False,Image,False,6,5,8,6
52,sub-01,rh-inferiorparietal,0.5215419501133787,-0.13762047064079508,0.39999999999999997,0.6947818438885569,None + Linear-SVM,unconscious,unconscious,False,Image,False,5,4,5,7
53,sub-01,rh-inferiorparietal,0.673469387755102,-0.47140452079103173,0.0,0.6567070898784916,None + Linear-SVM,unconscious,unconscious,False,Image,False,4,0,2,8
54,sub-01,rh-inferiorparietal,0.5951557093425606,-0.34993385618385614,0.15384615384615385,0.6743124600092059,None + Linear-SVM,unconscious,unconscious,False,Image,False,5,1,4,7
55,sub-01,rh-inferiorparietal,0.525,-0.12309149097933272,0.35294117647058826,0.697727397896218,None + Linear-SVM,unconscious,unconscious,False,Image,False,6,3,5,6
56,sub-01,rh-inferiorparietal,0.6678200692041523,-0.015430334996209192,0.3333333333333333,0.6663152764248648,None + Linear-SVM,unconscious,unconscious,False,Image,False,7,2,3,5
57,sub-01,rh-inferiorparietal,0.5825,-0.041666666666666664,0.375,0.6848077583168085,None + Linear-SVM,unconscious,unconscious,False,Image,False,7,3,5,5
58,sub-01,rh-inferiorparietal,0.4988662131519274,-0.3302891295379082,0.3,0.7003159445068868,None + Linear-SVM,unconscious,unconscious,False,Image,False,4,3,6,8
59,sub-01,rh-inferiorparietal,0.5346260387811634,-0.2875273163926476,0.25,0.6908773271664995,None + Linear-SVM,unconscious,unconscious,False,Image,False,5,2,5,7
60,sub-01,rh-inferiorparietal,0.6172839506172839,-0.15811388300841897,0.28571428571428575,0.6686648338282393,None + Linear-SVM,unconscious,unconscious,False,Image,False,6,2,4,6
61,sub-01,rh-inferiorparietal,0.47069943289224947,-0.045454545454545456,0.45454545454545453,0.7096258270603244,None + Linear-SVM,unconscious,unconscious,False,Image,False,6,5,6,6
62,sub-01,rh-inferiorparietal,0.6193771626297577,-0.34993385618385614,0.15384615384615385,0.6732599777137757,None + Linear-SVM,unconscious,unconscious,False,Image,False,5,1,4,7
63,sub-01,rh-inferiorparietal,0.5510204081632653,-0.13762047064079508,0.39999999999999997,0.6892921574976846,None + Linear-SVM,unconscious,unconscious,False,Image,False,5,4,5,7
64,sub-01,rh-inferiorparietal,0.7438271604938271,0.16116459280507606,0.4615384615384615,0.6476896107941542,None + Linear-SVM,unconscious,unconscious,False,Image,False,8,3,3,4
65,sub-01,rh-inferiorparietal,0.5432098765432098,-0.15811388300841897,0.28571428571428575,0.6830511145857687,None + Linear-SVM,unconscious,unconscious,False,Image,False,6,2,4,6
66,sub-01,rh-inferiorparietal,0.38957475994513024,-0.32024493467004,0.30769230769230765,0.7333811365434381,None + Linear-SVM,unconscious,unconscious,False,Image,False,5,4,11,7
67,sub-01,rh-inferiorparietal,0.45661157024793386,-0.18257418583505536,0.380952380952381,0.7040158329720115,None + Linear-SVM,unconscious,unconscious,False,Image,False,5,4,6,7
68,sub-01,rh-inferiorparietal,0.58984375,-0.2886751345948129,0.16666666666666666,0.6776263780783482,None + Linear-SVM,unconscious,unconscious,False,Image,False,5,1,3,7
69,sub-01,rh-inferiorparietal,0.7162629757785467,-0.015430334996209192,0.3333333333333333,0.6546249662518929,None + Linear-SVM,unconscious,unconscious,False,Image,False,7,2,3,5
70,sub-01,rh-inferiorparietal,0.5154320987654322,-0.5533985905294664,0.125,0.6972577815472281,None + Linear-SVM,unconscious,unconscious,False,Image,False,3,1,5,9
71,sub-01,rh-inferiorparietal,0.5575,-0.12309149097933272,0.35294117647058826,0.6842253045079663,None + Linear-SVM,unconscious,unconscious,False,Image,False,6,3,5,6
72,sub-01,rh-inferiorparietal,0.35253772290809327,-0.05,0.5333333333333333,0.7615368435073748,None + Linear-SVM,unconscious,unconscious,False,Image,False,5,8,7,7
73,sub-01,rh-inferiorparietal,0.6080246913580247,0.0,0.4,0.6673809963960654,None + Linear-SVM,unconscious,unconscious,False,Image,False,6,3,3,6
74,sub-01,rh-inferiorparietal,0.5268595041322314,-0.1,0.4000000000000001,0.7000660915891669,None + Linear-SVM,unconscious,unconscious,False,Image,False,6,4,6,6
75,sub-01,rh-inferiorparietal,0.4925,-0.2041241452319315,0.33333333333333326,0.7038990431357799,None + Linear-SVM,unconscious,unconscious,False,Image,False,5,3,5,7
76,sub-01,rh-inferiorparietal,0.5339506172839507,-0.31622776601683794,0.25,0.6971673944630083,None + Linear-SVM,unconscious,unconscious,False,Image,False,4,2,4,8
77,sub-01,rh-inferiorparietal,0.8214285714285714,-0.19364916731037085,0.16666666666666669,0.6437289410976649,None + Linear-SVM,unconscious,unconscious,False,Image,False,3,1,1,9
78,sub-01,rh-inferiorparietal,0.5075,-0.12309149097933272,0.35294117647058826,0.7099099677967959,None + Linear-SVM,unconscious,unconscious,False,Image,False,6,3,5,6
79,sub-01,rh-inferiorparietal,0.5432525951557092,-0.16735967034880075,0.2857142857142857,0.696691646422825,None + Linear-SVM,unconscious,unconscious,False,Image,False,5,2,3,7
80,sub-01,rh-inferiorparietal,0.5727788279773157,-0.045454545454545456,0.45454545454545453,0.6882916733214831,None + Linear-SVM,unconscious,unconscious,False,Image,False,6,5,6,6
81,sub-01,rh-inferiorparietal,0.525,-0.2041241452319315,0.33333333333333326,0.6982505389310161,None + Linear-SVM,unconscious,unconscious,False,Image,False,5,3,5,7
82,sub-01,rh-inferiorparietal,0.643598615916955,-0.015430334996209192,0.3333333333333333,0.6682495322134561,None + Linear-SVM,unconscious,unconscious,False,Image,False,7,2,3,5
83,sub-01,rh-inferiorparietal,0.7058823529411765,-0.015430334996209192,0.3333333333333333,0.6506338964325611,None + Linear-SVM,unconscious,unconscious,False,Image,False,7,2,3,5
84,sub-01,rh-inferiorparietal,0.3615702479338843,-0.4666666666666667,0.20000000000000004,0.7468553107822614,None + Linear-SVM,unconscious,unconscious,False,Image,False,4,2,8,8
85,sub-01,rh-inferiorparietal,0.6388888888888888,0.0,0.4,0.678032946560946,None + Linear-SVM,unconscious,unconscious,False,Image,False,6,3,3,6
86,sub-01,rh-inferiorparietal,0.4475,-0.28721347895177635,0.3157894736842105,0.7217197454713438,None + Linear-SVM,unconscious,unconscious,False,Image,False,4,3,5,8
87,sub-01,rh-inferiorparietal,0.59765625,-0.363696483726654,0.15384615384615383,0.6884026347839046,None + Linear-SVM,unconscious,unconscious,False,Image,False,4,1,3,8
88,sub-01,rh-inferiorparietal,0.5351473922902494,-0.13762047064079508,0.39999999999999997,0.7021558268805511,None + Linear-SVM,unconscious,unconscious,False,Image,False,5,4,5,7
89,sub-01,rh-inferiorparietal,0.5625,-0.12309149097933272,0.35294117647058826,0.6813657974172963,None + Linear-SVM,unconscious,unconscious,False,Image,False,6,3,5,6
90,sub-01,rh-inferiorparietal,0.6328125,-0.2886751345948129,0.16666666666666666,0.6724423905934802,None + Linear-SVM,unconscious,unconscious,False,Image,False,5,1,3,7
91,sub-01,rh-inferiorparietal,0.6885813148788927,0.06356417261637282,0.3636363636363636,0.6549274815727415,None + Linear-SVM,unconscious,unconscious,False,Image,False,8,2,3,4
92,sub-01,rh-inferiorparietal,0.5512465373961218,-0.4303489473092928,0.13333333333333333,0.6871246279349524,None + Linear-SVM,unconscious,unconscious,False,Image,False,5,1,6,7
93,sub-01,rh-inferiorparietal,0.5235457063711911,-0.2875273163926476,0.25,0.6976247014852767,None + Linear-SVM,unconscious,unconscious,False,Image,False,5,2,5,7
94,sub-01,rh-inferiorparietal,0.4366729678638941,-0.045454545454545456,0.45454545454545453,0.7102873155710724,None + Linear-SVM,unconscious,unconscious,False,Image,False,6,5,6,6
95,sub-01,rh-inferiorparietal,0.5185185185185185,-0.3223291856101521,0.15384615384615383,0.6971304108950637,None + Linear-SVM,unconscious,unconscious,False,Image,False,6,1,5,6
96,sub-01,rh-inferiorparietal,0.6539792387543253,-0.09128709291752769,0.3076923076923077,0.6733362498173119,None + Linear-SVM,unconscious,unconscious,False,Image,False,6,2,3,6
97,sub-01,rh-inferiorparietal,0.6141975308641975,-0.44320263021395917,0.0,0.6654628945065224,None + Linear-SVM,unconscious,unconscious,False,Image,False,5,0,2,11
98,sub-01,rh-inferiorparietal,0.5069444444444444,-0.1767766952966369,0.3,0.6943278862571091,None + Linear-SVM,unconscious,unconscious,False,Image,False,7,3,5,9
99,sub-01,rh-inferiorparietal,0.5219976218787158,0.02403846153846154,0.46153846153846156,0.69171913695563,None + Linear-SVM,unconscious,unconscious,False,Image,False,9,6,7,7
100,sub-01,rh-inferiorparietal,0.56,-0.05337605126836238,0.380952380952381,0.6805796989484739,None + Linear-SVM,unconscious,unconscious,False,Image,False,8,4,5,8
101,sub-01,rh-inferiorparietal,0.5679012345679012,-0.44320263021395917,0.0,0.6729104515683341,None + Linear-SVM,unconscious,unconscious,False,Image,False,5,0,2,11
102,sub-01,rh-inferiorparietal,0.6031746031746031,-0.3624412178045377,0.12500000000000003,0.6718862567584856,None + Linear-SVM,unconscious,unconscious,False,Image,False,6,1,4,10
103,sub-01,rh-inferiorparietal,0.5104166666666666,-0.05976143046671968,0.33333333333333326,0.7009134124382319,None + Linear-SVM,unconscious,unconscious,False,Image,False,9,3,5,7
104,sub-01,rh-inferiorparietal,0.6643990929705216,-0.032274861218395144,0.2857142857142857,0.6673187053113467,None + Linear-SVM,unconscious,unconscious,False,Image,False,9,2,3,7
105,sub-01,rh-inferiorparietal,0.5729166666666666,0.0,0.35294117647058826,0.6834530749238404,None + Linear-SVM,unconscious,unconscious,False,Image,False,10,3,5,6
106,sub-01,rh-inferiorparietal,0.4864,-0.38697637169562726,0.1904761904761905,0.6963882225747888,None + Linear-SVM,unconscious,unconscious,False,Image,False,6,2,7,10
107,sub-01,rh-inferiorparietal,0.551984877126654,-0.31252705510589024,0.2105263157894737,0.6811813552106166,None + Linear-SVM,unconscious,unconscious,False,Image,False,6,2,5,10
108,sub-01,rh-inferiorparietal,0.5702479338842975,0.0,0.3529411764705882,0.6687824271059845,None + Linear-SVM,unconscious,unconscious,False,Image,False,8,3,3,8
109,sub-01,rh-inferiorparietal,0.4993141289437585,-0.04469901562676742,0.41666666666666663,0.6998145366075965,None + Linear-SVM,unconscious,unconscious,False,Image,False,8,5,6,8
110,sub-01,rh-inferiorparietal,0.655328798185941,-0.032274861218395144,0.2857142857142857,0.665587534071702,None + Linear-SVM,unconscious,unconscious,False,Image,False,9,2,3,7
111,sub-01,rh-inferiorparietal,0.5983999999999999,0.006715191366878169,0.39999999999999997,0.6783280877167399,None + Linear-SVM,unconscious,unconscious,False,Image,False,9,4,5,7
112,sub-01,rh-inferiorparietal,0.7086776859504132,0.11322770341445958,0.4,0.6524955235872405,None + Linear-SVM,unconscious,unconscious,False,Image,False,10,3,3,6
113,sub-01,rh-inferiorparietal,0.5847107438016529,-0.2041241452319315,0.23529411764705885,0.6765329233929221,None + Linear-SVM,unconscious,unconscious,False,Image,False,7,2,4,9
114,sub-01,rh-inferiorparietal,0.413111342351717,-0.1625,0.4000000000000001,0.7259815699317459,None + Linear-SVM,unconscious,unconscious,False,Image,False,7,6,9,9
115,sub-01,rh-inferiorparietal,0.47928994082840237,-0.15811388300841897,0.34782608695652173,0.7031781824313017,None + Linear-SVM,unconscious,unconscious,False,Image,False,7,4,6,9
116,sub-01,rh-inferiorparietal,0.6,-0.30151134457776363,0.13333333333333333,0.6791910500552537,None + Linear-SVM,unconscious,unconscious,False,Image,False,6,1,3,10
117,sub-01,rh-inferiorparietal,0.6417233560090703,-0.032274861218395144,0.2857142857142857,0.6620185857988148,None + Linear-SVM,unconscious,unconscious,False,Image,False,9,2,3,7
118,sub-01,rh-inferiorparietal,0.5433884297520661,-0.4658474953124562,0.1111111111111111,0.6961717077217441,None + Linear-SVM,unconscious,unconscious,False,Image,False,5,1,5,11
119,sub-01,rh-inferiorparietal,0.5954861111111112,0.05913123959890826,0.4210526315789474,0.6751840555345957,None + Linear-SVM,unconscious,unconscious,False,Image,False,9,4,4,7
120,sub-01,rh-inferiorparietal,0.3818938605619147,-0.1625,0.4000000000000001,0.7490874315947661,None + Linear-SVM,unconscious,unconscious,False,Image,False,7,6,9,9
121,sub-01,rh-inferiorparietal,0.5888429752066117,0.05590169943749474,0.37499999999999994,0.672173972209031,None + Linear-SVM,unconscious,unconscious,False,Image,False,9,3,3,7
122,sub-01,rh-inferiorparietal,0.5325443786982249,-0.15811388300841897,0.34782608695652173,0.6946733601185199,None + Linear-SVM,unconscious,unconscious,False,Image,False,7,4,6,9
123,sub-01,rh-inferiorparietal,0.53125,-0.2988071523335984,0.2727272727272727,0.6928855229047839,None + Linear-SVM,unconscious,unconscious,False,Image,False,5,3,5,11
124,sub-01,rh-inferiorparietal,0.5516528925619835,-0.2608745973749754,0.2222222222222222,0.6901376008009925,None + Linear-SVM,unconscious,unconscious,False,Image,False,6,2,4,10
125,sub-01,rh-inferiorparietal,0.7191358024691358,-0.21926450482675733,0.0,0.6518189036926486,None + Linear-SVM,unconscious,unconscious,False,Image,False,11,0,2,5
126,sub-01,rh-inferiorparietal,0.5399305555555556,0.05913123959890826,0.4210526315789474,0.7018781125616943,None + Linear-SVM,unconscious,unconscious,False,Image,False,9,4,4,7
127,sub-01,rh-inferiorparietal,0.5532879818594104,-0.032274861218395144,0.2857142857142857,0.688962322372026,None + Linear-SVM,unconscious,unconscious,False,Image,False,9,2,3,7
128,sub-01,rh-inferiorparietal,0.5528120713305898,0.016854996561581053,0.43478260869565216,0.6863668494984545,None + Linear-SVM,unconscious,unconscious,False,Image,False,9,5,6,7
129,sub-01,rh-inferiorparietal,0.545138888888889,-0.23652495839563303,0.2857142857142857,0.6911104897226901,None + Linear-SVM,unconscious,unconscious,False,Image,False,6,3,5,10
130,sub-01,rh-inferiorparietal,0.5963718820861678,-0.19364916731037085,0.23529411764705882,0.6723954190279245,None + Linear-SVM,unconscious,unconscious,False,Image,False,6,2,3,10
131,sub-01,rh-inferiorparietal,0.6303854875283446,0.021926450482675733,0.3076923076923077,0.6570984323815521,None + Linear-SVM,unconscious,unconscious,False,Image,False,10,2,3,6
132,sub-01,rh-inferiorparietal,0.38757396449704146,-0.4743416490252569,0.17391304347826086,0.7377391062958145,None + Linear-SVM,unconscious,unconscious,False,Image,False,5,2,8,11
133,sub-01,rh-inferiorparietal,0.6239669421487604,0.05590169943749474,0.37499999999999994,0.671697897711125,None + Linear-SVM,unconscious,unconscious,False,Image,False,9,3,3,7
134,sub-01,rh-inferiorparietal,0.4774305555555555,-0.2956561979945413,0.2105263157894737,0.715371037060542,None + Linear-SVM,unconscious,unconscious,False,Image,False,7,2,6,9
135,sub-01,rh-inferiorparietal,0.59,-0.3572172541558802,0.125,0.6834953090822695,None + Linear-SVM,unconscious,unconscious,False,Image,False,5,1,3,11
136,sub-01,rh-inferiorparietal,0.5247999999999999,-0.10206207261596574,0.3157894736842105,0.6971461222001767,None + Linear-SVM,unconscious,unconscious,False,Image,False,9,3,6,7
137,sub-01,rh-inferiorparietal,0.5989583333333333,0.1767766952966369,0.5,0.6766850765864657,None + Linear-SVM,unconscious,unconscious,False,Image,False,9,5,3,7
138,sub-01,rh-inferiorparietal,0.64,-0.20100756305184242,0.15384615384615383,0.670546941572466,None + Linear-SVM,unconscious,unconscious,False,Image,False,8,1,3,8
139,sub-01,rh-inferiorparietal,0.6870748299319728,0.021926450482675733,0.3076923076923077,0.6563738563003392,None + Linear-SVM,unconscious,unconscious,False,Image,False,10,2,3,6
140,sub-01,rh-inferiorparietal,0.5803402646502835,-0.19889806323953876,0.23529411764705882,0.680601180496262,None + Linear-SVM,unconscious,unconscious,False,Image,False,8,2,5,8
141,sub-01,rh-inferiorparietal,0.550094517958412,-0.2549562817969105,0.2222222222222222,0.6926308682812937,None + Linear-SVM,unconscious,unconscious,False,Image,False,7,2,5,9
142,sub-01,rh-inferiorparietal,0.5089163237311385,0.016854996561581053,0.43478260869565216,0.6996453111603416,None + Linear-SVM,unconscious,unconscious,False,Image,False,9,5,6,7
143,sub-01,rh-inferiorparietal,0.5537190082644627,-0.32081182634096883,0.21052631578947367,0.6909073534169866,None + Linear-SVM,unconscious,unconscious,False,Image,False,5,2,4,11
144,sub-01,rh-inferiorparietal,0.6054421768707483,-0.13858046563114676,0.25000000000000006,0.6729541945212166,None + Linear-SVM,unconscious,unconscious,False,Image,False,7,2,3,9
145,sub-01,rh-inferiorparietal,0.7647058823529411,-0.26967994498529685,0.0,0.6335060664700346,None + Linear-SVM,unconscious,unconscious,False,Image,False,9,0,2,6
146,sub-01,rh-inferiorparietal,0.6105860113421551,0.09607689228305229,0.4444444444444445,0.6759725500596928,None + Linear-SVM,unconscious,unconscious,False,Image,False,9,4,4,6
147,sub-01,rh-inferiorparietal,0.6186224489795918,0.05337605126836238,0.4347826086956522,0.6726101056849092,None + Linear-SVM,unconscious,unconscious,False,Image,False,10,5,8,5
148,sub-01,rh-inferiorparietal,0.611111111111111,0.15114173098063566,0.5,0.6757958202117272,None + Linear-SVM,unconscious,unconscious,False,Image,False,9,5,4,6
149,sub-01,rh-inferiorparietal,0.7370242214532872,-0.3872983346207417,0.0,0.6381123670415869,None + Linear-SVM,unconscious,unconscious,False,Image,False,6,0,2,9
150,sub-01,rh-inferiorparietal,0.7,-0.058025885318565944,0.2857142857142857,0.6553725867648919,None + Linear-SVM,unconscious,unconscious,False,Image,False,8,2,3,7
151,sub-01,rh-inferiorparietal,0.6294896030245747,0.16265001215808886,0.47058823529411764,0.6725061824728302,None + Linear-SVM,unconscious,unconscious,False,Image,False,10,4,4,5
152,sub-01,rh-inferiorparietal,0.7175,0.060522753266880246,0.3333333333333333,0.6464092009283302,None + Linear-SVM,unconscious,unconscious,False,Image,False,10,2,3,5
153,sub-01,rh-inferiorparietal,0.6899810964083176,0.16265001215808886,0.47058823529411764,0.659958086372707,None + Linear-SVM,unconscious,unconscious,False,Image,False,10,4,4,5
154,sub-01,rh-inferiorparietal,0.609375,0.08606629658238706,0.4761904761904762,0.6735996034171142,None + Linear-SVM,unconscious,unconscious,False,Image,False,8,5,4,7
155,sub-01,rh-inferiorparietal,0.6508264462809917,0.02706659809803834,0.375,0.6631910586041151,None + Linear-SVM,unconscious,unconscious,False,Image,False,9,3,4,6
156,sub-01,rh-inferiorparietal,0.673469387755102,0.2412090756622109,0.5,0.6539030788593871,None + Linear-SVM,unconscious,unconscious,False,Image,False,9,4,2,6
157,sub-01,rh-inferiorparietal,0.5502958579881657,0.14414999403128945,0.5217391304347826,0.6893597290168105,None + Linear-SVM,unconscious,unconscious,False,Image,False,9,6,5,6
158,sub-01,rh-inferiorparietal,0.7324999999999999,0.0,0.3076923076923077,0.6443126615702965,None + Linear-SVM,unconscious,unconscious,False,Image,False,9,2,3,6
159,sub-01,rh-inferiorparietal,0.6805555555555556,0.15114173098063566,0.5,0.6564637976635314,None + Linear-SVM,unconscious,unconscious,False,Image,False,9,5,4,6
160,sub-01,rh-inferiorparietal,0.8208616780045351,0.3721042037676254,0.5714285714285715,0.6268880101444084,None + Linear-SVM,unconscious,unconscious,False,Image,False,11,4,2,4
161,sub-01,rh-inferiorparietal,0.7256235827664399,0.3919647479510927,0.5882352941176471,0.6454414585351499,None + Linear-SVM,unconscious,unconscious,False,Image,False,9,5,1,6
162,sub-01,rh-inferiorparietal,0.47777777777777775,0.06666666666666667,0.5333333333333333,0.7129522564897066,None + Linear-SVM,unconscious,unconscious,False,Image,False,8,8,7,7
163,sub-01,rh-inferiorparietal,0.5792,0.19611613513818404,0.5454545454545454,0.682386148259764,None + Linear-SVM,unconscious,unconscious,False,Image,False,9,6,4,6
164,sub-01,rh-inferiorparietal,0.6814404432132963,-0.1267731382092775,0.18181818181818182,0.6461538475610111,None + Linear-SVM,unconscious,unconscious,False,Image,False,9,1,3,6
165,sub-01,rh-inferiorparietal,0.75,0.060522753266880246,0.3333333333333333,0.6337829217017906,None + Linear-SVM,unconscious,unconscious,False,Image,False,10,2,3,5
166,sub-01,rh-inferiorparietal,0.5850340136054422,-0.3042903097250923,0.2222222222222222,0.6777511991414061,None + Linear-SVM,unconscious,unconscious,False,Image,False,5,2,4,10
167,sub-01,rh-inferiorparietal,0.7051039697542533,0.16265001215808886,0.47058823529411764,0.6512539847168665,None + Linear-SVM,unconscious,unconscious,False,Image,False,10,4,4,5
168,sub-01,rh-inferiorparietal,0.4677777777777778,0.0,0.4827586206896552,0.7187094148429763,None + Linear-SVM,unconscious,unconscious,False,Image,False,8,7,8,7
169,sub-01,rh-inferiorparietal,0.7052154195011338,0.09128709291752768,0.4,0.6460213960271796,None + Linear-SVM,unconscious,unconscious,False,Image,False,9,3,3,6
170,sub-01,rh-inferiorparietal,0.6175999999999999,0.09869275424396534,0.47619047619047616,0.6730529018711294,None + Linear-SVM,unconscious,unconscious,False,Image,False,9,5,5,6
171,sub-01,rh-inferiorparietal,0.5935727788279773,0.03178208630818641,0.4210526315789474,0.6752936290897362,None + Linear-SVM,unconscious,unconscious,False,Image,False,8,4,4,7
172,sub-01,rh-inferiorparietal,0.6031746031746033,-0.062017367294604234,0.28571428571428575,0.6740399028393845,None + Linear-SVM,unconscious,unconscious,False,Image,False,9,2,4,6
173,sub-01,rh-inferiorparietal,0.8166089965397925,-0.1649915822768611,0.14285714285714285,0.6190384033413348,None + Linear-SVM,unconscious,unconscious,False,Image,False,4,1,1,11
174,sub-01,rh-inferiorparietal,0.5860113421550095,0.09607689228305229,0.4444444444444445,0.6902216656109869,None + Linear-SVM,unconscious,unconscious,False,Image,False,9,4,4,6
175,sub-01,rh-inferiorparietal,0.68,-0.058025885318565944,0.2857142857142857,0.6609374218539816,None + Linear-SVM,unconscious,unconscious,False,Image,False,8,2,3,7
176,sub-01,rh-inferiorparietal,0.643491124260355,0.21212121212121213,0.5454545454545454,0.6676590792031221,None + Linear-SVM,unconscious,unconscious,False,Image,False,10,6,5,5
177,sub-01,rh-inferiorparietal,0.6351606805293004,-0.08807048459279793,0.33333333333333326,0.6710028329722989,None + Linear-SVM,unconscious,unconscious,False,Image,False,8,3,5,7
178,sub-01,rh-inferiorparietal,0.7549999999999999,0.0,0.3076923076923077,0.6387519958519856,None + Linear-SVM,unconscious,unconscious,False,Image,False,9,2,3,6
179,sub-01,rh-inferiorparietal,0.77,0.11547005383792516,0.4,0.6280682460357022,None + Linear-SVM,unconscious,unconscious,False,Image,False,8,3,2,7
180,sub-01,rh-inferiorparietal,0.46240000000000003,-0.29417420270727607,0.2727272727272727,0.7166845957066491,None + Linear-SVM,unconscious,unconscious,False,Image,False,6,3,7,9
181,sub-01,rh-inferiorparietal,0.7233560090702947,0.09128709291752768,0.4,0.65183937554493,None + Linear-SVM,unconscious,unconscious,False,Image,False,9,3,3,6
182,sub-01,rh-inferiorparietal,0.555765595463138,-0.08807048459279793,0.33333333333333326,0.6973939640495348,None + Linear-SVM,unconscious,unconscious,False,Image,False,8,3,5,7
183,sub-01,rh-inferiorparietal,0.6980609418282548,-0.1789066118330336,0.16666666666666666,0.6626267763963245,None + Linear-SVM,unconscious,unconscious,False,Image,False,8,1,3,7
184,sub-01,rh-inferiorparietal,0.5833333333333334,0.04364357804719848,0.4210526315789474,0.6754310662575721,None + Linear-SVM,unconscious,unconscious,False,Image,False,9,4,5,6
185,sub-01,rh-inferiorparietal,0.6635160680529302,0.041666666666666664,0.375,0.6589769608824895,None + Linear-SVM,unconscious,unconscious,False,Image,False,10,3,5,5
186,sub-01,rh-inferiorparietal,0.7257617728531855,-0.1267731382092775,0.18181818181818182,0.6486066254667682,None + Linear-SVM,unconscious,unconscious,False,Image,False,9,1,3,6
187,sub-01,rh-inferiorparietal,0.8049999999999999,0.23570226039551584,0.4615384615384615,0.6254132391080087,None + Linear-SVM,unconscious,unconscious,False,Image,False,10,3,2,5
188,sub-01,rh-inferiorparietal,0.6363636363636364,-0.035634832254989916,0.3529411764705882,0.6650049918782842,None + Linear-SVM,unconscious,unconscious,False,Image,False,8,3,4,7
189,sub-01,rh-inferiorparietal,0.6033057851239669,-0.035634832254989916,0.3529411764705882,0.6741549250604262,None + Linear-SVM,unconscious,unconscious,False,Image,False,8,3,4,7
190,sub-01,rh-inferiorparietal,0.5724852071005917,0.14414999403128945,0.5217391304347826,0.6836637527636823,None + Linear-SVM,unconscious,unconscious,False,Image,False,9,6,5,6
191,sub-01,rh-inferiorparietal,0.6031746031746031,-0.18090680674665818,0.25,0.6713097630265517,None + Linear-SVM,unconscious,unconscious,False,Image,False,7,2,4,8
192,sub-01,rh-inferiorparietal,0.7175,0.0,0.3076923076923077,0.6497640470507722,None + Linear-SVM,unconscious,unconscious,False,Image,False,9,2,3,6
193,sub-01,rh-inferiorparietal,0.734375,-0.4879500364742666,0.0,0.6457826952867427,None + Linear-SVM,unconscious,unconscious,False,Image,False,4,0,2,10
194,sub-01,rh-inferiorparietal,0.5661157024793388,0.06900655593423542,0.4444444444444445,0.6850865479407697,None + Linear-SVM,unconscious,unconscious,False,Image,False,8,4,4,6
195,sub-01,rh-inferiorparietal,0.5582990397805212,0.26519741765271837,0.6428571428571429,0.6861246423204803,None + Linear-SVM,unconscious,unconscious,False,Image,False,8,9,4,6
196,sub-01,rh-inferiorparietal,0.5841209829867675,0.015626907697949846,0.4210526315789474,0.6766945505323385,None + Linear-SVM,unconscious,unconscious,False,Image,False,8,4,5,6
197,sub-01,rh-inferiorparietal,0.71875,-0.42857142857142855,0.0,0.6472238553104894,None + Linear-SVM,unconscious,unconscious,False,Image,False,5,0,2,9
198,sub-01,rh-inferiorparietal,0.6592797783933517,-0.15118578920369088,0.26666666666666666,0.6637377196717856,None + Linear-SVM,unconscious,unconscious,False,Image,False,6,2,3,8
199,sub-01,rh-inferiorparietal,0.5826446280991736,0.06900655593423542,0.4444444444444445,0.6824333945247197,None + Linear-SVM,unconscious,unconscious,False,Image,False,8,4,4,6
200,sub-01,rh-inferiorparietal,0.6814404432132963,0.15118578920369088,0.42857142857142855,0.6564131172105117,None + Linear-SVM,unconscious,unconscious,False,Image,False,8,3,2,6
201,sub-01,rh-inferiorparietal,0.6239669421487603,-0.052414241836095915,0.35294117647058826,0.6757468533840839,None + Linear-SVM,unconscious,unconscious,False,Image,False,8,3,5,6
202,sub-01,rh-inferiorparietal,0.616257088846881,0.015626907697949846,0.4210526315789474,0.6739824810898186,None + Linear-SVM,unconscious,unconscious,False,Image,False,8,4,5,6
203,sub-01,rh-inferiorparietal,0.6167800453514739,-0.06741998624632421,0.3529411764705882,0.6736011910746504,None + Linear-SVM,unconscious,unconscious,False,Image,False,7,3,4,7
204,sub-01,rh-inferiorparietal,0.6775,0.0657951694959769,0.4,0.6550060845796282,None + Linear-SVM,unconscious,unconscious,False,Image,False,8,3,3,6
205,sub-01,rh-inferiorparietal,0.5247999999999999,0.11613144917081457,0.5217391304347826,0.692867986271074,None + Linear-SVM,unconscious,unconscious,False,Image,False,8,6,5,6
206,sub-01,rh-inferiorparietal,0.6759002770083102,-0.025482359571881278,0.3076923076923077,0.6603504196766145,None + Linear-SVM,unconscious,unconscious,False,Image,False,8,2,3,6
207,sub-01,rh-inferiorparietal,0.6068052930056711,0.015626907697949846,0.4210526315789474,0.674267910354457,None + Linear-SVM,unconscious,unconscious,False,Image,False,8,4,5,6
208,sub-01,rh-inferiorparietal,0.76,-0.022875450543583874,0.30769230769230765,0.641485800130354,None + Linear-SVM,unconscious,unconscious,False,Image,False,9,2,4,5
209,sub-01,rh-inferiorparietal,0.6525,0.0657951694959769,0.4,0.6677139667255669,None + Linear-SVM,unconscious,unconscious,False,Image,False,8,3,3,6
210,sub-01,rh-inferiorparietal,0.4280618311533888,0.038277950117547636,0.5,0.7230783849101952,None + Linear-SVM,unconscious,unconscious,False,Image,False,8,7,8,6
211,sub-01,rh-inferiorparietal,0.5381944444444444,-0.02857142857142857,0.4000000000000001,0.690969031095583,None + Linear-SVM,unconscious,unconscious,False,Image,False,8,4,6,6
212,sub-01,rh-inferiorparietal,0.6666666666666666,-0.15228622596829317,0.18181818181818182,0.6554021182266354,None + Linear-SVM,unconscious,unconscious,False,Image,False,8,1,3,6
213,sub-01,rh-inferiorparietal,0.7451523545706371,0.03912303982179758,0.3333333333333333,0.6466220927057732,None + Linear-SVM,unconscious,unconscious,False,Image,False,9,2,3,5
214,sub-01,rh-inferiorparietal,0.56,-0.4364357804719848,0.125,0.6816933073054232,None + Linear-SVM,unconscious,unconscious,False,Image,False,5,1,5,9
215,sub-01,rh-inferiorparietal,0.6508264462809917,0.18898223650461363,0.5263157894736842,0.6650511701725771,None + Linear-SVM,unconscious,unconscious,False,Image,False,8,5,3,6
216,sub-01,rh-inferiorparietal,0.4304399524375743,0.10047961905856255,0.5806451612903225,0.7349714207180685,None + Linear-SVM,unconscious,unconscious,False,Image,False,7,9,6,7
217,sub-01,rh-inferiorparietal,0.6575,0.1336306209562122,0.42857142857142855,0.6596187120325121,None + Linear-SVM,unconscious,unconscious,False,Image,False,9,3,3,5
218,sub-01,rh-inferiorparietal,0.5729166666666667,0.07067534927402196,0.47619047619047616,0.6846217136581797,None + Linear-SVM,unconscious,unconscious,False,Image,False,8,5,5,6
219,sub-01,rh-inferiorparietal,0.5578512396694215,-0.12076147288491199,0.33333333333333326,0.6847133621324323,None + Linear-SVM,unconscious,unconscious,False,Image,False,7,3,5,7
220,sub-01,rh-inferiorparietal,0.575,-0.2182178902359924,0.25,0.6820769625079823,None + Linear-SVM,unconscious,unconscious,False,Image,False,6,2,4,8
221,sub-01,rh-inferiorparietal,0.80078125,-0.2182178902359924,0.14285714285714285,0.6317199338119367,None + Linear-SVM,unconscious,unconscious,False,Image,False,3,1,1,11
222,sub-01,rh-inferiorparietal,0.5454545454545454,0.06900655593423542,0.4444444444444445,0.6960204955277439,None + Linear-SVM,unconscious,unconscious,False,Image,False,8,4,4,6
223,sub-01,rh-inferiorparietal,0.6232686980609419,-0.025482359571881278,0.3076923076923077,0.6772844852477529,None + Linear-SVM,unconscious,unconscious,False,Image,False,8,2,3,6
224,sub-01,rh-inferiorparietal,0.5856,0.20645590963700367,0.5833333333333334,0.6814066684147062,None + Linear-SVM,unconscious,unconscious,False,Image,False,8,7,4,6
225,sub-01,rh-inferiorparietal,0.5929752066115703,-0.12076147288491199,0.33333333333333326,0.6812872405956351,None + Linear-SVM,unconscious,unconscious,False,Image,False,7,3,5,7
226,sub-01,rh-inferiorparietal,0.7119113573407202,0.03912303982179758,0.3333333333333333,0.6537272237074874,None + Linear-SVM,unconscious,unconscious,False,Image,False,9,2,3,5
227,sub-01,rh-inferiorparietal,0.7506925207756233,-0.025482359571881278,0.3076923076923077,0.6411085521872946,None + Linear-SVM,unconscious,unconscious,False,Image,False,8,2,3,6
228,sub-01,rh-inferiorparietal,0.4375,-0.3380617018914066,0.2727272727272727,0.7218888464553647,None + Linear-SVM,unconscious,unconscious,False,Image,False,5,3,7,9
229,sub-01,rh-inferiorparietal,0.6900000000000001,0.0657951694959769,0.4,0.6580951308105012,None + Linear-SVM,unconscious,unconscious,False,Image,False,8,3,3,6
230,sub-01,rh-inferiorparietal,0.5206611570247934,-0.12076147288491199,0.33333333333333326,0.7035751377176409,None + Linear-SVM,unconscious,unconscious,False,Image,False,7,3,5,7
231,sub-01,rh-inferiorparietal,0.654320987654321,-0.2672612419124244,0.15384615384615383,0.6731785340559355,None + Linear-SVM,unconscious,unconscious,False,Image,False,6,1,3,8
232,sub-01,rh-inferiorparietal,0.5708884688090736,0.015626907697949846,0.4210526315789474,0.6841858061763479,None + Linear-SVM,unconscious,unconscious,False,Image,False,8,4,5,6
233,sub-01,rh-inferiorparietal,0.6280991735537189,0.3105295017040594,0.6,0.6705794301443225,None + Linear-SVM,unconscious,unconscious,False,Image,False,8,6,2,6
234,sub-01,rh-inferiorparietal,0.6851851851851851,-0.15228622596829317,0.18181818181818182,0.6560838735591799,None + Linear-SVM,unconscious,unconscious,False,Image,False,8,1,3,6
235,sub-01,rh-inferiorparietal,0.7700831024930748,0.21660005636099086,0.4615384615384615,0.6439161028224778,None + Linear-SVM,unconscious,unconscious,False,Image,False,9,3,2,5
236,sub-01,rh-inferiorparietal,0.6485260770975056,-0.2041241452319315,0.25,0.6722184046820023,None + Linear-SVM,unconscious,unconscious,False,Image,False,7,2,5,7
237,sub-01,rh-inferiorparietal,0.562358276643991,-0.06741998624632421,0.3529411764705882,0.6811446023827982,None + Linear-SVM,unconscious,unconscious,False,Image,False,7,3,4,7
238,sub-01,rh-inferiorparietal,0.5344,0.025974025974025976,0.45454545454545453,0.6918108797578397,None + Linear-SVM,unconscious,unconscious,False,Image,False,8,5,6,6
239,sub-01,rh-inferiorparietal,0.595,-0.15352206215727945,0.26666666666666666,0.6787001107072757,None + Linear-SVM,unconscious,unconscious,False,Image,False,7,2,4,7
240,sub-01,rh-inferiorparietal,0.6897506925207756,-0.025482359571881278,0.3076923076923077,0.6588045689595388,None + Linear-SVM,unconscious,unconscious,False,Image,False,8,2,3,6
241,sub-01,rh-inferiorparietal,0.8541666666666666,0.07559289460184544,0.28571428571428575,0.5798085482125855,None + Linear-SVM,unconscious,unconscious,False,Image,False,6,1,1,4
242,sub-01,rh-inferiorparietal,0.654320987654321,0.4332001127219817,0.6666666666666666,0.6571705517362455,None + Linear-SVM,unconscious,unconscious,False,Image,False,8,5,3,2
243,sub-01,rh-inferiorparietal,0.6332703213610585,0.6461538461538462,0.8461538461538461,0.6671459559734053,None + Linear-SVM,unconscious,unconscious,False,Image,False,8,11,2,2
244,sub-01,rh-inferiorparietal,0.667590027700831,0.47193990372426947,0.7058823529411765,0.650365506490574,None + Linear-SVM,unconscious,unconscious,False,Image,False,8,6,3,2
245,sub-01,rh-inferiorparietal,0.8541666666666666,0.15811388300841897,0.3333333333333333,0.5795202212511268,None + Linear-SVM,unconscious,unconscious,False,Image,False,7,1,1,3
246,sub-01,rh-inferiorparietal,0.8,0.5773502691896257,0.7272727272727272,0.622672653256091,None + Linear-SVM,unconscious,unconscious,False,Image,False,8,4,1,2
247,sub-01,rh-inferiorparietal,0.632716049382716,0.325,0.625,0.6618700684422549,None + Linear-SVM,unconscious,unconscious,False,Image,False,7,5,3,3
248,sub-01,rh-inferiorparietal,0.7644444444444445,0.4,0.6,0.6190244052387875,None + Linear-SVM,unconscious,unconscious,False,Image,False,8,3,2,2
249,sub-01,rh-inferiorparietal,0.691358024691358,0.4332001127219817,0.6666666666666666,0.652136067295605,None + Linear-SVM,unconscious,unconscious,False,Image,False,8,5,3,2
250,sub-01,rh-inferiorparietal,0.6814404432132963,0.47193990372426947,0.7058823529411765,0.6568205674845516,None + Linear-SVM,unconscious,unconscious,False,Image,False,8,6,3,2
251,sub-01,rh-inferiorparietal,0.7024221453287197,0.3825184261187248,0.6153846153846153,0.6487862334184875,None + Linear-SVM,unconscious,unconscious,False,Image,False,8,4,3,2
252,sub-01,rh-inferiorparietal,0.80078125,0.4666666666666667,0.6666666666666666,0.6100816667942079,None + Linear-SVM,unconscious,unconscious,False,Image,False,8,4,2,2
253,sub-01,rh-inferiorparietal,0.580498866213152,0.5272727272727272,0.761904761904762,0.683662087058763,None + Linear-SVM,unconscious,unconscious,False,Image,False,8,8,3,2
254,sub-01,rh-inferiorparietal,0.8222222222222222,0.5773502691896257,0.7272727272727272,0.6160031961016068,None + Linear-SVM,unconscious,unconscious,False,Image,False,8,4,1,2
255,sub-01,rh-inferiorparietal,0.6731301939058172,0.47193990372426947,0.7058823529411765,0.649672112317675,None + Linear-SVM,unconscious,unconscious,False,Image,False,8,6,3,2
256,sub-01,rh-inferiorparietal,0.84375,0.6180700462007377,0.7692307692307692,0.5953758639467831,None + Linear-SVM,unconscious,unconscious,False,Image,False,8,5,1,2
257,sub-01,rh-inferiorparietal,0.78125,0.6180700462007377,0.7692307692307692,0.6217508433314467,None + Linear-SVM,unconscious,unconscious,False,Image,False,8,5,1,2
258,sub-01,rh-inferiorparietal,0.4848,0.3595462477533374,0.7142857142857142,0.7170650277092456,None + Linear-SVM,unconscious,unconscious,False,Image,False,7,10,5,3
259,sub-01,rh-inferiorparietal,0.6175,0.502518907629606,0.7368421052631577,0.6732242674268991,None + Linear-SVM,unconscious,unconscious,False,Image,False,8,7,3,2
260,sub-01,rh-inferiorparietal,0.7653061224489797,0.09128709291752768,0.4,0.6118341183813939,None + Linear-SVM,unconscious,unconscious,False,Image,False,6,2,2,4
261,sub-01,rh-inferiorparietal,0.8533333333333333,0.5773502691896257,0.7272727272727272,0.5923557470471424,None + Linear-SVM,unconscious,unconscious,False,Image,False,8,4,1,2
262,sub-01,rh-inferiorparietal,0.6328125,-0.16265001215808886,0.30769230769230765,0.664958266854305,None + Linear-SVM,unconscious,unconscious,False,Image,False,5,2,4,5
263,sub-01,rh-inferiorparietal,0.7469135802469136,0.55,0.75,0.6298839749356682,None + Linear-SVM,unconscious,unconscious,False,Image,False,8,6,2,2
264,sub-01,rh-inferiorparietal,0.49440000000000006,0.29417420270727607,0.6666666666666665,0.7269978548800989,None + Linear-SVM,unconscious,unconscious,False,Image,False,7,9,6,3
265,sub-01,rh-inferiorparietal,0.765625,0.4666666666666667,0.6666666666666666,0.6113048799468646,None + Linear-SVM,unconscious,unconscious,False,Image,False,8,4,2,2
266,sub-01,rh-inferiorparietal,0.6675,0.408248290463863,0.6666666666666665,0.6502587345416078,None + Linear-SVM,unconscious,unconscious,False,Image,False,8,6,4,2
267,sub-01,rh-inferiorparietal,0.654320987654321,0.4332001127219817,0.6666666666666666,0.6574636409090581,None + Linear-SVM,unconscious,unconscious,False,Image,False,8,5,3,2
268,sub-01,rh-inferiorparietal,0.671875,0.0,0.42857142857142855,0.6521038695672046,None + Linear-SVM,unconscious,unconscious,False,Image,False,5,3,3,5
269,sub-01,rh-inferiorparietal,0.9097222222222221,0.07559289460184544,0.28571428571428575,0.5694566877413044,None + Linear-SVM,unconscious,unconscious,False,Image,False,6,1,1,4
270,sub-01,rh-inferiorparietal,0.5925925925925927,0.31622776601683794,0.5714285714285715,0.6826412963288543,None + Linear-SVM,unconscious,unconscious,False,Image,False,8,4,4,2
271,sub-01,rh-inferiorparietal,0.6888888888888889,0.09449111825230681,0.4615384615384615,0.6316743786390284,None + Linear-SVM,unconscious,unconscious,False,Image,False,5,3,2,5
272,sub-01,rh-inferiorparietal,0.6530612244897959,0.5272727272727272,0.761904761904762,0.659434904521404,None + Linear-SVM,unconscious,unconscious,False,Image,False,8,8,3,2
273,sub-01,rh-inferiorparietal,0.6574074074074073,0.4332001127219817,0.6666666666666666,0.6571617523075619,None + Linear-SVM,unconscious,unconscious,False,Image,False,8,5,3,2
274,sub-01,rh-inferiorparietal,0.8133333333333334,0.4,0.6,0.604380024192853,None + Linear-SVM,unconscious,unconscious,False,Image,False,8,3,2,2
275,sub-01,rh-inferiorparietal,0.88,0.5773502691896257,0.7272727272727272,0.5812477222873118,None + Linear-SVM,unconscious,unconscious,False,Image,False,8,4,1,2
276,sub-01,rh-inferiorparietal,0.5325,0.10050378152592121,0.5263157894736842,0.714984664172948,None + Linear-SVM,unconscious,unconscious,False,Image,False,6,5,5,4
277,sub-01,rh-inferiorparietal,0.78515625,0.4666666666666667,0.6666666666666666,0.615272745612656,None + Linear-SVM,unconscious,unconscious,False,Image,False,8,4,2,2
278,sub-01,rh-inferiorparietal,0.6080246913580247,0.0,0.47058823529411764,0.6853122731752358,None + Linear-SVM,unconscious,unconscious,False,Image,False,5,4,4,5
279,sub-01,rh-inferiorparietal,0.7244897959183674,0.18856180831641267,0.4444444444444445,0.6347257961274381,None + Linear-SVM,unconscious,unconscious,False,Image,False,7,2,2,3
280,sub-01,rh-inferiorparietal,0.6204986149584488,0.05555555555555555,0.5263157894736842,0.6696654164367607,None + Linear-SVM,unconscious,unconscious,False,Image,False,5,5,4,5
281,sub-01,rh-inferiorparietal,0.70679012345679,0.55,0.75,0.6308351743587888,None + Linear-SVM,unconscious,unconscious,False,Image,False,8,6,2,2
282,sub-01,rh-inferiorparietal,0.7755102040816327,0.3,0.5,0.6153755475552123,None + Linear-SVM,unconscious,unconscious,False,Image,False,8,2,2,2
283,sub-01,rh-inferiorparietal,0.888888888888889,0.5773502691896257,0.7272727272727272,0.584128780749033,None + Linear-SVM,unconscious,unconscious,False,Image,False,8,4,1,2
284,sub-01,rh-inferiorparietal,0.6989619377162629,0.3825184261187248,0.6153846153846153,0.6511971552347906,None + Linear-SVM,unconscious,unconscious,False,Image,False,8,4,3,2
285,sub-01,rh-inferiorparietal,0.6366782006920415,0.07042952122737638,0.5,0.6646285744427113,None + Linear-SVM,unconscious,unconscious,False,Image,False,5,4,3,5
286,sub-01,rh-inferiorparietal,0.5873015873015872,0.4403855060505442,0.7000000000000001,0.6710457716230993,None + Linear-SVM,unconscious,unconscious,False,Image,False,8,7,4,2
287,sub-01,rh-inferiorparietal,0.66015625,0.0,0.42857142857142855,0.6558954597824446,None + Linear-SVM,unconscious,unconscious,False,Image,False,5,3,3,5
288,sub-01,rh-inferiorparietal,0.7511111111111111,0.4,0.6,0.625557431062821,None + Linear-SVM,unconscious,unconscious,False,Image,False,8,3,2,2
289,sub-01,rh-inferiorparietal,0.68,0.16666666666666666,0.5,0.6700123979956781,None + Linear-SVM,unconscious,unconscious,False,Image,False,2,1,1,1
290,sub-01,rh-inferiorparietal,0.3553719008264462,0.2608745973749754,0.7142857142857143,0.7516385221896841,None + Linear-SVM,unconscious,unconscious,False,Image,False,2,5,3,1
291,sub-01,rh-inferiorparietal,0.3671875,0.6201736729460423,0.8695652173913044,0.7408635358105223,None + Linear-SVM,unconscious,unconscious,False,Image,False,3,10,3,0
292,sub-01,rh-inferiorparietal,0.4444444444444444,0.6831300510639732,0.8750000000000001,0.7287451476822396,None + Linear-SVM,unconscious,unconscious,False,Image,False,3,7,2,0
293,sub-01,rh-inferiorparietal,0.6,0.16666666666666666,0.5,0.6662188946867571,None + Linear-SVM,unconscious,unconscious,False,Image,False,2,1,1,1
294,sub-01,rh-inferiorparietal,0.515625,0.4472135954999579,0.5714285714285715,0.713607894190458,None + Linear-SVM,unconscious,unconscious,False,Image,False,3,2,3,0
295,sub-01,rh-inferiorparietal,0.3884297520661157,0.5590169943749475,0.7692307692307693,0.7483187286981473,None + Linear-SVM,unconscious,unconscious,False,Image,False,3,5,3,0
296,sub-01,rh-inferiorparietal,0.515625,0.6,0.7499999999999999,0.7026984424926143,None + Linear-SVM,unconscious,unconscious,False,Image,False,3,3,2,0
297,sub-01,rh-inferiorparietal,0.3553719008264462,0.2608745973749754,0.7142857142857143,0.7339367720150147,None + Linear-SVM,unconscious,unconscious,False,Image,False,2,5,3,1
298,sub-01,rh-inferiorparietal,0.3958333333333333,0.408248290463863,0.6153846153846153,0.7402168631651705,None + Linear-SVM,unconscious,unconscious,False,Image,False,3,4,5,0
299,sub-01,rh-inferiorparietal,0.43,0.5345224838248488,0.7272727272727273,0.7322551935454371,None + Linear-SVM,unconscious,unconscious,False,Image,False,3,4,3,0
300,sub-01,rh-inferiorparietal,0.5679012345679012,0.6324555320336759,0.8,0.6842547769817666,None + Linear-SVM,unconscious,unconscious,False,Image,False,3,4,2,0
301,sub-01,rh-inferiorparietal,0.29081632653061223,0.5222329678670935,0.7777777777777778,0.7731769452865638,None + Linear-SVM,unconscious,unconscious,False,Image,False,3,7,4,0
302,sub-01,rh-inferiorparietal,0.546875,0.6,0.7499999999999999,0.704405428953493,None + Linear-SVM,unconscious,unconscious,False,Image,False,3,3,2,0
303,sub-01,rh-inferiorparietal,0.4027777777777778,0.29277002188455997,0.75,0.728760152077936,None + Linear-SVM,unconscious,unconscious,False,Image,False,2,6,3,1
304,sub-01,rh-inferiorparietal,0.691358024691358,0.7905694150420948,0.9090909090909091,0.6570546960545038,None + Linear-SVM,unconscious,unconscious,False,Image,False,3,5,1,0
305,sub-01,rh-inferiorparietal,0.5432098765432098,0.6324555320336759,0.8,0.7055720356242743,None + Linear-SVM,unconscious,unconscious,False,Image,False,3,4,2,0
306,sub-01,rh-inferiorparietal,0.2006172839506173,0.2,0.7200000000000001,0.8034339068838127,None + Linear-SVM,unconscious,unconscious,False,Image,False,2,9,6,1
307,sub-01,rh-inferiorparietal,0.36094674556213013,0.5916079783099616,0.8235294117647058,0.759505514716433,None + Linear-SVM,unconscious,unconscious,False,Image,False,3,7,3,0
308,sub-01,rh-inferiorparietal,0.5102040816326531,0.16666666666666666,0.5714285714285715,0.7027385403691335,None + Linear-SVM,unconscious,unconscious,False,Image,False,2,2,2,1
309,sub-01,rh-inferiorparietal,0.59375,0.6,0.7499999999999999,0.677525530545908,None + Linear-SVM,unconscious,unconscious,False,Image,False,3,3,2,0
310,sub-01,rh-inferiorparietal,0.33333333333333337,0.0,0.4444444444444444,0.7718221906333306,None + Linear-SVM,unconscious,unconscious,False,Image,False,2,2,4,1
311,sub-01,rh-inferiorparietal,0.4958677685950413,0.6708203932499369,0.8571428571428571,0.7087195316665568,None + Linear-SVM,unconscious,unconscious,False,Image,False,3,6,2,0
312,sub-01,rh-inferiorparietal,0.20370370370370372,0.2,0.7200000000000001,0.8276507845660769,None + Linear-SVM,unconscious,unconscious,False,Image,False,2,9,6,1
313,sub-01,rh-inferiorparietal,0.4814814814814815,0.6324555320336759,0.8,0.6928473738659982,None + Linear-SVM,unconscious,unconscious,False,Image,False,3,4,2,0
314,sub-01,rh-inferiorparietal,0.4082840236686391,0.14085904245475275,0.625,0.7460598001662133,None + Linear-SVM,unconscious,unconscious,False,Image,False,2,5,5,1
315,sub-01,rh-inferiorparietal,0.35537190082644626,0.2608745973749754,0.7142857142857143,0.74840776325481,None + Linear-SVM,unconscious,unconscious,False,Image,False,2,5,3,1
316,sub-01,rh-inferiorparietal,0.3827160493827161,0.15811388300841897,0.6,0.7590028964196667,None + Linear-SVM,unconscious,unconscious,False,Image,False,2,3,3,1
317,sub-01,rh-inferiorparietal,0.7200000000000001,0.16666666666666666,0.5,0.6249398270044212,None + Linear-SVM,unconscious,unconscious,False,Image,False,2,1,1,1
318,sub-01,rh-inferiorparietal,0.32231404958677684,0.14907119849998599,0.6153846153846154,0.7814138090060084,None + Linear-SVM,unconscious,unconscious,False,Image,False,2,4,4,1
319,sub-01,rh-inferiorparietal,0.453125,0.2581988897471611,0.6666666666666665,0.7424176312423305,None + Linear-SVM,unconscious,unconscious,False,Image,False,2,3,2,1
320,sub-01,rh-inferiorparietal,0.36224489795918363,0.6030226891555273,0.8421052631578948,0.7358548980959905,None + Linear-SVM,unconscious,unconscious,False,Image,False,3,8,3,0
321,sub-01,rh-inferiorparietal,0.36363636363636365,0.14907119849998599,0.6153846153846154,0.743056412549888,None + Linear-SVM,unconscious,unconscious,False,Image,False,2,4,4,1
322,sub-01,rh-inferiorparietal,0.5625,0.6,0.7499999999999999,0.6882811715019674,None + Linear-SVM,unconscious,unconscious,False,Image,False,3,3,2,0
323,sub-01,rh-inferiorparietal,0.65625,0.6,0.7499999999999999,0.6583063046223422,None + Linear-SVM,unconscious,unconscious,False,Image,False,3,3,2,0
324,sub-01,rh-inferiorparietal,0.21893491124260353,-0.03042903097250923,0.4285714285714285,0.8300244303519353,None + Linear-SVM,unconscious,unconscious,False,Image,False,2,3,7,1
325,sub-01,rh-inferiorparietal,0.5061728395061729,0.31622776601683794,0.7272727272727272,0.7037085437683137,None + Linear-SVM,unconscious,unconscious,False,Image,False,2,4,2,1
326,sub-01,rh-inferiorparietal,0.3305785123966942,0.14907119849998599,0.6153846153846154,0.7846128121653894,None + Linear-SVM,unconscious,unconscious,False,Image,False,2,4,4,1
327,sub-01,rh-inferiorparietal,0.4693877551020408,0.16666666666666666,0.5714285714285715,0.7365397429968067,None + Linear-SVM,unconscious,unconscious,False,Image,False,2,2,2,1
328,sub-01,rh-inferiorparietal,0.33333333333333337,0.19245008972987526,0.6666666666666667,0.7538301997263948,None + Linear-SVM,unconscious,unconscious,False,Image,False,2,5,4,1
329,sub-01,rh-inferiorparietal,0.44628099173553715,0.6708203932499369,0.8571428571428571,0.7120646823981003,None + Linear-SVM,unconscious,unconscious,False,Image,False,3,6,2,0
330,sub-01,rh-inferiorparietal,0.5102040816326531,0.16666666666666666,0.5714285714285715,0.7080891939514603,None + Linear-SVM,unconscious,unconscious,False,Image,False,2,2,2,1
331,sub-01,rh-inferiorparietal,0.703125,0.7745966692414834,0.888888888888889,0.653525665613196,None + Linear-SVM,unconscious,unconscious,False,Image,False,3,4,1,0
332,sub-01,rh-inferiorparietal,0.41,0.3563483225498992,0.7692307692307692,0.7350473275414287,None + Linear-SVM,unconscious,unconscious,False,Image,False,2,5,2,1
333,sub-01,rh-inferiorparietal,0.39,0.2182178902359924,0.6666666666666666,0.7533783512853283,None + Linear-SVM,unconscious,unconscious,False,Image,False,2,4,3,1
334,sub-01,rh-inferiorparietal,0.3112244897959184,0.5222329678670935,0.7777777777777778,0.7605422364259059,None + Linear-SVM,unconscious,unconscious,False,Image,False,3,7,4,0
335,sub-01,rh-inferiorparietal,0.3827160493827161,0.15811388300841897,0.6,0.7501151111813621,None + Linear-SVM,unconscious,unconscious,False,Image,False,2,3,3,1
336,sub-01,rh-inferiorparietal,0.5,0.6,0.7499999999999999,0.7085728359032002,None + Linear-SVM,unconscious,unconscious,False,Image,False,3,3,2,0
337,sub-01,rh-inferiorparietal,0.6942148760330579,-0.6236095644623235,0.0,0.6302643018598117,None + Linear-SVM,unconscious,unconscious,False,Image,False,2,0,2,7
338,sub-01,rh-inferiorparietal,0.5328719723183392,-0.07042952122737638,0.39999999999999997,0.6920664256227697,None + Linear-SVM,unconscious,unconscious,False,Image,False,5,3,5,4
339,sub-01,rh-inferiorparietal,0.5268595041322314,0.20254787341673333,0.608695652173913,0.6951384933591516,None + Linear-SVM,unconscious,unconscious,False,Image,False,6,7,6,3
340,sub-01,rh-inferiorparietal,0.558641975308642,0.22360679774997896,0.5882352941176471,0.6865201216407164,None + Linear-SVM,unconscious,unconscious,False,Image,False,6,5,4,3
341,sub-01,rh-inferiorparietal,0.7107438016528926,-0.5163977794943223,0.0,0.6304974527917496,None + Linear-SVM,unconscious,unconscious,False,Image,False,3,0,2,6
342,sub-01,rh-inferiorparietal,0.6581632653061225,-0.04303314829119352,0.3636363636363636,0.6620214645880375,None + Linear-SVM,unconscious,unconscious,False,Image,False,5,2,3,4
343,sub-01,rh-inferiorparietal,0.57439446366782,0.42600643361512924,0.6153846153846154,0.6922193297071727,None + Linear-SVM,unconscious,unconscious,False,Image,False,8,4,4,1
344,sub-01,rh-inferiorparietal,0.7142857142857143,0.37777777777777777,0.6,0.6550174557306665,None + Linear-SVM,unconscious,unconscious,False,Image,False,7,3,2,2
345,sub-01,rh-inferiorparietal,0.57439446366782,0.1690308509457033,0.5333333333333333,0.6789592226242528,None + Linear-SVM,unconscious,unconscious,False,Image,False,6,4,4,3
346,sub-01,rh-inferiorparietal,0.5339506172839507,0.0,0.47058823529411764,0.6840671475232476,None + Linear-SVM,unconscious,unconscious,False,Image,False,5,4,5,4
347,sub-01,rh-inferiorparietal,0.5703125,0.1259881576697424,0.5333333333333333,0.6785447738884444,None + Linear-SVM,unconscious,unconscious,False,Image,False,5,4,3,4
348,sub-01,rh-inferiorparietal,0.7555555555555555,0.32732683535398854,0.6153846153846153,0.6382741406103106,None + Linear-SVM,unconscious,unconscious,False,Image,False,6,4,2,3
349,sub-01,rh-inferiorparietal,0.48750000000000004,0.21212121212121213,0.6,0.7079728247525874,None + Linear-SVM,unconscious,unconscious,False,Image,False,6,6,5,3
350,sub-01,rh-inferiorparietal,0.6326530612244898,-0.04303314829119352,0.3636363636363636,0.6597174694401079,None + Linear-SVM,unconscious,unconscious,False,Image,False,5,2,3,4
351,sub-01,rh-inferiorparietal,0.5802469135802469,0.11396057645963795,0.5,0.6784768462005845,None + Linear-SVM,unconscious,unconscious,False,Image,False,6,4,5,3
352,sub-01,rh-inferiorparietal,0.8177777777777778,0.4444444444444444,0.6666666666666666,0.6288442957535755,None + Linear-SVM,unconscious,unconscious,False,Image,False,7,4,2,2
353,sub-01,rh-inferiorparietal,0.6266666666666667,-0.05455447255899809,0.42857142857142855,0.6587556065273944,None + Linear-SVM,unconscious,unconscious,False,Image,False,4,3,3,5
354,sub-01,rh-inferiorparietal,0.3611111111111111,-0.04364357804719848,0.48,0.7421205589139664,None + Linear-SVM,unconscious,unconscious,False,Image,False,5,6,9,4
355,sub-01,rh-inferiorparietal,0.4930747922437673,0.05555555555555555,0.5263157894736842,0.7065775230011578,None + Linear-SVM,unconscious,unconscious,False,Image,False,5,5,5,4
356,sub-01,rh-inferiorparietal,0.6390532544378698,-0.18446619684315546,0.22222222222222224,0.6577058937156793,None + Linear-SVM,unconscious,unconscious,False,Image,False,5,1,3,4
357,sub-01,rh-inferiorparietal,0.75,0.25819888974716115,0.5454545454545454,0.6387113487620147,None + Linear-SVM,unconscious,unconscious,False,Image,False,6,3,2,3
358,sub-01,rh-inferiorparietal,0.48,-0.49099025303098287,0.15384615384615383,0.692078471418314,None + Linear-SVM,unconscious,unconscious,False,Image,False,3,1,5,6
359,sub-01,rh-inferiorparietal,0.6782006920415224,0.408491223118783,0.6666666666666666,0.6563410331081637,None + Linear-SVM,unconscious,unconscious,False,Image,False,7,5,3,2
360,sub-01,rh-inferiorparietal,0.3645833333333333,0.021591675854376522,0.5384615384615385,0.7602959439006199,None + Linear-SVM,unconscious,unconscious,False,Image,False,5,7,8,4
361,sub-01,rh-inferiorparietal,0.6577777777777778,0.28867513459481287,0.5454545454545454,0.6613879048920525,None + Linear-SVM,unconscious,unconscious,False,Image,False,7,3,3,2
362,sub-01,rh-inferiorparietal,0.554016620498615,0.1685499656158105,0.5555555555555556,0.6939476327755917,None + Linear-SVM,unconscious,unconscious,False,Image,False,6,5,5,3
363,sub-01,rh-inferiorparietal,0.4948096885813149,-0.18055555555555555,0.375,0.6918456566299891,None + Linear-SVM,unconscious,unconscious,False,Image,False,4,3,5,5
364,sub-01,rh-inferiorparietal,0.5333333333333333,-0.21821789023599236,0.30769230769230765,0.6928737781978188,None + Linear-SVM,unconscious,unconscious,False,Image,False,4,2,4,5
365,sub-01,rh-inferiorparietal,0.8429752066115702,-0.24056261216234406,0.2,0.6061826800634471,None + Linear-SVM,unconscious,unconscious,False,Image,False,2,1,1,7
366,sub-01,rh-inferiorparietal,0.5294117647058824,0.1690308509457033,0.5333333333333333,0.7115182734659475,None + Linear-SVM,unconscious,unconscious,False,Image,False,6,4,4,3
367,sub-01,rh-inferiorparietal,0.6122448979591837,0.06666666666666667,0.4000000000000001,0.6817612162241237,None + Linear-SVM,unconscious,unconscious,False,Image,False,6,2,3,3
368,sub-01,rh-inferiorparietal,0.5625,0.30151134457776363,0.6666666666666666,0.6875658907146571,None + Linear-SVM,unconscious,unconscious,False,Image,False,6,7,4,3
369,sub-01,rh-inferiorparietal,0.5363321799307958,-0.18055555555555555,0.375,0.6882103729402285,None + Linear-SVM,unconscious,unconscious,False,Image,False,4,3,5,5
370,sub-01,rh-inferiorparietal,0.7193877551020408,0.14907119849998599,0.5,0.6480988735733854,None + Linear-SVM,unconscious,unconscious,False,Image,False,5,3,2,4
371,sub-01,rh-inferiorparietal,0.7959183673469388,0.25819888974716115,0.5454545454545454,0.6207110996186306,None + Linear-SVM,unconscious,unconscious,False,Image,False,6,3,2,3
372,sub-01,rh-inferiorparietal,0.3490304709141274,-0.47193990372426947,0.22222222222222224,0.7456951641003258,None + Linear-SVM,unconscious,unconscious,False,Image,False,3,2,8,6
373,sub-01,rh-inferiorparietal,0.7111111111111111,0.16666666666666666,0.5,0.6601770228026111,None + Linear-SVM,unconscious,unconscious,False,Image,False,6,3,3,3
374,sub-01,rh-inferiorparietal,0.5017301038062284,-0.07042952122737638,0.39999999999999997,0.7146643623348907,None + Linear-SVM,unconscious,unconscious,False,Image,False,5,3,5,4
375,sub-01,rh-inferiorparietal,0.6272189349112426,-0.2828894749305018,0.2,0.6717602042571265,None + Linear-SVM,unconscious,unconscious,False,Image,False,4,1,3,5
376,sub-01,rh-inferiorparietal,0.5,0.0,0.47058823529411764,0.6983242394014597,None + Linear-SVM,unconscious,unconscious,False,Image,False,5,4,5,4
377,sub-01,rh-inferiorparietal,0.6055363321799307,0.1690308509457033,0.5333333333333333,0.6749426981486818,None + Linear-SVM,unconscious,unconscious,False,Image,False,6,4,4,3
378,sub-01,rh-inferiorparietal,0.7218934911242603,0.05143444998736397,0.4,0.6544767614327378,None + Linear-SVM,unconscious,unconscious,False,Image,False,5,2,2,4
379,sub-01,rh-inferiorparietal,0.8010204081632653,0.37777777777777777,0.6,0.6310693606575185,None + Linear-SVM,unconscious,unconscious,False,Image,False,7,3,2,2
380,sub-01,rh-inferiorparietal,0.55078125,0.1259881576697424,0.5333333333333333,0.6811224382365976,None + Linear-SVM,unconscious,unconscious,False,Image,False,5,4,3,4
381,sub-01,rh-inferiorparietal,0.53125,-0.1259881576697424,0.39999999999999997,0.6971913298136676,None + Linear-SVM,unconscious,unconscious,False,Image,False,4,3,4,5
382,sub-01,rh-inferiorparietal,0.51,0.32824397594488725,0.631578947368421,0.7015753014572337,None + Linear-SVM,unconscious,unconscious,False,Image,False,7,6,5,2
383,sub-01,rh-inferiorparietal,0.5333333333333333,-0.32732683535398854,0.28571428571428575,0.6886311872837655,None + Linear-SVM,unconscious,unconscious,False,Image,False,3,2,4,6
384,sub-01,rh-inferiorparietal,0.7193877551020408,0.25819888974716115,0.5454545454545454,0.6529277519538802,None + Linear-SVM,unconscious,unconscious,False,Image,False,6,3,2,3
385,sub-01,rh-inferiorparietal,0.7999999999999999,-0.3273268353539886,0.0,0.6128409656649303,None + Linear-SVM,unconscious,unconscious,False,Image,False,5,0,2,3
386,sub-01,rh-inferiorparietal,0.578125,0.2581988897471611,0.5714285714285715,0.6888308544528219,None + Linear-SVM,unconscious,unconscious,False,Image,False,6,4,4,2
387,sub-01,rh-inferiorparietal,0.5578231292517007,0.35527985620321373,0.6956521739130435,0.6930725500322497,None + Linear-SVM,unconscious,unconscious,False,Image,False,6,8,5,2
388,sub-01,rh-inferiorparietal,0.6332179930795848,0.4166666666666667,0.7058823529411765,0.6720523452080825,None + Linear-SVM,unconscious,unconscious,False,Image,False,6,6,3,2
389,sub-01,rh-inferiorparietal,0.78,-0.4082482904638631,0.0,0.6174228403626572,None + Linear-SVM,unconscious,unconscious,False,Image,False,4,0,2,4
390,sub-01,rh-inferiorparietal,0.7218934911242604,0.15811388300841897,0.4444444444444445,0.6581253193916863,None + Linear-SVM,unconscious,unconscious,False,Image,False,6,2,3,2
391,sub-01,rh-inferiorparietal,0.6328125,0.3779644730092272,0.6666666666666666,0.676591000219766,None + Linear-SVM,unconscious,unconscious,False,Image,False,6,5,3,2
392,sub-01,rh-inferiorparietal,0.7337278106508875,0.5006939628599933,0.6666666666666665,0.6493084264637191,None + Linear-SVM,unconscious,unconscious,False,Image,False,7,3,2,1
393,sub-01,rh-inferiorparietal,0.59765625,0.2581988897471611,0.5714285714285715,0.6753229088446477,None + Linear-SVM,unconscious,unconscious,False,Image,False,6,4,4,2
394,sub-01,rh-inferiorparietal,0.5951557093425606,0.09128709291752769,0.42857142857142855,0.6830514935559568,None + Linear-SVM,unconscious,unconscious,False,Image,False,6,3,6,2
395,sub-01,rh-inferiorparietal,0.6577777777777778,0.32732683535398854,0.6153846153846153,0.6685805436637371,None + Linear-SVM,unconscious,unconscious,False,Image,False,6,4,3,2
396,sub-01,rh-inferiorparietal,0.7755102040816327,0.5594309277855158,0.7272727272727272,0.6318926200550764,None + Linear-SVM,unconscious,unconscious,False,Image,False,7,4,2,1
397,sub-01,rh-inferiorparietal,0.4986149584487535,0.3820465887291705,0.7000000000000001,0.7116387177390707,None + Linear-SVM,unconscious,unconscious,False,Image,False,6,7,4,2
398,sub-01,rh-inferiorparietal,0.7396449704142011,0.35,0.6,0.6458351483349093,None + Linear-SVM,unconscious,unconscious,False,Image,False,6,3,2,2
399,sub-01,rh-inferiorparietal,0.5986159169550174,0.3098898934004561,0.6250000000000001,0.6727658917940639,None + Linear-SVM,unconscious,unconscious,False,Image,False,6,5,4,2
400,sub-01,rh-inferiorparietal,0.8673469387755102,0.8606629658238705,0.9090909090909091,0.6202995932288875,None + Linear-SVM,unconscious,unconscious,False,Image,False,8,5,1,0
401,sub-01,rh-inferiorparietal,0.7091836734693877,0.25819888974716115,0.5454545454545454,0.6505575020324426,None + Linear-SVM,unconscious,unconscious,False,Image,False,6,3,3,2
402,sub-01,rh-inferiorparietal,0.41776937618147447,0.2802242691589025,0.7142857142857142,0.7405886912102275,None + Linear-SVM,unconscious,unconscious,False,Image,False,5,10,5,3
403,sub-01,rh-inferiorparietal,0.5493827160493827,0.35,0.6666666666666665,0.6991354303545427,None + Linear-SVM,unconscious,unconscious,False,Image,False,6,6,4,2
404,sub-01,rh-inferiorparietal,0.7500000000000001,0.25,0.5,0.6449254011060718,None + Linear-SVM,unconscious,unconscious,False,Image,False,6,2,2,2
405,sub-01,rh-inferiorparietal,0.8165680473372781,0.35,0.6,0.6236785176001706,None + Linear-SVM,unconscious,unconscious,False,Image,False,6,3,2,2
406,sub-01,rh-inferiorparietal,0.510204081632653,-0.16666666666666666,0.3333333333333333,0.6958003222840794,None + Linear-SVM,unconscious,unconscious,False,Image,False,4,2,4,4
407,sub-01,rh-inferiorparietal,0.66015625,0.2581988897471611,0.5714285714285715,0.6612438394030995,None + Linear-SVM,unconscious,unconscious,False,Image,False,6,4,4,2
408,sub-01,rh-inferiorparietal,0.3648393194706994,0.21144501580551553,0.5833333333333334,0.7653595333114791,None + Linear-SVM,unconscious,unconscious,False,Image,False,6,7,8,2
409,sub-01,rh-inferiorparietal,0.7448979591836735,0.5594309277855158,0.7272727272727272,0.6413462315363073,None + Linear-SVM,unconscious,unconscious,False,Image,False,7,4,2,1
410,sub-01,rh-inferiorparietal,0.5864197530864198,0.35,0.6666666666666665,0.6886591546653665,None + Linear-SVM,unconscious,unconscious,False,Image,False,6,6,4,2
411,sub-01,rh-inferiorparietal,0.578125,0.1259881576697424,0.5333333333333333,0.6854219926660332,None + Linear-SVM,unconscious,unconscious,False,Image,False,5,4,4,3
412,sub-01,rh-inferiorparietal,0.5306122448979592,-0.04303314829119352,0.3636363636363636,0.6874974469293207,None + Linear-SVM,unconscious,unconscious,False,Image,False,5,2,4,3
413,sub-01,rh-inferiorparietal,0.8500000000000001,-0.10206207261596577,0.25,0.5967640743384671,None + Linear-SVM,unconscious,unconscious,False,Image,False,3,1,1,5
414,sub-01,rh-inferiorparietal,0.5546875,0.2581988897471611,0.5714285714285715,0.706291221310821,None + Linear-SVM,unconscious,unconscious,False,Image,False,6,4,4,2
415,sub-01,rh-inferiorparietal,0.6745562130177515,0.5393598899705937,0.5714285714285715,0.6683619613357847,None + Linear-SVM,unconscious,unconscious,False,Image,False,8,2,3,0
416,sub-01,rh-inferiorparietal,0.6149584487534626,0.5955432118425306,0.7999999999999999,0.683412496474339,None + Linear-SVM,unconscious,unconscious,False,Image,False,7,8,3,1
417,sub-01,rh-inferiorparietal,0.56640625,0.1259881576697424,0.5333333333333333,0.6858206148308905,None + Linear-SVM,unconscious,unconscious,False,Image,False,5,4,4,3
418,sub-01,rh-inferiorparietal,0.727810650887574,0.35,0.6,0.6397672683407383,None + Linear-SVM,unconscious,unconscious,False,Image,False,6,3,2,2
419,sub-01,rh-inferiorparietal,0.834319526627219,0.35,0.6,0.6079720933609156,None + Linear-SVM,unconscious,unconscious,False,Image,False,6,3,2,2
420,sub-01,rh-inferiorparietal,0.3333333333333333,-0.20385887657505022,0.3529411764705882,0.7527939534812301,None + Linear-SVM,unconscious,unconscious,False,Image,False,4,3,7,4
421,sub-01,rh-inferiorparietal,0.7040816326530612,0.25819888974716115,0.5454545454545454,0.6468113793991918,None + Linear-SVM,unconscious,unconscious,False,Image,False,6,3,3,2
422,sub-01,rh-inferiorparietal,0.50390625,0.1259881576697424,0.5333333333333333,0.7098138398357094,None + Linear-SVM,unconscious,unconscious,False,Image,False,5,4,4,3
423,sub-01,rh-inferiorparietal,0.6944444444444444,0.11952286093343936,0.4444444444444445,0.66425223056414,None + Linear-SVM,unconscious,unconscious,False,Image,False,5,2,2,3
424,sub-01,rh-inferiorparietal,0.5224913494809689,0.2030905986149808,0.5333333333333333,0.6947420586982408,None + Linear-SVM,unconscious,unconscious,False,Image,False,6,4,5,2
425,sub-01,rh-inferiorparietal,0.67578125,0.629940788348712,0.7999999999999999,0.661658605437174,None + Linear-SVM,unconscious,unconscious,False,Image,False,7,6,2,1
426,sub-01,rh-inferiorparietal,0.7222222222222223,0.25,0.5,0.651894869856649,None + Linear-SVM,unconscious,unconscious,False,Image,False,6,2,2,2
427,sub-01,rh-inferiorparietal,0.863905325443787,0.675,0.8000000000000002,0.6185259730034539,None + Linear-SVM,unconscious,unconscious,False,Image,False,7,4,1,1
428,sub-01,rh-inferiorparietal,0.6133333333333333,0.19642857142857142,0.5714285714285714,0.6776008111285424,None + Linear-SVM,unconscious,unconscious,False,Image,False,5,4,3,3
429,sub-01,rh-inferiorparietal,0.5333333333333333,0.05455447255899809,0.4615384615384615,0.6947638446754495,None + Linear-SVM,unconscious,unconscious,False,Image,False,5,3,4,3
430,sub-01,rh-inferiorparietal,0.5623268698060941,0.3820465887291705,0.7000000000000001,0.6986378845263853,None + Linear-SVM,unconscious,unconscious,False,Image,False,6,7,4,2
431,sub-01,rh-inferiorparietal,0.5612244897959184,-0.16666666666666666,0.3333333333333333,0.6831747417639403,None + Linear-SVM,unconscious,unconscious,False,Image,False,4,2,4,4
432,sub-01,rh-inferiorparietal,0.7159763313609468,0.35,0.6,0.6503385213670138,None + Linear-SVM,unconscious,unconscious,False,Image,False,6,3,2,2
433,sub-01,rh-inferiorparietal,0.65,-0.6123724356957946,0.0,0.6648482817506567,None + Linear-SVM,unconscious,unconscious,False,Image,False,2,0,2,6
434,sub-01,rh-inferiorparietal,0.4296875,-0.25,0.375,0.7202336762749857,None + Linear-SVM,unconscious,unconscious,False,Image,False,3,3,5,5
435,sub-01,rh-inferiorparietal,0.47392290249433106,0.1589409883014377,0.608695652173913,0.7050982526589986,None + Linear-SVM,unconscious,unconscious,False,Image,False,5,7,6,3
436,sub-01,rh-inferiorparietal,0.5190311418685121,-0.05555555555555555,0.47058823529411764,0.7020876566940535,None + Linear-SVM,unconscious,unconscious,False,Image,False,4,4,5,4
437,sub-01,rh-inferiorparietal,0.62,-0.6123724356957946,0.0,0.6753964774362494,None + Linear-SVM,unconscious,unconscious,False,Image,False,2,0,2,6
438,sub-01,rh-inferiorparietal,0.5621301775147929,-0.35,0.3076923076923077,0.6943435208398367,None + Linear-SVM,unconscious,unconscious,False,Image,False,2,2,3,6
439,sub-01,rh-inferiorparietal,0.5078125,0.1259881576697424,0.5333333333333333,0.7166722394818663,None + Linear-SVM,unconscious,unconscious,False,Image,False,5,4,4,3
440,sub-01,rh-inferiorparietal,0.6272189349112426,0.025,0.4000000000000001,0.684495802739953,None + Linear-SVM,unconscious,unconscious,False,Image,False,5,2,3,3
441,sub-01,rh-inferiorparietal,0.5078125,0.13483997249264842,0.4615384615384615,0.7053351617394606,None + Linear-SVM,unconscious,unconscious,False,Image,False,6,3,5,2
442,sub-01,rh-inferiorparietal,0.3875432525951557,-0.408491223118783,0.25,0.7169299649867182,None + Linear-SVM,unconscious,unconscious,False,Image,False,3,2,7,5
443,sub-01,rh-inferiorparietal,0.4444444444444444,-0.3392857142857143,0.2857142857142857,0.7115563218962928,None + Linear-SVM,unconscious,unconscious,False,Image,False,3,2,5,5
444,sub-01,rh-inferiorparietal,0.5510204081632653,-0.16666666666666666,0.3333333333333333,0.6891009564336866,None + Linear-SVM,unconscious,unconscious,False,Image,False,4,2,4,4
445,sub-01,rh-inferiorparietal,0.3656509695290859,-0.13636363636363635,0.4210526315789474,0.7341072446785099,None + Linear-SVM,unconscious,unconscious,False,Image,False,4,4,7,4
446,sub-01,rh-inferiorparietal,0.621301775147929,0.025,0.4000000000000001,0.6863570858415909,None + Linear-SVM,unconscious,unconscious,False,Image,False,5,2,3,3
447,sub-01,rh-inferiorparietal,0.532871972318339,-0.18055555555555555,0.4444444444444444,0.6987014281310852,None + Linear-SVM,unconscious,unconscious,False,Image,False,3,4,5,5
448,sub-01,rh-inferiorparietal,0.7295918367346939,0.125,0.5,0.6526012954963739,None + Linear-SVM,unconscious,unconscious,False,Image,False,5,3,3,3
449,sub-01,rh-inferiorparietal,0.5510204081632653,-0.04303314829119352,0.3636363636363636,0.6915345266539648,None + Linear-SVM,unconscious,unconscious,False,Image,False,5,2,4,3
450,sub-01,rh-inferiorparietal,0.29678638941398866,-0.09607689228305229,0.48,0.7642749137497264,None + Linear-SVM,unconscious,unconscious,False,Image,False,4,6,9,4
451,sub-01,rh-inferiorparietal,0.32407407407407407,-0.20385887657505022,0.3529411764705882,0.7436176972765662,None + Linear-SVM,unconscious,unconscious,False,Image,False,4,3,7,4
452,sub-01,rh-inferiorparietal,0.5902777777777778,-0.125,0.25,0.6872901569807791,None + Linear-SVM,unconscious,unconscious,False,Image,False,5,1,3,3
453,sub-01,rh-inferiorparietal,0.680473372781065,0.025,0.4000000000000001,0.6649983360007657,None + Linear-SVM,unconscious,unconscious,False,Image,False,5,2,3,3
454,sub-01,rh-inferiorparietal,0.37755102040816324,-0.5773502691896257,0.15384615384615383,0.7279150366379843,None + Linear-SVM,unconscious,unconscious,False,Image,False,2,1,5,6
455,sub-01,rh-inferiorparietal,0.58984375,0.1259881576697424,0.5333333333333333,0.6808799045922327,None + Linear-SVM,unconscious,unconscious,False,Image,False,5,4,4,3
456,sub-01,rh-inferiorparietal,0.29867674858223064,-0.16265001215808886,0.4166666666666667,0.7867971931968816,None + Linear-SVM,unconscious,unconscious,False,Image,False,4,5,10,4
457,sub-01,rh-inferiorparietal,0.5663265306122449,0.125,0.5,0.680338054357656,None + Linear-SVM,unconscious,unconscious,False,Image,False,5,3,3,3
458,sub-01,rh-inferiorparietal,0.47222222222222215,-0.1,0.4444444444444445,0.7218106667164372,None + Linear-SVM,unconscious,unconscious,False,Image,False,4,4,6,4
459,sub-01,rh-inferiorparietal,0.421875,-0.13483997249264842,0.3076923076923077,0.7257406434724536,None + Linear-SVM,unconscious,unconscious,False,Image,False,5,2,6,3
460,sub-01,rh-inferiorparietal,0.41836734693877553,-0.5773502691896257,0.15384615384615383,0.7287667160238028,None + Linear-SVM,unconscious,unconscious,False,Image,False,2,1,5,6
461,sub-01,rh-inferiorparietal,0.7799999999999999,0.0,0.0,0.6471642848903724,None + Linear-SVM,unconscious,unconscious,False,Image,False,8,0,2,0
462,sub-01,rh-inferiorparietal,0.48046875,-0.1259881576697424,0.39999999999999997,0.7410423639315158,None + Linear-SVM,unconscious,unconscious,False,Image,False,4,3,5,4
463,sub-01,rh-inferiorparietal,0.5502958579881656,0.025,0.4000000000000001,0.7150321114054141,None + Linear-SVM,unconscious,unconscious,False,Image,False,5,2,3,3
464,sub-01,rh-inferiorparietal,0.5457063711911357,0.2584432806109095,0.6666666666666666,0.7011082241403152,None + Linear-SVM,unconscious,unconscious,False,Image,False,5,7,4,3
465,sub-01,rh-inferiorparietal,0.4375,-0.3779644730092272,0.35294117647058826,0.7172413703703904,None + Linear-SVM,unconscious,unconscious,False,Image,False,2,3,5,6
466,sub-01,rh-inferiorparietal,0.6686390532544378,0.025,0.4000000000000001,0.6733854102160988,None + Linear-SVM,unconscious,unconscious,False,Image,False,5,2,3,3
467,sub-01,rh-inferiorparietal,0.7278106508875739,0.31754264805429416,0.5,0.6536251910554186,None + Linear-SVM,unconscious,unconscious,False,Image,False,7,2,3,1
468,sub-01,rh-inferiorparietal,0.2716049382716049,-0.4332001127219817,0.23529411764705882,0.7846804434093376,None + Linear-SVM,unconscious,unconscious,False,Image,False,3,2,8,5
469,sub-01,rh-inferiorparietal,0.6122448979591837,0.09128709291752768,0.4,0.690978467866913,None + Linear-SVM,unconscious,unconscious,False,Image,False,6,2,4,2
470,sub-01,rh-inferiorparietal,0.375,-0.3779644730092272,0.26666666666666666,0.7523154941546182,None + Linear-SVM,unconscious,unconscious,False,Image,False,3,2,6,5
471,sub-01,rh-inferiorparietal,0.5625,-0.3535533905932738,0.2,0.7187024704890489,None + Linear-SVM,unconscious,unconscious,False,Image,False,3,1,3,5
472,sub-01,rh-inferiorparietal,0.4878892733564014,-0.05555555555555555,0.47058823529411764,0.7218687931464163,None + Linear-SVM,unconscious,unconscious,False,Image,False,4,4,5,4
473,sub-01,rh-inferiorparietal,0.57421875,0.2581988897471611,0.5714285714285715,0.6928942512022325,None + Linear-SVM,unconscious,unconscious,False,Image,False,6,4,4,2
474,sub-01,rh-inferiorparietal,0.6180555555555557,0.0,0.28571428571428575,0.6925216927121113,None + Linear-SVM,unconscious,unconscious,False,Image,False,6,1,3,2
475,sub-01,rh-inferiorparietal,0.7692307692307693,0.21957751641341997,0.5454545454545454,0.6533616023551634,None + Linear-SVM,unconscious,unconscious,False,Image,False,5,3,2,3
476,sub-01,rh-inferiorparietal,0.44888888888888884,-0.3392857142857143,0.2857142857142857,0.7092044805360598,None + Linear-SVM,unconscious,unconscious,False,Image,False,3,2,5,5
477,sub-01,rh-inferiorparietal,0.42666666666666664,-0.21821789023599236,0.30769230769230765,0.7229348394002425,None + Linear-SVM,unconscious,unconscious,False,Image,False,4,2,5,4
478,sub-01,rh-inferiorparietal,0.3988919667590028,-0.1685499656158105,0.47619047619047616,0.7298146809423285,None + Linear-SVM,unconscious,unconscious,False,Image,False,3,5,6,5
479,sub-01,rh-inferiorparietal,0.42857142857142855,-0.4166666666666667,0.28571428571428575,0.7230781602195188,None + Linear-SVM,unconscious,unconscious,False,Image,False,2,2,4,6
480,sub-01,rh-inferiorparietal,0.650887573964497,0.025,0.4000000000000001,0.6869926986427743,None + Linear-SVM,unconscious,unconscious,False,Image,False,5,2,3,3
481,sub-01,rh-inferiorparietal,0.6627218934911242,-0.5393598899705937,0.0,0.6649850912594213,None + Linear-SVM,unconscious,unconscious,False,Image,False,3,0,2,8
482,sub-01,rh-inferiorparietal,0.49584487534626037,-0.1685499656158105,0.35294117647058826,0.7041458686980394,None + Linear-SVM,unconscious,unconscious,False,Image,False,5,3,5,6
483,sub-01,rh-inferiorparietal,0.49826388888888895,0.006993006993006993,0.4999999999999999,0.6998597627386068,None + Linear-SVM,unconscious,unconscious,False,Image,False,6,6,7,5
484,sub-01,rh-inferiorparietal,0.5050000000000001,-0.010101010101010102,0.4444444444444444,0.6981113373316366,None + Linear-SVM,unconscious,unconscious,False,Image,False,6,4,5,5
485,sub-01,rh-inferiorparietal,0.650887573964497,-0.5393598899705937,0.0,0.6692695093032057,None + Linear-SVM,unconscious,unconscious,False,Image,False,3,0,2,8
486,sub-01,rh-inferiorparietal,0.55859375,-0.24370871833797697,0.1818181818181818,0.6832031646972198,None + Linear-SVM,unconscious,unconscious,False,Image,False,6,1,4,5
487,sub-01,rh-inferiorparietal,0.4653739612188365,-0.07954545454545454,0.375,0.7090265674691701,None + Linear-SVM,unconscious,unconscious,False,Image,False,6,3,5,5
488,sub-01,rh-inferiorparietal,0.66015625,-0.050964719143762556,0.3333333333333333,0.6733589314327058,None + Linear-SVM,unconscious,unconscious,False,Image,False,6,2,3,5
489,sub-01,rh-inferiorparietal,0.5429362880886427,-0.07954545454545454,0.375,0.6903743105640445,None + Linear-SVM,unconscious,unconscious,False,Image,False,6,3,5,5
490,sub-01,rh-inferiorparietal,0.4775,-0.21212121212121213,0.3333333333333333,0.7019588879672867,None + Linear-SVM,unconscious,unconscious,False,Image,False,5,3,6,6
491,sub-01,rh-inferiorparietal,0.49691358024691357,-0.34188172937891387,0.25,0.6979040787089433,None + Linear-SVM,unconscious,unconscious,False,Image,False,4,2,5,7
492,sub-01,rh-inferiorparietal,0.602076124567474,-0.11769797726729993,0.30769230769230765,0.6779173732575823,None + Linear-SVM,unconscious,unconscious,False,Image,False,6,2,4,5
493,sub-01,rh-inferiorparietal,0.43595041322314054,0.0,0.47619047619047616,0.7179320376404759,None + Linear-SVM,unconscious,unconscious,False,Image,False,6,5,6,5
494,sub-01,rh-inferiorparietal,0.64453125,-0.050964719143762556,0.3333333333333333,0.670055143870906,None + Linear-SVM,unconscious,unconscious,False,Image,False,6,2,3,5
495,sub-01,rh-inferiorparietal,0.53,-0.010101010101010102,0.4444444444444444,0.6931948855136975,None + Linear-SVM,unconscious,unconscious,False,Image,False,6,4,5,5
496,sub-01,rh-inferiorparietal,0.7508650519031141,0.13241022442571243,0.4615384615384615,0.6508385512102994,None + Linear-SVM,unconscious,unconscious,False,Image,False,7,3,3,4
497,sub-01,rh-inferiorparietal,0.5778546712802768,-0.11769797726729993,0.30769230769230765,0.6811126587100583,None + Linear-SVM,unconscious,unconscious,False,Image,False,6,2,4,5
498,sub-01,rh-inferiorparietal,0.34911242603550297,-0.0778498944161523,0.5,0.7462959402504856,None + Linear-SVM,unconscious,unconscious,False,Image,False,5,7,8,6
499,sub-01,rh-inferiorparietal,0.41950113378684806,-0.14545454545454545,0.4000000000000001,0.7161368685556587,None + Linear-SVM,unconscious,unconscious,False,Image,False,5,4,6,6
500,sub-01,rh-inferiorparietal,0.6088888888888888,-0.1846372364689991,0.2,0.6794409581160915,None + Linear-SVM,unconscious,unconscious,False,Image,False,6,1,3,5
501,sub-01,rh-inferiorparietal,0.69140625,0.034815531191139566,0.3636363636363636,0.6582464799288358,None + Linear-SVM,unconscious,unconscious,False,Image,False,7,2,3,4
502,sub-01,rh-inferiorparietal,0.49480968858131485,-0.5367394391967351,0.13333333333333333,0.7091663587262911,None + Linear-SVM,unconscious,unconscious,False,Image,False,3,1,5,8
503,sub-01,rh-inferiorparietal,0.5955678670360111,-0.07954545454545454,0.375,0.6791371971728354,None + Linear-SVM,unconscious,unconscious,False,Image,False,6,3,5,5
504,sub-01,rh-inferiorparietal,0.34467455621301774,-0.28311042925246527,0.32,0.763902989207063,None + Linear-SVM,unconscious,unconscious,False,Image,False,5,4,11,6
505,sub-01,rh-inferiorparietal,0.6124567474048442,0.13241022442571243,0.4615384615384615,0.6716183868288773,None + Linear-SVM,unconscious,unconscious,False,Image,False,7,3,3,4
506,sub-01,rh-inferiorparietal,0.49433106575963714,-0.14545454545454545,0.4000000000000001,0.7118805070828251,None + Linear-SVM,unconscious,unconscious,False,Image,False,5,4,6,6
507,sub-01,rh-inferiorparietal,0.4847645429362881,-0.2584432806109095,0.33333333333333326,0.7064400465446525,None + Linear-SVM,unconscious,unconscious,False,Image,False,4,3,5,7
508,sub-01,rh-inferiorparietal,0.48788927335640137,-0.2030905986149808,0.28571428571428575,0.7053669358396002,None + Linear-SVM,unconscious,unconscious,False,Image,False,5,2,4,6
509,sub-01,rh-inferiorparietal,0.7928994082840236,-0.17766726362967536,0.1818181818181818,0.6430037650225665,None + Linear-SVM,unconscious,unconscious,False,Image,False,3,1,1,8
510,sub-01,rh-inferiorparietal,0.47368421052631576,-0.07954545454545454,0.375,0.723412347166507,None + Linear-SVM,unconscious,unconscious,False,Image,False,6,3,5,5
511,sub-01,rh-inferiorparietal,0.51953125,-0.050964719143762556,0.3333333333333333,0.7074746649995413,None + Linear-SVM,unconscious,unconscious,False,Image,False,6,2,3,5
512,sub-01,rh-inferiorparietal,0.53099173553719,0.0,0.47619047619047616,0.6967420700897237,None + Linear-SVM,unconscious,unconscious,False,Image,False,6,5,6,5
513,sub-01,rh-inferiorparietal,0.47645429362880887,-0.2584432806109095,0.33333333333333326,0.7064810660792115,None + Linear-SVM,unconscious,unconscious,False,Image,False,4,3,5,7
514,sub-01,rh-inferiorparietal,0.640625,-0.050964719143762556,0.3333333333333333,0.6690278304900618,None + Linear-SVM,unconscious,unconscious,False,Image,False,6,2,3,5
515,sub-01,rh-inferiorparietal,0.68359375,0.12727272727272726,0.4000000000000001,0.6580638849780123,None + Linear-SVM,unconscious,unconscious,False,Image,False,8,2,3,3
516,sub-01,rh-inferiorparietal,0.3287981859410431,-0.5272727272727272,0.20000000000000004,0.7594491145034947,None + Linear-SVM,unconscious,unconscious,False,Image,False,3,2,8,8
517,sub-01,rh-inferiorparietal,0.6193771626297577,-0.11769797726729993,0.30769230769230765,0.6762110392314054,None + Linear-SVM,unconscious,unconscious,False,Image,False,6,2,4,5
518,sub-01,rh-inferiorparietal,0.43213296398891965,-0.5113636363636364,0.125,0.730692189283172,None + Linear-SVM,unconscious,unconscious,False,Image,False,4,1,7,7
519,sub-01,rh-inferiorparietal,0.5822222222222222,-0.43082021842766455,0.15384615384615383,0.6927013560370286,None + Linear-SVM,unconscious,unconscious,False,Image,False,3,1,3,8
520,sub-01,rh-inferiorparietal,0.48750000000000004,-0.010101010101010102,0.4444444444444444,0.7092688054111651,None + Linear-SVM,unconscious,unconscious,False,Image,False,6,4,5,5
521,sub-01,rh-inferiorparietal,0.5706371191135734,-0.1207011373963169,0.28571428571428575,0.6838277460961746,None + Linear-SVM,unconscious,unconscious,False,Image,False,7,2,6,4
522,sub-01,rh-inferiorparietal,0.6,-0.1846372364689991,0.2,0.674048872368023,None + Linear-SVM,unconscious,unconscious,False,Image,False,6,1,3,5
523,sub-01,rh-inferiorparietal,0.71484375,0.12727272727272726,0.4000000000000001,0.6538656455675798,None + Linear-SVM,unconscious,unconscious,False,Image,False,8,2,3,3
524,sub-01,rh-inferiorparietal,0.5524691358024691,-0.11396057645963795,0.375,0.6934523202469098,None + Linear-SVM,unconscious,unconscious,False,Image,False,5,3,4,6
525,sub-01,rh-inferiorparietal,0.48456790123456783,-0.34188172937891387,0.25,0.7077456128159393,None + Linear-SVM,unconscious,unconscious,False,Image,False,4,2,5,7
526,sub-01,rh-inferiorparietal,0.4462809917355372,0.0,0.47619047619047616,0.7158314737470328,None + Linear-SVM,unconscious,unconscious,False,Image,False,6,5,6,5
527,sub-01,rh-inferiorparietal,0.47750865051903113,-0.3825184261187248,0.25,0.7076370383278404,None + Linear-SVM,unconscious,unconscious,False,Image,False,3,2,4,8
528,sub-01,rh-inferiorparietal,0.6484375,-0.13483997249264842,0.3076923076923077,0.6757646133734667,None + Linear-SVM,unconscious,unconscious,False,Image,False,5,2,3,6
529,sub-01,rh-inferiorparietal,0.673469387755102,-0.4,0.0,0.6399387612391289,None + Linear-SVM,unconscious,unconscious,False,Image,False,3,0,2,2
530,sub-01,rh-inferiorparietal,0.4437869822485207,-0.025,0.4615384615384615,0.7205857010081343,None + Linear-SVM,unconscious,unconscious,False,Image,False,3,3,5,2
531,sub-01,rh-inferiorparietal,0.42901234567901236,0.305085107923876,0.6666666666666667,0.7197157855236429,None + Linear-SVM,unconscious,unconscious,False,Image,False,4,7,6,1
532,sub-01,rh-inferiorparietal,0.5,0.34426518632954817,0.6666666666666667,0.7046862339027361,None + Linear-SVM,unconscious,unconscious,False,Image,False,4,5,4,1
533,sub-01,rh-inferiorparietal,0.673469387755102,-0.4,0.0,0.6423350029081585,None + Linear-SVM,unconscious,unconscious,False,Image,False,3,0,2,2
534,sub-01,rh-inferiorparietal,0.53,0.0,0.4444444444444445,0.6852810574876409,None + Linear-SVM,unconscious,unconscious,False,Image,False,3,2,3,2
535,sub-01,rh-inferiorparietal,0.4911242603550296,0.21957751641341997,0.6666666666666666,0.717979189512529,None + Linear-SVM,unconscious,unconscious,False,Image,False,3,5,3,2
536,sub-01,rh-inferiorparietal,0.63,0.408248290463863,0.6666666666666665,0.6744830475738867,None + Linear-SVM,unconscious,unconscious,False,Image,False,4,3,2,1
537,sub-01,rh-inferiorparietal,0.4674556213017751,0.09759000729485333,0.5714285714285715,0.7091059128819664,None + Linear-SVM,unconscious,unconscious,False,Image,False,3,4,4,2
538,sub-01,rh-inferiorparietal,0.4387755102040816,0.25819888974716115,0.7058823529411765,0.7157156136069573,None + Linear-SVM,unconscious,unconscious,False,Image,False,3,6,3,2
539,sub-01,rh-inferiorparietal,0.5208333333333334,0.37142857142857144,0.6666666666666666,0.7024454297218714,None + Linear-SVM,unconscious,unconscious,False,Image,False,4,4,3,1
540,sub-01,rh-inferiorparietal,0.6446280991735537,0.4666666666666667,0.7272727272727272,0.6593087055521213,None + Linear-SVM,unconscious,unconscious,False,Image,False,4,4,2,1
541,sub-01,rh-inferiorparietal,0.38671875,0.13483997249264842,0.631578947368421,0.7403063853953311,None + Linear-SVM,unconscious,unconscious,False,Image,False,3,6,5,2
542,sub-01,rh-inferiorparietal,0.59,0.2,0.6,0.6766950844768518,None + Linear-SVM,unconscious,unconscious,False,Image,False,3,3,2,2
543,sub-01,rh-inferiorparietal,0.5,0.14907119849998599,0.6250000000000001,0.7029357551090625,None + Linear-SVM,unconscious,unconscious,False,Image,False,3,5,4,2
544,sub-01,rh-inferiorparietal,0.7520661157024793,0.6900655593423543,0.8,0.6417245068788358,None + Linear-SVM,unconscious,unconscious,False,Image,False,5,4,2,0
545,sub-01,rh-inferiorparietal,0.512396694214876,-0.06900655593423542,0.4,0.6880683176044732,None + Linear-SVM,unconscious,unconscious,False,Image,False,3,2,4,2
546,sub-01,rh-inferiorparietal,0.2825,0.058025885318565944,0.5833333333333334,0.7724758091377775,None + Linear-SVM,unconscious,unconscious,False,Image,False,3,7,8,2
547,sub-01,rh-inferiorparietal,0.4222222222222222,0.2,0.5333333333333333,0.7288345377144833,None + Linear-SVM,unconscious,unconscious,False,Image,False,4,4,6,1
548,sub-01,rh-inferiorparietal,0.5555555555555556,-0.15811388300841897,0.28571428571428575,0.6760569485508325,None + Linear-SVM,unconscious,unconscious,False,Image,False,3,1,3,2
549,sub-01,rh-inferiorparietal,0.66,0.408248290463863,0.6666666666666665,0.652278196679713,None + Linear-SVM,unconscious,unconscious,False,Image,False,4,3,2,1
550,sub-01,rh-inferiorparietal,0.4049586776859504,-0.2608745973749754,0.2222222222222222,0.7271928661081618,None + Linear-SVM,unconscious,unconscious,False,Image,False,3,1,5,2
551,sub-01,rh-inferiorparietal,0.5443786982248521,0.3,0.6153846153846154,0.6834513620229049,None + Linear-SVM,unconscious,unconscious,False,Image,False,4,4,4,1
552,sub-01,rh-inferiorparietal,0.265,0.058025885318565944,0.5833333333333334,0.7956903784030065,None + Linear-SVM,unconscious,unconscious,False,Image,False,3,7,8,2
553,sub-01,rh-inferiorparietal,0.6033057851239669,0.26666666666666666,0.6666666666666666,0.6709911900109221,None + Linear-SVM,unconscious,unconscious,False,Image,False,3,4,2,2
554,sub-01,rh-inferiorparietal,0.5022222222222222,0.18898223650461363,0.6666666666666665,0.713822098614686,None + Linear-SVM,unconscious,unconscious,False,Image,False,3,6,4,2
555,sub-01,rh-inferiorparietal,0.4437869822485207,-0.025,0.4615384615384615,0.7200981815349852,None + Linear-SVM,unconscious,unconscious,False,Image,False,3,3,5,2
556,sub-01,rh-inferiorparietal,0.45454545454545453,-0.06900655593423542,0.4,0.7206342602761963,None + Linear-SVM,unconscious,unconscious,False,Image,False,3,2,4,2
557,sub-01,rh-inferiorparietal,0.8163265306122448,0.09128709291752768,0.4,0.607293029114216,None + Linear-SVM,unconscious,unconscious,False,Image,False,3,1,1,2
558,sub-01,rh-inferiorparietal,0.3964497041420118,-0.025,0.4615384615384615,0.7498160827791237,None + Linear-SVM,unconscious,unconscious,False,Image,False,3,3,5,2
559,sub-01,rh-inferiorparietal,0.59,0.2,0.6,0.6964731880630538,None + Linear-SVM,unconscious,unconscious,False,Image,False,3,3,2,2
560,sub-01,rh-inferiorparietal,0.44140625,0.40451991747794525,0.7368421052631579,0.7132895588511061,None + Linear-SVM,unconscious,unconscious,False,Image,False,4,7,4,1
561,sub-01,rh-inferiorparietal,0.44970414201183434,-0.025,0.4615384615384615,0.7133742431234875,None + Linear-SVM,unconscious,unconscious,False,Image,False,3,3,5,2
562,sub-01,rh-inferiorparietal,0.66,0.408248290463863,0.6666666666666665,0.6638150362565196,None + Linear-SVM,unconscious,unconscious,False,Image,False,4,3,2,1
563,sub-01,rh-inferiorparietal,0.76,0.408248290463863,0.6666666666666665,0.6350798448082153,None + Linear-SVM,unconscious,unconscious,False,Image,False,4,3,2,1
564,sub-01,rh-inferiorparietal,0.31555555555555553,-0.21320071635561041,0.28571428571428575,0.7803257626617675,None + Linear-SVM,unconscious,unconscious,False,Image,False,3,2,8,2
565,sub-01,rh-inferiorparietal,0.5867768595041323,0.1,0.5454545454545454,0.6807401546031424,None + Linear-SVM,unconscious,unconscious,False,Image,False,3,3,3,2
566,sub-01,rh-inferiorparietal,0.40236686390532544,-0.025,0.4615384615384615,0.7464224272742537,None + Linear-SVM,unconscious,unconscious,False,Image,False,3,3,5,2
567,sub-01,rh-inferiorparietal,0.5308641975308642,-0.15811388300841897,0.28571428571428575,0.6992603771021589,None + Linear-SVM,unconscious,unconscious,False,Image,False,3,1,3,2
568,sub-01,rh-inferiorparietal,0.423469387755102,0.04303314829119352,0.5333333333333333,0.727807285891766,None + Linear-SVM,unconscious,unconscious,False,Image,False,3,4,5,2
569,sub-01,rh-inferiorparietal,0.5088757396449703,0.3,0.6153846153846154,0.6973162585559529,None + Linear-SVM,unconscious,unconscious,False,Image,False,4,4,4,1
570,sub-01,rh-inferiorparietal,0.6296296296296297,0.1,0.5,0.6799689015290442,None + Linear-SVM,unconscious,unconscious,False,Image,False,3,2,2,2
571,sub-01,rh-inferiorparietal,0.7,0.408248290463863,0.6666666666666665,0.6428074269705061,None + Linear-SVM,unconscious,unconscious,False,Image,False,4,3,2,1
572,sub-01,rh-inferiorparietal,0.45138888888888884,0.02857142857142857,0.5,0.7101719379638061,None + Linear-SVM,unconscious,unconscious,False,Image,False,3,3,4,2
573,sub-01,rh-inferiorparietal,0.43750000000000006,0.02857142857142857,0.5,0.7280274106280764,None + Linear-SVM,unconscious,unconscious,False,Image,False,3,3,4,2
574,sub-01,rh-inferiorparietal,0.37109375,0.13483997249264842,0.631578947368421,0.7378524799502832,None + Linear-SVM,unconscious,unconscious,False,Image,False,3,6,5,2
575,sub-01,rh-inferiorparietal,0.4876033057851239,-0.06900655593423542,0.4,0.7146709331155859,None + Linear-SVM,unconscious,unconscious,False,Image,False,3,2,4,2
576,sub-01,rh-inferiorparietal,0.6000000000000001,0.408248290463863,0.6666666666666665,0.6764354637077039,None + Linear-SVM,unconscious,unconscious,False,Image,False,4,3,2,1
577,sub-01,rh-inferiorparietal,0.888888888888889,0.08006407690254358,0.25,0.5977974454936269,None + Linear-SVM,unconscious,unconscious,False,Image,False,8,1,1,5
578,sub-01,rh-inferiorparietal,0.6621315192743764,0.19230769230769232,0.5,0.662580144115634,None + Linear-SVM,unconscious,unconscious,False,Image,False,9,4,4,4
579,sub-01,rh-inferiorparietal,0.6553254437869822,0.3892494720807615,0.6666666666666667,0.6656369938393898,None + Linear-SVM,unconscious,unconscious,False,Image,False,10,8,5,3
580,sub-01,rh-inferiorparietal,0.6880165289256198,0.24786324786324787,0.5555555555555556,0.6523127162725175,None + Linear-SVM,unconscious,unconscious,False,Image,False,9,5,4,4
581,sub-01,rh-inferiorparietal,0.8444444444444444,-0.3202563076101743,0.0,0.6073209230588934,None + Linear-SVM,unconscious,unconscious,False,Image,False,7,0,2,6
582,sub-01,rh-inferiorparietal,0.7654320987654321,0.1941450686788302,0.4615384615384615,0.6361838259458742,None + Linear-SVM,unconscious,unconscious,False,Image,False,8,3,2,5
583,sub-01,rh-inferiorparietal,0.6938775510204082,0.2337367475021143,0.5555555555555556,0.6550634141342526,None + Linear-SVM,unconscious,unconscious,False,Image,False,8,5,3,5
584,sub-01,rh-inferiorparietal,0.7901234567901234,0.35082320772281167,0.5454545454545454,0.6297604024167825,None + Linear-SVM,unconscious,unconscious,False,Image,False,10,3,2,3
585,sub-01,rh-inferiorparietal,0.7006802721088436,0.19230769230769232,0.5,0.6540966711250009,None + Linear-SVM,unconscious,unconscious,False,Image,False,9,4,4,4
586,sub-01,rh-inferiorparietal,0.6900826446280992,0.16878989451394444,0.5263157894736842,0.6545061179036091,None + Linear-SVM,unconscious,unconscious,False,Image,False,8,5,4,5
587,sub-01,rh-inferiorparietal,0.715,0.25677629550654774,0.5333333333333333,0.6495617598024176,None + Linear-SVM,unconscious,unconscious,False,Image,False,9,4,3,4
588,sub-01,rh-inferiorparietal,0.8005540166204985,0.4200412794412907,0.6153846153846153,0.6235280952060527,None + Linear-SVM,unconscious,unconscious,False,Image,False,10,4,2,3
589,sub-01,rh-inferiorparietal,0.5989583333333334,0.24029618753167464,0.5714285714285713,0.6792625247167677,None + Linear-SVM,unconscious,unconscious,False,Image,False,9,6,5,4
590,sub-01,rh-inferiorparietal,0.7962962962962963,0.1941450686788302,0.4615384615384615,0.6310896414818551,None + Linear-SVM,unconscious,unconscious,False,Image,False,8,3,2,5
591,sub-01,rh-inferiorparietal,0.7107438016528926,0.24786324786324787,0.5555555555555556,0.6494004915366982,None + Linear-SVM,unconscious,unconscious,False,Image,False,9,5,4,4
592,sub-01,rh-inferiorparietal,0.8753462603878117,0.5128205128205128,0.6666666666666666,0.6087166209079268,None + Linear-SVM,unconscious,unconscious,False,Image,False,11,4,2,2
593,sub-01,rh-inferiorparietal,0.7894736842105263,0.18531232916527532,0.4615384615384615,0.6264611940989441,None + Linear-SVM,unconscious,unconscious,False,Image,False,9,3,3,4
594,sub-01,rh-inferiorparietal,0.5038265306122449,0.14871794871794872,0.5714285714285715,0.7088087826508576,None + Linear-SVM,unconscious,unconscious,False,Image,False,8,8,7,5
595,sub-01,rh-inferiorparietal,0.6143667296786389,0.11538461538461539,0.5,0.6783121407384747,None + Linear-SVM,unconscious,unconscious,False,Image,False,8,5,5,5
596,sub-01,rh-inferiorparietal,0.7716262975778546,0.03268602252303067,0.3333333333333333,0.6297180592756364,None + Linear-SVM,unconscious,unconscious,False,Image,False,7,2,2,6
597,sub-01,rh-inferiorparietal,0.8364197530864197,0.35082320772281167,0.5454545454545454,0.618139228243447,None + Linear-SVM,unconscious,unconscious,False,Image,False,10,3,2,3
598,sub-01,rh-inferiorparietal,0.6371191135734072,-0.1207011373963169,0.28571428571428575,0.6634130411429409,None + Linear-SVM,unconscious,unconscious,False,Image,False,7,2,4,6
599,sub-01,rh-inferiorparietal,0.7664399092970522,0.31137618438976383,0.5882352941176471,0.6369352459675076,None + Linear-SVM,unconscious,unconscious,False,Image,False,9,5,3,4
600,sub-01,rh-inferiorparietal,0.46938775510204084,0.08268982305947231,0.5185185185185186,0.7292578828131677,None + Linear-SVM,unconscious,unconscious,False,Image,False,8,7,8,5
601,sub-01,rh-inferiorparietal,0.8116343490304709,0.3379631847096873,0.5714285714285715,0.62227299923048,None + Linear-SVM,unconscious,unconscious,False,Image,False,9,4,2,4
602,sub-01,rh-inferiorparietal,0.6691871455576559,0.2802242691589025,0.5555555555555556,0.6604981173236765,None + Linear-SVM,unconscious,unconscious,False,Image,False,10,5,5,3
603,sub-01,rh-inferiorparietal,0.6394557823129252,0.11322770341445958,0.47058823529411764,0.6663119422367122,None + Linear-SVM,unconscious,unconscious,False,Image,False,8,4,4,5
604,sub-01,rh-inferiorparietal,0.670360110803324,-0.1207011373963169,0.28571428571428575,0.6572570113607525,None + Linear-SVM,unconscious,unconscious,False,Image,False,7,2,4,6
605,sub-01,rh-inferiorparietal,0.8844444444444445,-0.2069593385961789,0.15384615384615385,0.5904767951782429,None + Linear-SVM,unconscious,unconscious,False,Image,False,3,1,1,10
606,sub-01,rh-inferiorparietal,0.6031746031746033,0.11322770341445958,0.47058823529411764,0.6837711428991506,None + Linear-SVM,unconscious,unconscious,False,Image,False,8,4,4,5
607,sub-01,rh-inferiorparietal,0.7006172839506173,0.08770580193070292,0.3636363636363636,0.6515980555407483,None + Linear-SVM,unconscious,unconscious,False,Image,False,9,2,3,4
608,sub-01,rh-inferiorparietal,0.685763888888889,0.40991702578932737,0.6666666666666666,0.6593222586235271,None + Linear-SVM,unconscious,unconscious,False,Image,False,10,7,4,3
609,sub-01,rh-inferiorparietal,0.6621315192743764,0.03739787960033829,0.4444444444444445,0.6559798801269511,None + Linear-SVM,unconscious,unconscious,False,Image,False,7,4,4,6
610,sub-01,rh-inferiorparietal,0.8024691358024691,0.26856632724128343,0.5,0.6207455733745371,None + Linear-SVM,unconscious,unconscious,False,Image,False,9,3,2,4
611,sub-01,rh-inferiorparietal,0.861111111111111,0.26856632724128343,0.5,0.6023150713308352,None + Linear-SVM,unconscious,unconscious,False,Image,False,9,3,2,4
612,sub-01,rh-inferiorparietal,0.46124763705103966,-0.38932432055219274,0.2727272727272727,0.7151263325265435,None + Linear-SVM,unconscious,unconscious,False,Image,False,4,3,7,9
613,sub-01,rh-inferiorparietal,0.7756232686980609,0.18531232916527532,0.4615384615384615,0.6317917348900985,None + Linear-SVM,unconscious,unconscious,False,Image,False,9,3,3,4
614,sub-01,rh-inferiorparietal,0.5782312925170068,-0.1589409883014377,0.33333333333333326,0.6829544468276367,None + Linear-SVM,unconscious,unconscious,False,Image,False,6,3,5,7
615,sub-01,rh-inferiorparietal,0.7474048442906576,0.03268602252303067,0.3333333333333333,0.6385938630449368,None + Linear-SVM,unconscious,unconscious,False,Image,False,7,2,2,6
616,sub-01,rh-inferiorparietal,0.628099173553719,0.13977131156292244,0.47058823529411764,0.6665030148657206,None + Linear-SVM,unconscious,unconscious,False,Image,False,9,4,5,4
617,sub-01,rh-inferiorparietal,0.7369614512471655,0.5095246653650681,0.7058823529411765,0.6430098636312442,None + Linear-SVM,unconscious,unconscious,False,Image,False,10,6,2,3
618,sub-01,rh-inferiorparietal,0.7889273356401384,0.1706971854997297,0.4,0.6281075511732384,None + Linear-SVM,unconscious,unconscious,False,Image,False,9,2,2,4
619,sub-01,rh-inferiorparietal,0.8827160493827161,0.35082320772281167,0.5454545454545454,0.6072979544919886,None + Linear-SVM,unconscious,unconscious,False,Image,False,10,3,2,3
620,sub-01,rh-inferiorparietal,0.7224999999999999,0.17910620335162064,0.5,0.6532076967071393,None + Linear-SVM,unconscious,unconscious,False,Image,False,8,4,3,5
621,sub-01,rh-inferiorparietal,0.6525000000000001,0.04279604925109129,0.39999999999999997,0.6673925749392058,None + Linear-SVM,unconscious,unconscious,False,Image,False,8,3,4,5
622,sub-01,rh-inferiorparietal,0.6145833333333334,0.2508726030021272,0.6086956521739131,0.6767622466106005,None + Linear-SVM,unconscious,unconscious,False,Image,False,8,7,4,5
623,sub-01,rh-inferiorparietal,0.6703601108033241,-0.1207011373963169,0.28571428571428575,0.6576820151744232,None + Linear-SVM,unconscious,unconscious,False,Image,False,7,2,4,6
624,sub-01,rh-inferiorparietal,0.787037037037037,0.26856632724128343,0.5,0.6294224430691118,None + Linear-SVM,unconscious,unconscious,False,Image,False,9,3,2,4
625,sub-01,rh-inferiorparietal,0.30612244897959184,-0.7302967433402214,0.0,0.7349790210382731,None + Linear-SVM,unconscious,unconscious,False,Image,False,1,0,2,4
626,sub-01,rh-inferiorparietal,0.18934911242603547,-0.35,0.3076923076923077,0.7713913272087762,None + Linear-SVM,unconscious,unconscious,False,Image,False,2,2,6,3
627,sub-01,rh-inferiorparietal,0.24074074074074076,-0.1941450686788302,0.4761904761904762,0.7526851114050903,None + Linear-SVM,unconscious,unconscious,False,Image,False,2,5,8,3
628,sub-01,rh-inferiorparietal,0.27040816326530615,-0.25819888974716115,0.4,0.7520959299976859,None + Linear-SVM,unconscious,unconscious,False,Image,False,2,3,6,3
629,sub-01,rh-inferiorparietal,0.2653061224489796,-0.7302967433402214,0.0,0.7510714910644056,None + Linear-SVM,unconscious,unconscious,False,Image,False,1,0,2,4
630,sub-01,rh-inferiorparietal,0.26,-0.408248290463863,0.22222222222222224,0.7427906165889178,None + Linear-SVM,unconscious,unconscious,False,Image,False,2,1,4,3
631,sub-01,rh-inferiorparietal,0.19526627218934908,-0.15811388300841897,0.3333333333333333,0.7709746496167885,None + Linear-SVM,unconscious,unconscious,False,Image,False,3,2,6,2
632,sub-01,rh-inferiorparietal,0.36,-0.2182178902359924,0.25,0.7303451787214613,None + Linear-SVM,unconscious,unconscious,False,Image,False,3,1,4,2
633,sub-01,rh-inferiorparietal,0.28402366863905326,-0.025,0.4615384615384615,0.7488623281866791,None + Linear-SVM,unconscious,unconscious,False,Image,False,3,3,5,2
634,sub-01,rh-inferiorparietal,0.21428571428571427,-0.5594309277855158,0.26666666666666666,0.7589715264397985,None + Linear-SVM,unconscious,unconscious,False,Image,False,1,2,7,4
635,sub-01,rh-inferiorparietal,0.20833333333333331,-0.47809144373375745,0.18181818181818182,0.7586909792898284,None + Linear-SVM,unconscious,unconscious,False,Image,False,2,1,6,3
636,sub-01,rh-inferiorparietal,0.24793388429752067,-0.4485426135725303,0.2,0.743461884087009,None + Linear-SVM,unconscious,unconscious,False,Image,False,2,1,5,3
637,sub-01,rh-inferiorparietal,0.15625,-0.3133397807202561,0.3529411764705882,0.7752880753371705,None + Linear-SVM,unconscious,unconscious,False,Image,False,2,3,8,3
638,sub-01,rh-inferiorparietal,0.26,-0.6,0.20000000000000004,0.7370192923348683,None + Linear-SVM,unconscious,unconscious,False,Image,False,1,1,4,4
639,sub-01,rh-inferiorparietal,0.2806122448979592,-0.06666666666666667,0.42857142857142855,0.7492715802283846,None + Linear-SVM,unconscious,unconscious,False,Image,False,3,3,6,2
640,sub-01,rh-inferiorparietal,0.5289256198347108,-0.06900655593423542,0.4,0.696772893383563,None + Linear-SVM,unconscious,unconscious,False,Image,False,3,2,4,2
641,sub-01,rh-inferiorparietal,0.2809917355371901,-0.4485426135725303,0.2,0.7407164145210074,None + Linear-SVM,unconscious,unconscious,False,Image,False,2,1,5,3
642,sub-01,rh-inferiorparietal,0.10250000000000001,-0.4666666666666667,0.2,0.8036541846264009,None + Linear-SVM,unconscious,unconscious,False,Image,False,2,2,13,3
643,sub-01,rh-inferiorparietal,0.13333333333333333,-0.533001790889026,0.14285714285714288,0.779365024578716,None + Linear-SVM,unconscious,unconscious,False,Image,False,2,1,9,3
644,sub-01,rh-inferiorparietal,0.2345679012345679,-0.6324555320336759,0.0,0.755375957846204,None + Linear-SVM,unconscious,unconscious,False,Image,False,2,0,4,3
645,sub-01,rh-inferiorparietal,0.36,0.0,0.4444444444444445,0.7142740400597313,None + Linear-SVM,unconscious,unconscious,False,Image,False,3,2,3,2
646,sub-01,rh-inferiorparietal,0.18181818181818182,-0.8280786712108251,0.0,0.7792367922938375,None + Linear-SVM,unconscious,unconscious,False,Image,False,1,0,6,4
647,sub-01,rh-inferiorparietal,0.2958579881656805,-0.21957751641341997,0.42857142857142855,0.7387165678730206,None + Linear-SVM,unconscious,unconscious,False,Image,False,2,3,5,3
648,sub-01,rh-inferiorparietal,0.09000000000000001,-0.629940788348712,0.19047619047619044,0.8428750525382975,None + Linear-SVM,unconscious,unconscious,False,Image,False,1,2,13,4
649,sub-01,rh-inferiorparietal,0.30578512396694213,-0.06900655593423542,0.4,0.7310647954092385,None + Linear-SVM,unconscious,unconscious,False,Image,False,3,2,4,2
650,sub-01,rh-inferiorparietal,0.28888888888888886,-0.28867513459481287,0.37499999999999994,0.7701474384562058,None + Linear-SVM,unconscious,unconscious,False,Image,False,2,3,7,3
651,sub-01,rh-inferiorparietal,0.1952662721893491,-0.35,0.3076923076923077,0.7748626943677004,None + Linear-SVM,unconscious,unconscious,False,Image,False,2,2,6,3
652,sub-01,rh-inferiorparietal,0.17355371900826447,-0.8280786712108251,0.0,0.7785212554949592,None + Linear-SVM,unconscious,unconscious,False,Image,False,1,0,6,4
653,sub-01,rh-inferiorparietal,0.5306122448979592,-0.2581988897471611,0.0,0.6984145372090127,None + Linear-SVM,unconscious,unconscious,False,Image,False,4,0,2,1
654,sub-01,rh-inferiorparietal,0.1834319526627219,-0.35,0.3076923076923077,0.8000399207564279,None + Linear-SVM,unconscious,unconscious,False,Image,False,2,2,6,3
655,sub-01,rh-inferiorparietal,0.21000000000000002,-0.408248290463863,0.22222222222222224,0.7808700328694453,None + Linear-SVM,unconscious,unconscious,False,Image,False,2,1,4,3
656,sub-01,rh-inferiorparietal,0.2578125,-0.034815531191139566,0.4705882352941177,0.7500627797077501,None + Linear-SVM,unconscious,unconscious,False,Image,False,3,4,7,2
657,sub-01,rh-inferiorparietal,0.24852071005917156,-0.15811388300841897,0.3333333333333333,0.7691580138028288,None + Linear-SVM,unconscious,unconscious,False,Image,False,3,2,6,2
658,sub-01,rh-inferiorparietal,0.31999999999999995,-0.2182178902359924,0.25,0.7312465933557392,None + Linear-SVM,unconscious,unconscious,False,Image,False,3,1,4,2
659,sub-01,rh-inferiorparietal,0.45999999999999996,0.0,0.4444444444444445,0.7076924162042224,None + Linear-SVM,unconscious,unconscious,False,Image,False,3,2,3,2
660,sub-01,rh-inferiorparietal,0.09333333333333334,-0.8528028654224417,0.0,0.8317957696945637,None + Linear-SVM,unconscious,unconscious,False,Image,False,1,0,10,4
661,sub-01,rh-inferiorparietal,0.38842975206611574,-0.06900655593423542,0.4,0.7384309813418809,None + Linear-SVM,unconscious,unconscious,False,Image,False,3,2,4,2
662,sub-01,rh-inferiorparietal,0.15384615384615385,-0.675,0.15384615384615385,0.8068281696730223,None + Linear-SVM,unconscious,unconscious,False,Image,False,1,1,7,4
663,sub-01,rh-inferiorparietal,0.25925925925925924,-0.6324555320336759,0.0,0.7749737311242316,None + Linear-SVM,unconscious,unconscious,False,Image,False,2,0,4,3
664,sub-01,rh-inferiorparietal,0.22448979591836737,-0.25819888974716115,0.4,0.7730512094946275,None + Linear-SVM,unconscious,unconscious,False,Image,False,2,3,6,3
665,sub-01,rh-inferiorparietal,0.23076923076923078,-0.35,0.3076923076923077,0.7435944730674803,None + Linear-SVM,unconscious,unconscious,False,Image,False,2,2,6,3
666,sub-01,rh-inferiorparietal,0.345679012345679,-0.35,0.25,0.7449953963603818,None + Linear-SVM,unconscious,unconscious,False,Image,False,2,1,3,3
667,sub-01,rh-inferiorparietal,0.47000000000000003,0.0,0.4444444444444445,0.7068025271926749,None + Linear-SVM,unconscious,unconscious,False,Image,False,3,2,3,2
668,sub-01,rh-inferiorparietal,0.20833333333333331,-0.6571428571428571,0.16666666666666666,0.7531903782971078,None + Linear-SVM,unconscious,unconscious,False,Image,False,1,1,6,4
669,sub-01,rh-inferiorparietal,0.20833333333333331,-0.47809144373375745,0.18181818181818182,0.7757916673584705,None + Linear-SVM,unconscious,unconscious,False,Image,False,2,1,6,3
670,sub-01,rh-inferiorparietal,0.13671875,-0.41818181818181815,0.25000000000000006,0.7815277751965226,None + Linear-SVM,unconscious,unconscious,False,Image,False,2,2,9,3
671,sub-01,rh-inferiorparietal,0.1900826446280992,-0.4485426135725303,0.2,0.7782370253567055,None + Linear-SVM,unconscious,unconscious,False,Image,False,2,1,5,3
672,sub-01,rh-inferiorparietal,0.35,-0.2182178902359924,0.25,0.7413942780645905,None + Linear-SVM,unconscious,unconscious,False,Image,False,3,1,4,2
673,sub-01,rh-inferiorparietal,0.6887755102040817,-0.40824829046386296,0.0,0.660503875643485,None + Linear-SVM,unconscious,unconscious,False,Image,False,5,0,2,7
674,sub-01,rh-inferiorparietal,0.5349999999999999,-0.041666666666666664,0.375,0.7014594046477093,None + Linear-SVM,unconscious,unconscious,False,Image,False,7,3,5,5
675,sub-01,rh-inferiorparietal,0.5424,0.12179487179487179,0.5599999999999999,0.6953252383343274,None + Linear-SVM,unconscious,unconscious,False,Image,False,7,7,6,5
676,sub-01,rh-inferiorparietal,0.546485260770975,0.027777777777777776,0.4444444444444444,0.6921578879990763,None + Linear-SVM,unconscious,unconscious,False,Image,False,7,4,5,5
677,sub-01,rh-inferiorparietal,0.6377551020408164,-0.47140452079103173,0.0,0.6644203272608384,None + Linear-SVM,unconscious,unconscious,False,Image,False,4,0,2,8
678,sub-01,rh-inferiorparietal,0.6608996539792388,-0.09128709291752769,0.3076923076923077,0.6702827303263996,None + Linear-SVM,unconscious,unconscious,False,Image,False,6,2,3,6
679,sub-01,rh-inferiorparietal,0.5275,-0.041666666666666664,0.375,0.7011265505757235,None + Linear-SVM,unconscious,unconscious,False,Image,False,7,3,5,5
680,sub-01,rh-inferiorparietal,0.6747404844290658,-0.015430334996209192,0.3333333333333333,0.666513870536126,None + Linear-SVM,unconscious,unconscious,False,Image,False,7,2,3,5
681,sub-01,rh-inferiorparietal,0.6025,0.08206099398622181,0.47058823529411764,0.6858319994174337,None + Linear-SVM,unconscious,unconscious,False,Image,False,7,4,4,5
682,sub-01,rh-inferiorparietal,0.5487528344671202,-0.05504818825631803,0.4210526315789474,0.6937642025742735,None + Linear-SVM,unconscious,unconscious,False,Image,False,6,4,5,6
683,sub-01,rh-inferiorparietal,0.590027700831025,-0.13095238095238096,0.2857142857142857,0.6847483804761328,None + Linear-SVM,unconscious,unconscious,False,Image,False,7,2,5,5
684,sub-01,rh-inferiorparietal,0.6327160493827161,-0.08058229640253803,0.30769230769230765,0.6712178413019382,None + Linear-SVM,unconscious,unconscious,False,Image,False,7,2,4,5
685,sub-01,rh-inferiorparietal,0.4669187145557656,-0.054278245606577465,0.39999999999999997,0.7124345327428449,None + Linear-SVM,unconscious,unconscious,False,Image,False,7,4,7,5
686,sub-01,rh-inferiorparietal,0.6539792387543253,-0.015430334996209192,0.3333333333333333,0.6676104233255846,None + Linear-SVM,unconscious,unconscious,False,Image,False,7,2,3,5
687,sub-01,rh-inferiorparietal,0.5736961451247166,0.027777777777777776,0.4444444444444444,0.6863224704659403,None + Linear-SVM,unconscious,unconscious,False,Image,False,7,4,5,5
688,sub-01,rh-inferiorparietal,0.7746913580246914,0.16116459280507606,0.4615384615384615,0.6468368499644751,None + Linear-SVM,unconscious,unconscious,False,Image,False,8,3,3,4
689,sub-01,rh-inferiorparietal,0.6141975308641976,-0.15811388300841897,0.28571428571428575,0.6780562929207696,None + Linear-SVM,unconscious,unconscious,False,Image,False,6,2,4,6
690,sub-01,rh-inferiorparietal,0.38820301783264743,-0.033149677206589796,0.5,0.7360653042055042,None + Linear-SVM,unconscious,unconscious,False,Image,False,6,7,8,6
691,sub-01,rh-inferiorparietal,0.49380165289256195,-0.23162640965743445,0.23529411764705882,0.7084176118114736,None + Linear-SVM,unconscious,unconscious,False,Image,False,7,2,8,5
692,sub-01,rh-inferiorparietal,0.6171875,-0.21821789023599236,0.18181818181818182,0.6722312540486347,None + Linear-SVM,unconscious,unconscious,False,Image,False,6,1,3,6
693,sub-01,rh-inferiorparietal,0.7058823529411764,-0.015430334996209192,0.3333333333333333,0.65698138736943,None + Linear-SVM,unconscious,unconscious,False,Image,False,7,2,3,5
694,sub-01,rh-inferiorparietal,0.46604938271604934,-0.6446583712203042,0.11764705882352942,0.7030769277280589,None + Linear-SVM,unconscious,unconscious,False,Image,False,2,1,5,10
695,sub-01,rh-inferiorparietal,0.6299999999999999,0.08206099398622181,0.47058823529411764,0.6728502929854956,None + Linear-SVM,unconscious,unconscious,False,Image,False,7,4,4,5
696,sub-01,rh-inferiorparietal,0.38820301783264743,0.033149677206589796,0.5517241379310344,0.7530520178919483,None + Linear-SVM,unconscious,unconscious,False,Image,False,6,8,7,6
697,sub-01,rh-inferiorparietal,0.6851851851851851,0.16116459280507606,0.4615384615384615,0.6638422247698192,None + Linear-SVM,unconscious,unconscious,False,Image,False,8,3,3,4
698,sub-01,rh-inferiorparietal,0.5330578512396694,0.08333333333333333,0.5,0.7016527371570903,None + Linear-SVM,unconscious,unconscious,False,Image,False,7,5,5,5
699,sub-01,rh-inferiorparietal,0.53,-0.2041241452319315,0.33333333333333326,0.6964789860984018,None + Linear-SVM,unconscious,unconscious,False,Image,False,5,3,5,7
700,sub-01,rh-inferiorparietal,0.5061728395061729,-0.15811388300841897,0.28571428571428575,0.6994577859280954,None + Linear-SVM,unconscious,unconscious,False,Image,False,6,2,4,6
701,sub-01,rh-inferiorparietal,0.7908163265306123,-0.11322770341445956,0.0,0.6428307538370606,None + Linear-SVM,unconscious,unconscious,False,Image,False,11,0,2,1
702,sub-01,rh-inferiorparietal,0.5125,-0.041666666666666664,0.375,0.7188011640872694,None + Linear-SVM,unconscious,unconscious,False,Image,False,7,3,5,5
703,sub-01,rh-inferiorparietal,0.5432525951557092,-0.015430334996209192,0.3333333333333333,0.6990774166195387,None + Linear-SVM,unconscious,unconscious,False,Image,False,7,2,3,5
704,sub-01,rh-inferiorparietal,0.5614366729678639,0.12406456138646277,0.5,0.6884051995030276,None + Linear-SVM,unconscious,unconscious,False,Image,False,8,5,6,4
705,sub-01,rh-inferiorparietal,0.5499999999999999,-0.12309149097933272,0.35294117647058826,0.6933519215018467,None + Linear-SVM,unconscious,unconscious,False,Image,False,6,3,5,6
706,sub-01,rh-inferiorparietal,0.7024221453287197,-0.015430334996209192,0.3333333333333333,0.6632233188536745,None + Linear-SVM,unconscious,unconscious,False,Image,False,7,2,3,5
707,sub-01,rh-inferiorparietal,0.6955017301038062,0.06356417261637282,0.3636363636363636,0.6535362445917157,None + Linear-SVM,unconscious,unconscious,False,Image,False,8,2,3,4
708,sub-01,rh-inferiorparietal,0.3739669421487603,-0.38821675738207223,0.2105263157894737,0.7428001913094952,None + Linear-SVM,unconscious,unconscious,False,Image,False,5,2,8,7
709,sub-01,rh-inferiorparietal,0.6697530864197531,0.0,0.4,0.6743032708919257,None + Linear-SVM,unconscious,unconscious,False,Image,False,6,3,3,6
710,sub-01,rh-inferiorparietal,0.45,-0.25,0.25,0.7233628883169048,None + Linear-SVM,unconscious,unconscious,False,Image,False,6,2,6,6
711,sub-01,rh-inferiorparietal,0.6171875,-0.2886751345948129,0.16666666666666666,0.6863388619395885,None + Linear-SVM,unconscious,unconscious,False,Image,False,5,1,3,7
712,sub-01,rh-inferiorparietal,0.5306122448979591,0.027777777777777776,0.4444444444444444,0.7007984247225609,None + Linear-SVM,unconscious,unconscious,False,Image,False,7,4,5,5
713,sub-01,rh-inferiorparietal,0.6074999999999999,0.08206099398622181,0.47058823529411764,0.6787560628453103,None + Linear-SVM,unconscious,unconscious,False,Image,False,7,4,4,5
714,sub-01,rh-inferiorparietal,0.67578125,0.07273929674533079,0.36363636363636365,0.669724000221794,None + Linear-SVM,unconscious,unconscious,False,Image,False,7,2,2,5
715,sub-01,rh-inferiorparietal,0.7612456747404843,0.16735967034880075,0.4615384615384615,0.6486380888108754,None + Linear-SVM,unconscious,unconscious,False,Image,False,7,3,2,5
716,sub-01,rh-inferiorparietal,0.5900277008310248,0.06900655593423542,0.47058823529411764,0.686611917502879,None + Linear-SVM,unconscious,unconscious,False,Image,False,6,4,3,6
717,sub-01,rh-inferiorparietal,0.5235457063711912,-0.20935894733965593,0.26666666666666666,0.6948829633800258,None + Linear-SVM,unconscious,unconscious,False,Image,False,6,2,5,6
718,sub-01,rh-inferiorparietal,0.500945179584121,0.0381690510345287,0.47619047619047616,0.7065997107340053,None + Linear-SVM,unconscious,unconscious,False,Image,False,7,5,6,5
719,sub-01,rh-inferiorparietal,0.558641975308642,-0.15811388300841897,0.28571428571428575,0.690070158134689,None + Linear-SVM,unconscious,unconscious,False,Image,False,6,2,4,6
720,sub-01,rh-inferiorparietal,0.7024221453287197,-0.015430334996209192,0.3333333333333333,0.667110370549972,None + Linear-SVM,unconscious,unconscious,False,Image,False,7,2,3,5
721,sub-01,rh-inferiorparietal,0.546875,-0.5773502691896258,0.0,0.6835838740969363,None + Linear-SVM,unconscious,unconscious,False,Image,False,2,0,2,4
722,sub-01,rh-inferiorparietal,0.38265306122448983,-0.125,0.42857142857142855,0.7368247818222813,None + Linear-SVM,unconscious,unconscious,False,Image,False,3,3,5,3
723,sub-01,rh-inferiorparietal,0.3905817174515235,0.26257545381445874,0.6956521739130435,0.7284111688893742,None + Linear-SVM,unconscious,unconscious,False,Image,False,4,8,5,2
724,sub-01,rh-inferiorparietal,0.40888888888888886,-0.05455447255899809,0.5,0.7270397360687895,None + Linear-SVM,unconscious,unconscious,False,Image,False,3,4,5,3
725,sub-01,rh-inferiorparietal,0.515625,-0.5773502691896258,0.0,0.6919120460506325,None + Linear-SVM,unconscious,unconscious,False,Image,False,2,0,2,4
726,sub-01,rh-inferiorparietal,0.4214876033057851,-0.4666666666666667,0.20000000000000004,0.7131195686035514,None + Linear-SVM,unconscious,unconscious,False,Image,False,2,1,4,4
727,sub-01,rh-inferiorparietal,0.40306122448979587,0.16666666666666666,0.5714285714285715,0.7392805210726586,None + Linear-SVM,unconscious,unconscious,False,Image,False,4,4,4,2
728,sub-01,rh-inferiorparietal,0.5537190082644629,0.26666666666666666,0.6,0.6954782433496773,None + Linear-SVM,unconscious,unconscious,False,Image,False,4,3,2,2
729,sub-01,rh-inferiorparietal,0.41836734693877553,0.0,0.5333333333333333,0.7204877316960608,None + Linear-SVM,unconscious,unconscious,False,Image,False,3,4,4,3
730,sub-01,rh-inferiorparietal,0.37777777777777777,-0.16666666666666666,0.4,0.7313021053478422,None + Linear-SVM,unconscious,unconscious,False,Image,False,3,3,6,3
731,sub-01,rh-inferiorparietal,0.3964497041420118,-0.21957751641341997,0.3333333333333333,0.7259071222788205,None + Linear-SVM,unconscious,unconscious,False,Image,False,3,2,5,3
732,sub-01,rh-inferiorparietal,0.48611111111111116,0.0,0.5,0.6955902936564188,None + Linear-SVM,unconscious,unconscious,False,Image,False,3,3,3,3
733,sub-01,rh-inferiorparietal,0.3079584775086506,0.030303030303030304,0.4705882352941177,0.7533257050393508,None + Linear-SVM,unconscious,unconscious,False,Image,False,4,4,7,2
734,sub-01,rh-inferiorparietal,0.5206611570247934,0.06900655593423542,0.4444444444444445,0.7018179434861973,None + Linear-SVM,unconscious,unconscious,False,Image,False,4,2,3,2
735,sub-01,rh-inferiorparietal,0.45333333333333337,0.21821789023599236,0.6250000000000001,0.7173697933575455,None + Linear-SVM,unconscious,unconscious,False,Image,False,4,5,4,2
736,sub-01,rh-inferiorparietal,0.6666666666666667,0.3333333333333333,0.6666666666666666,0.667773951076764,None + Linear-SVM,unconscious,unconscious,False,Image,False,4,4,2,2
737,sub-01,rh-inferiorparietal,0.5,0.0,0.5,0.704089719511381,None + Linear-SVM,unconscious,unconscious,False,Image,False,3,3,3,3
738,sub-01,rh-inferiorparietal,0.24943310657596374,0.12171612389003691,0.5833333333333334,0.779599146009363,None + Linear-SVM,unconscious,unconscious,False,Image,False,4,7,8,2
739,sub-01,rh-inferiorparietal,0.30859375,-0.09759000729485331,0.47058823529411764,0.7528050688593704,None + Linear-SVM,unconscious,unconscious,False,Image,False,3,4,6,3
740,sub-01,rh-inferiorparietal,0.51,-0.0890870806374748,0.28571428571428575,0.7092343222566446,None + Linear-SVM,unconscious,unconscious,False,Image,False,4,1,3,2
741,sub-01,rh-inferiorparietal,0.6115702479338843,0.06900655593423542,0.4444444444444445,0.6821242309946274,None + Linear-SVM,unconscious,unconscious,False,Image,False,4,2,3,2
742,sub-01,rh-inferiorparietal,0.3402777777777778,-0.50709255283711,0.1818181818181818,0.7441861429571013,None + Linear-SVM,unconscious,unconscious,False,Image,False,2,1,5,4
743,sub-01,rh-inferiorparietal,0.5,0.16666666666666666,0.5714285714285715,0.7064842153287619,None + Linear-SVM,unconscious,unconscious,False,Image,False,4,4,4,2
744,sub-01,rh-inferiorparietal,0.23129251700680276,-0.22360679774997896,0.36363636363636365,0.8011155278460451,None + Linear-SVM,unconscious,unconscious,False,Image,False,3,4,11,3
745,sub-01,rh-inferiorparietal,0.5416666666666667,0.1690308509457033,0.5454545454545454,0.6878144274968135,None + Linear-SVM,unconscious,unconscious,False,Image,False,4,3,3,2
746,sub-01,rh-inferiorparietal,0.37890625,-0.09759000729485331,0.47058823529411764,0.7398673171308497,None + Linear-SVM,unconscious,unconscious,False,Image,False,3,4,6,3
747,sub-01,rh-inferiorparietal,0.3520408163265306,-0.125,0.42857142857142855,0.7369576703958146,None + Linear-SVM,unconscious,unconscious,False,Image,False,3,3,5,3
748,sub-01,rh-inferiorparietal,0.3819444444444444,-0.1690308509457033,0.3636363636363636,0.7380268882515484,None + Linear-SVM,unconscious,unconscious,False,Image,False,3,2,4,3
749,sub-01,rh-inferiorparietal,0.71875,-0.2182178902359924,0.0,0.6515669750603695,None + Linear-SVM,unconscious,unconscious,False,Image,False,5,0,2,1
750,sub-01,rh-inferiorparietal,0.3622448979591837,0.0,0.5333333333333333,0.7609691738372316,None + Linear-SVM,unconscious,unconscious,False,Image,False,3,4,4,3
751,sub-01,rh-inferiorparietal,0.4628099173553719,0.06900655593423542,0.4444444444444445,0.7379067438021081,None + Linear-SVM,unconscious,unconscious,False,Image,False,4,2,3,2
752,sub-01,rh-inferiorparietal,0.4048442906574395,0.29012942659282975,0.7000000000000001,0.7224515586346204,None + Linear-SVM,unconscious,unconscious,False,Image,False,4,7,4,2
753,sub-01,rh-inferiorparietal,0.3877551020408163,-0.125,0.42857142857142855,0.7333301784171579,None + Linear-SVM,unconscious,unconscious,False,Image,False,3,3,5,3
754,sub-01,rh-inferiorparietal,0.5785123966942148,0.06900655593423542,0.4444444444444445,0.6918980942225376,None + Linear-SVM,unconscious,unconscious,False,Image,False,4,2,3,2
755,sub-01,rh-inferiorparietal,0.6446280991735538,0.06900655593423542,0.4444444444444445,0.6670954414180543,None + Linear-SVM,unconscious,unconscious,False,Image,False,4,2,3,2
756,sub-01,rh-inferiorparietal,0.22265625,-0.4666666666666667,0.25,0.7998588760273216,None + Linear-SVM,unconscious,unconscious,False,Image,False,2,2,8,4
757,sub-01,rh-inferiorparietal,0.5069444444444444,0.0,0.5,0.7064489028950746,None + Linear-SVM,unconscious,unconscious,False,Image,False,3,3,3,3
758,sub-01,rh-inferiorparietal,0.35714285714285715,-0.125,0.42857142857142855,0.7594074610382238,None + Linear-SVM,unconscious,unconscious,False,Image,False,3,3,5,3
759,sub-01,rh-inferiorparietal,0.43000000000000005,-0.408248290463863,0.22222222222222224,0.7336238804202092,None + Linear-SVM,unconscious,unconscious,False,Image,False,2,1,3,4
760,sub-01,rh-inferiorparietal,0.34222222222222226,0.1111111111111111,0.5333333333333333,0.7443642650310213,None + Linear-SVM,unconscious,unconscious,False,Image,False,4,4,5,2
761,sub-01,rh-inferiorparietal,0.4795918367346939,0.4166666666666667,0.75,0.7108642712871023,None + Linear-SVM,unconscious,unconscious,False,Image,False,4,6,2,2
762,sub-01,rh-inferiorparietal,0.53,0.0,0.4444444444444445,0.7033755238991793,None + Linear-SVM,unconscious,unconscious,False,Image,False,3,2,2,3
763,sub-01,rh-inferiorparietal,0.6528925619834711,0.4485426135725303,0.6666666666666665,0.6666543903739796,None + Linear-SVM,unconscious,unconscious,False,Image,False,5,3,2,1
764,sub-01,rh-inferiorparietal,0.3964497041420118,-0.21957751641341997,0.3333333333333333,0.7230765332644571,None + Linear-SVM,unconscious,unconscious,False,Image,False,3,2,5,3
765,sub-01,rh-inferiorparietal,0.3609467455621302,-0.21957751641341997,0.3333333333333333,0.7420172482561209,None + Linear-SVM,unconscious,unconscious,False,Image,False,3,2,5,3
766,sub-01,rh-inferiorparietal,0.32179930795847755,-0.04351941398892446,0.5263157894736842,0.7495484349909707,None + Linear-SVM,unconscious,unconscious,False,Image,False,3,5,6,3
767,sub-01,rh-inferiorparietal,0.39583333333333337,-0.1690308509457033,0.3636363636363636,0.73255287808712,None + Linear-SVM,unconscious,unconscious,False,Image,False,3,2,4,3
768,sub-01,rh-inferiorparietal,0.5289256198347108,0.06900655593423542,0.4444444444444445,0.7064120017686641,None + Linear-SVM,unconscious,unconscious,False,Image,False,4,2,3,2
769,sub-01,rh-inferiorparietal,0.680473372781065,-0.5393598899705937,0.0,0.6601534176362597,None + Linear-SVM,unconscious,unconscious,False,Image,False,3,0,2,8
770,sub-01,rh-inferiorparietal,0.5457063711911357,0.044946657497549475,0.47058823529411764,0.6998402406180761,None + Linear-SVM,unconscious,unconscious,False,Image,False,6,4,4,5
771,sub-01,rh-inferiorparietal,0.5260416666666667,0.26856632724128343,0.608695652173913,0.6975617084385654,None + Linear-SVM,unconscious,unconscious,False,Image,False,8,7,6,3
772,sub-01,rh-inferiorparietal,0.55,-0.010101010101010102,0.4444444444444444,0.689083131389569,None + Linear-SVM,unconscious,unconscious,False,Image,False,6,4,5,5
773,sub-01,rh-inferiorparietal,0.680473372781065,-0.6396021490668313,0.0,0.6595661273550012,None + Linear-SVM,unconscious,unconscious,False,Image,False,2,0,2,9
774,sub-01,rh-inferiorparietal,0.60546875,-0.41818181818181815,0.25000000000000006,0.6768738649458981,None + Linear-SVM,unconscious,unconscious,False,Image,False,2,2,3,9
775,sub-01,rh-inferiorparietal,0.5401662049861495,0.2326210525996177,0.5333333333333333,0.7010319008263505,None + Linear-SVM,unconscious,unconscious,False,Image,False,8,4,4,3
776,sub-01,rh-inferiorparietal,0.71484375,0.3133397807202561,0.5454545454545454,0.6667741932423586,None + Linear-SVM,unconscious,unconscious,False,Image,False,8,3,2,3
777,sub-01,rh-inferiorparietal,0.556786703601108,0.1086310236566852,0.42857142857142855,0.6899927310650986,None + Linear-SVM,unconscious,unconscious,False,Image,False,8,3,5,3
778,sub-01,rh-inferiorparietal,0.48750000000000004,-0.010101010101010102,0.4444444444444444,0.6990959253479967,None + Linear-SVM,unconscious,unconscious,False,Image,False,6,4,5,5
779,sub-01,rh-inferiorparietal,0.5154320987654321,-0.34188172937891387,0.25,0.6904864654297032,None + Linear-SVM,unconscious,unconscious,False,Image,False,4,2,5,7
780,sub-01,rh-inferiorparietal,0.6816608996539792,-0.04351941398892446,0.4,0.6631257119061241,None + Linear-SVM,unconscious,unconscious,False,Image,False,5,3,3,6
781,sub-01,rh-inferiorparietal,0.4793388429752067,0.18257418583505536,0.5714285714285713,0.7121524565710919,None + Linear-SVM,unconscious,unconscious,False,Image,False,7,6,5,4
782,sub-01,rh-inferiorparietal,0.64453125,0.12727272727272726,0.4000000000000001,0.6688271508307442,None + Linear-SVM,unconscious,unconscious,False,Image,False,8,2,3,3
783,sub-01,rh-inferiorparietal,0.5499999999999999,-0.010101010101010102,0.4444444444444444,0.6868503720422019,None + Linear-SVM,unconscious,unconscious,False,Image,False,6,4,5,5
784,sub-01,rh-inferiorparietal,0.7993079584775087,0.3825184261187248,0.6153846153846153,0.6484800359415857,None + Linear-SVM,unconscious,unconscious,False,Image,False,8,4,2,3
785,sub-01,rh-inferiorparietal,0.6020761245674741,0.06356417261637282,0.3636363636363636,0.6792683294694268,None + Linear-SVM,unconscious,unconscious,False,Image,False,8,2,4,3
786,sub-01,rh-inferiorparietal,0.3624260355029586,0.012012499502607453,0.5185185185185186,0.7400934621395395,None + Linear-SVM,unconscious,unconscious,False,Image,False,6,7,8,5
787,sub-01,rh-inferiorparietal,0.46031746031746035,-0.05504818825631803,0.4210526315789474,0.7104733743461301,None + Linear-SVM,unconscious,unconscious,False,Image,False,6,4,6,5
788,sub-01,rh-inferiorparietal,0.6533333333333333,-0.022727272727272728,0.25,0.6739110437564869,None + Linear-SVM,unconscious,unconscious,False,Image,False,8,1,3,3
789,sub-01,rh-inferiorparietal,0.73828125,0.3133397807202561,0.5454545454545454,0.6571123138075314,None + Linear-SVM,unconscious,unconscious,False,Image,False,8,3,2,3
790,sub-01,rh-inferiorparietal,0.4463667820069204,-0.7424242424242424,0.11764705882352942,0.7087014808229123,None + Linear-SVM,unconscious,unconscious,False,Image,False,1,1,5,10
791,sub-01,rh-inferiorparietal,0.5872576177285318,-0.044946657497549475,0.4444444444444445,0.6799838482657354,None + Linear-SVM,unconscious,unconscious,False,Image,False,5,4,4,6
792,sub-01,rh-inferiorparietal,0.3372781065088758,-0.14414999403128945,0.4444444444444445,0.763568797608608,None + Linear-SVM,unconscious,unconscious,False,Image,False,5,6,9,6
793,sub-01,rh-inferiorparietal,0.6643598615916956,0.22727272727272727,0.5,0.6687587544523641,None + Linear-SVM,unconscious,unconscious,False,Image,False,8,3,3,3
794,sub-01,rh-inferiorparietal,0.5374149659863945,0.13762047064079508,0.5263157894736842,0.7044881407624152,None + Linear-SVM,unconscious,unconscious,False,Image,False,7,5,5,4
795,sub-01,rh-inferiorparietal,0.4570637119113573,-0.45361105256925455,0.3,0.7078404109309511,None + Linear-SVM,unconscious,unconscious,False,Image,False,2,3,5,9
796,sub-01,rh-inferiorparietal,0.5224913494809689,-0.2030905986149808,0.28571428571428575,0.701572707989573,None + Linear-SVM,unconscious,unconscious,False,Image,False,5,2,4,6
797,sub-01,rh-inferiorparietal,0.8047337278106509,-0.12309149097933272,0.0,0.6392877560746263,None + Linear-SVM,unconscious,unconscious,False,Image,False,10,0,2,1
798,sub-01,rh-inferiorparietal,0.5457063711911357,0.13636363636363635,0.5,0.717633523240941,None + Linear-SVM,unconscious,unconscious,False,Image,False,7,4,4,4
799,sub-01,rh-inferiorparietal,0.625,0.12727272727272726,0.4000000000000001,0.6945454867315161,None + Linear-SVM,unconscious,unconscious,False,Image,False,8,2,3,3
800,sub-01,rh-inferiorparietal,0.5702479338842975,0.3651483716701107,0.6666666666666666,0.6920128142790858,None + Linear-SVM,unconscious,unconscious,False,Image,False,8,7,4,3
801,sub-01,rh-inferiorparietal,0.5152354570637119,-0.3522727272727273,0.3157894736842105,0.6942829049874422,None + Linear-SVM,unconscious,unconscious,False,Image,False,3,3,5,8
802,sub-01,rh-inferiorparietal,0.703125,0.12727272727272726,0.4000000000000001,0.6614227349800232,None + Linear-SVM,unconscious,unconscious,False,Image,False,8,2,3,3
803,sub-01,rh-inferiorparietal,0.71875,0.12727272727272726,0.4000000000000001,0.6529134042019378,None + Linear-SVM,unconscious,unconscious,False,Image,False,8,2,3,3
804,sub-01,rh-inferiorparietal,0.31972789115646255,-0.6181818181818182,0.1904761904761905,0.7552590729329796,None + Linear-SVM,unconscious,unconscious,False,Image,False,2,2,8,9
805,sub-01,rh-inferiorparietal,0.6505190311418685,-0.04351941398892446,0.4,0.6764463525432309,None + Linear-SVM,unconscious,unconscious,False,Image,False,5,3,3,6
806,sub-01,rh-inferiorparietal,0.47091412742382266,-0.20935894733965593,0.26666666666666666,0.7224860955048266,None + Linear-SVM,unconscious,unconscious,False,Image,False,6,2,6,5
807,sub-01,rh-inferiorparietal,0.6266666666666667,-0.3424747597107866,0.16666666666666666,0.6889283943776168,None + Linear-SVM,unconscious,unconscious,False,Image,False,4,1,3,7
808,sub-01,rh-inferiorparietal,0.4825,-0.1919191919191919,0.39999999999999997,0.7084526334423501,None + Linear-SVM,unconscious,unconscious,False,Image,False,4,4,5,7
809,sub-01,rh-inferiorparietal,0.6454293628808865,0.3522727272727273,0.625,0.6803324066080259,None + Linear-SVM,unconscious,unconscious,False,Image,False,8,5,3,3
810,sub-01,rh-inferiorparietal,0.671111111111111,-0.022727272727272728,0.25,0.6724326612070196,None + Linear-SVM,unconscious,unconscious,False,Image,False,8,1,3,3
811,sub-01,rh-inferiorparietal,0.79296875,0.3133397807202561,0.5454545454545454,0.6481317470682516,None + Linear-SVM,unconscious,unconscious,False,Image,False,8,3,2,3
812,sub-01,rh-inferiorparietal,0.5617283950617284,-0.025482359571881278,0.39999999999999997,0.6870676161612806,None + Linear-SVM,unconscious,unconscious,False,Image,False,6,3,4,5
813,sub-01,rh-inferiorparietal,0.5339506172839507,-0.025482359571881278,0.39999999999999997,0.6961977933633914,None + Linear-SVM,unconscious,unconscious,False,Image,False,6,3,4,5
814,sub-01,rh-inferiorparietal,0.4896694214876033,0.18257418583505536,0.5714285714285713,0.7098557283199743,None + Linear-SVM,unconscious,unconscious,False,Image,False,7,6,5,4
815,sub-01,rh-inferiorparietal,0.5086505190311419,-0.6038596398555418,0.2222222222222222,0.7004234696234811,None + Linear-SVM,unconscious,unconscious,False,Image,False,1,2,4,10
816,sub-01,rh-inferiorparietal,0.6484375,-0.22084711628963774,0.2857142857142857,0.6759762940936719,None + Linear-SVM,unconscious,unconscious,False,Image,False,4,2,3,7
817,sub-01,rh-inferiorparietal,0.7751479289940828,-0.39477101697586137,0.0,0.6265262954455545,None + Linear-SVM,unconscious,unconscious,False,Image,False,5,0,2,6
818,sub-01,rh-inferiorparietal,0.5817174515235457,-0.07954545454545454,0.375,0.6813434670890701,None + Linear-SVM,unconscious,unconscious,False,Image,False,6,3,5,5
819,sub-01,rh-inferiorparietal,0.5642361111111112,0.09894548898363074,0.5217391304347826,0.6824397875225542,None + Linear-SVM,unconscious,unconscious,False,Image,False,7,6,7,4
820,sub-01,rh-inferiorparietal,0.5825,-0.010101010101010102,0.4444444444444444,0.6751734007930149,None + Linear-SVM,unconscious,unconscious,False,Image,False,6,4,5,5
821,sub-01,rh-inferiorparietal,0.7633136094674556,-0.4605661864718383,0.0,0.6288064253976829,None + Linear-SVM,unconscious,unconscious,False,Image,False,4,0,2,7
822,sub-01,rh-inferiorparietal,0.671875,-0.13483997249264842,0.3076923076923077,0.6540889561040543,None + Linear-SVM,unconscious,unconscious,False,Image,False,5,2,3,6
823,sub-01,rh-inferiorparietal,0.6121883656509696,0.2326210525996177,0.5333333333333333,0.6726655179724038,None + Linear-SVM,unconscious,unconscious,False,Image,False,8,4,4,3
824,sub-01,rh-inferiorparietal,0.7109375,0.034815531191139566,0.3636363636363636,0.6478568083149645,None + Linear-SVM,unconscious,unconscious,False,Image,False,7,2,3,4
825,sub-01,rh-inferiorparietal,0.6094182825484765,-0.044946657497549475,0.4444444444444445,0.6722160583843696,None + Linear-SVM,unconscious,unconscious,False,Image,False,5,4,4,6
826,sub-01,rh-inferiorparietal,0.565,-0.10050378152592121,0.4210526315789474,0.6777654768581789,None + Linear-SVM,unconscious,unconscious,False,Image,False,5,4,5,6
827,sub-01,rh-inferiorparietal,0.5864197530864197,-0.2548235957188128,0.26666666666666666,0.6754070490507035,None + Linear-SVM,unconscious,unconscious,False,Image,False,5,2,5,6
828,sub-01,rh-inferiorparietal,0.71280276816609,0.13241022442571243,0.4615384615384615,0.6417681644340899,None + Linear-SVM,unconscious,unconscious,False,Image,False,7,3,3,4
829,sub-01,rh-inferiorparietal,0.5144628099173554,0.09090909090909091,0.5454545454545454,0.6972086318129095,None + Linear-SVM,unconscious,unconscious,False,Image,False,6,6,5,5
830,sub-01,rh-inferiorparietal,0.71484375,-0.050964719143762556,0.3333333333333333,0.646857283134815,None + Linear-SVM,unconscious,unconscious,False,Image,False,6,2,3,5
831,sub-01,rh-inferiorparietal,0.605,-0.010101010101010102,0.4444444444444444,0.6697723724594657,None + Linear-SVM,unconscious,unconscious,False,Image,False,6,4,5,5
832,sub-01,rh-inferiorparietal,0.8027681660899655,0.3825184261187248,0.6153846153846153,0.6237266988383716,None + Linear-SVM,unconscious,unconscious,False,Image,False,8,4,2,3
833,sub-01,rh-inferiorparietal,0.6505190311418685,-0.11769797726729993,0.30769230769230765,0.6528723197231977,None + Linear-SVM,unconscious,unconscious,False,Image,False,6,2,4,5
834,sub-01,rh-inferiorparietal,0.42011834319526625,0.012012499502607453,0.5185185185185186,0.725732713248746,None + Linear-SVM,unconscious,unconscious,False,Image,False,6,7,8,5
835,sub-01,rh-inferiorparietal,0.5260770975056689,0.13762047064079508,0.5263157894736842,0.69398995919454,None + Linear-SVM,unconscious,unconscious,False,Image,False,7,5,5,4
836,sub-01,rh-inferiorparietal,0.7066666666666667,-0.1846372364689991,0.2,0.6427240705158438,None + Linear-SVM,unconscious,unconscious,False,Image,False,6,1,3,5
837,sub-01,rh-inferiorparietal,0.765625,0.12727272727272726,0.4000000000000001,0.6315708907123009,None + Linear-SVM,unconscious,unconscious,False,Image,False,8,2,3,3
838,sub-01,rh-inferiorparietal,0.5674740484429066,-0.4497006112188861,0.14285714285714288,0.6863096152702924,None + Linear-SVM,unconscious,unconscious,False,Image,False,4,1,5,7
839,sub-01,rh-inferiorparietal,0.6980609418282548,0.044946657497549475,0.47058823529411764,0.6537177067132687,None + Linear-SVM,unconscious,unconscious,False,Image,False,6,4,4,5
840,sub-01,rh-inferiorparietal,0.41124260355029585,-0.0778498944161523,0.5,0.7464605642047767,None + Linear-SVM,unconscious,unconscious,False,Image,False,5,7,8,6
841,sub-01,rh-inferiorparietal,0.6885813148788927,0.22727272727272727,0.5,0.6518962760851081,None + Linear-SVM,unconscious,unconscious,False,Image,False,8,3,3,3
842,sub-01,rh-inferiorparietal,0.5873015873015872,-0.05504818825631803,0.4210526315789474,0.6826521214484397,None + Linear-SVM,unconscious,unconscious,False,Image,False,6,4,6,5
843,sub-01,rh-inferiorparietal,0.5429362880886426,-0.1685499656158105,0.35294117647058826,0.6872623999446693,None + Linear-SVM,unconscious,unconscious,False,Image,False,5,3,5,6
844,sub-01,rh-inferiorparietal,0.5813148788927336,-0.2030905986149808,0.28571428571428575,0.6822239751742691,None + Linear-SVM,unconscious,unconscious,False,Image,False,5,2,4,6
845,sub-01,rh-inferiorparietal,0.8639053254437871,-0.10112997936948631,0.2,0.6121782233368157,None + Linear-SVM,unconscious,unconscious,False,Image,False,4,1,1,7
846,sub-01,rh-inferiorparietal,0.551246537396122,-0.07954545454545454,0.375,0.7013757510769971,None + Linear-SVM,unconscious,unconscious,False,Image,False,6,3,5,5
847,sub-01,rh-inferiorparietal,0.62109375,-0.050964719143762556,0.3333333333333333,0.669480612403428,None + Linear-SVM,unconscious,unconscious,False,Image,False,6,2,3,5
848,sub-01,rh-inferiorparietal,0.5785123966942148,0.09245003270420485,0.5,0.6793303274155098,None + Linear-SVM,unconscious,unconscious,False,Image,False,7,5,6,4
849,sub-01,rh-inferiorparietal,0.5872576177285319,-0.1685499656158105,0.35294117647058826,0.6760743571566901,None + Linear-SVM,unconscious,unconscious,False,Image,False,5,3,5,6
850,sub-01,rh-inferiorparietal,0.72265625,-0.050964719143762556,0.3333333333333333,0.6442071516889496,None + Linear-SVM,unconscious,unconscious,False,Image,False,6,2,3,5
851,sub-01,rh-inferiorparietal,0.8125,0.13483997249264842,0.4615384615384615,0.6215681731852414,None + Linear-SVM,unconscious,unconscious,False,Image,False,6,3,2,5
852,sub-01,rh-inferiorparietal,0.4240362811791384,-0.33636363636363636,0.3,0.7374206780498864,None + Linear-SVM,unconscious,unconscious,False,Image,False,4,3,7,7
853,sub-01,rh-inferiorparietal,0.7093425605536332,0.04351941398892446,0.42857142857142855,0.6481523501884846,None + Linear-SVM,unconscious,unconscious,False,Image,False,6,3,3,5
854,sub-01,rh-inferiorparietal,0.556786703601108,-0.1685499656158105,0.35294117647058826,0.7005697418888686,None + Linear-SVM,unconscious,unconscious,False,Image,False,5,3,5,6
855,sub-01,rh-inferiorparietal,0.6666666666666665,-0.2618924633082486,0.18181818181818182,0.6666077627554751,None + Linear-SVM,unconscious,unconscious,False,Image,False,5,1,3,6
856,sub-01,rh-inferiorparietal,0.5800000000000001,-0.010101010101010102,0.4444444444444444,0.6870141049656032,None + Linear-SVM,unconscious,unconscious,False,Image,False,6,4,5,5
857,sub-01,rh-inferiorparietal,0.6509695290858725,0.13636363636363635,0.5,0.6613146864088715,None + Linear-SVM,unconscious,unconscious,False,Image,False,7,4,4,4
858,sub-01,rh-inferiorparietal,0.72,0.040291148201269014,0.36363636363636365,0.6485115605436982,None + Linear-SVM,unconscious,unconscious,False,Image,False,6,2,2,5
859,sub-01,rh-inferiorparietal,0.8359375,0.3133397807202561,0.5454545454545454,0.622113331722317,None + Linear-SVM,unconscious,unconscious,False,Image,False,8,3,2,3
860,sub-01,rh-inferiorparietal,0.5864197530864198,-0.11396057645963795,0.375,0.6776037819982363,None + Linear-SVM,unconscious,unconscious,False,Image,False,5,3,4,6
861,sub-01,rh-inferiorparietal,0.5679012345679013,-0.11396057645963795,0.375,0.6845385097912771,None + Linear-SVM,unconscious,unconscious,False,Image,False,5,3,4,6
862,sub-01,rh-inferiorparietal,0.5,0.0,0.47619047619047616,0.7003593886908882,None + Linear-SVM,unconscious,unconscious,False,Image,False,6,5,6,5
863,sub-01,rh-inferiorparietal,0.6089965397923875,-0.2030905986149808,0.28571428571428575,0.6734665129763514,None + Linear-SVM,unconscious,unconscious,False,Image,False,5,2,4,6
864,sub-01,rh-inferiorparietal,0.75390625,0.22084711628963774,0.5,0.647702592053655,None + Linear-SVM,unconscious,unconscious,False,Image,False,7,3,2,4
865,sub-01,rh-inferiorparietal,0.71875,-0.4472135954999579,0.0,0.6379321778679565,None + Linear-SVM,unconscious,unconscious,False,Image,False,3,0,2,3
866,sub-01,rh-inferiorparietal,0.4693877551020408,0.28867513459481287,0.6666666666666666,0.7145937974809933,None + Linear-SVM,unconscious,unconscious,False,Image,False,4,5,3,2
867,sub-01,rh-inferiorparietal,0.45429362880886426,0.4200412794412907,0.8,0.7125994607093241,None + Linear-SVM,unconscious,unconscious,False,Image,False,4,10,3,2
868,sub-01,rh-inferiorparietal,0.52,0.4444444444444444,0.7777777777777778,0.7003039017417022,None + Linear-SVM,unconscious,unconscious,False,Image,False,4,7,2,2
869,sub-01,rh-inferiorparietal,0.734375,-0.3333333333333333,0.0,0.6398144333416796,None + Linear-SVM,unconscious,unconscious,False,Image,False,4,0,2,2
870,sub-01,rh-inferiorparietal,0.5785123966942148,0.06900655593423542,0.4444444444444445,0.6783094482994849,None + Linear-SVM,unconscious,unconscious,False,Image,False,4,2,3,2
871,sub-01,rh-inferiorparietal,0.4897959183673469,0.16666666666666666,0.5714285714285715,0.7096993885273545,None + Linear-SVM,unconscious,unconscious,False,Image,False,4,4,4,2
872,sub-01,rh-inferiorparietal,0.628099173553719,0.26666666666666666,0.6,0.6705517980275668,None + Linear-SVM,unconscious,unconscious,False,Image,False,4,3,2,2
873,sub-01,rh-inferiorparietal,0.5408163265306123,0.28867513459481287,0.6666666666666666,0.6973303908045541,None + Linear-SVM,unconscious,unconscious,False,Image,False,4,5,3,2
874,sub-01,rh-inferiorparietal,0.5111111111111111,0.32732683535398854,0.7058823529411765,0.7096431553535328,None + Linear-SVM,unconscious,unconscious,False,Image,False,4,6,3,2
875,sub-01,rh-inferiorparietal,0.5443786982248521,0.23809523809523808,0.6153846153846153,0.6978590228940978,None + Linear-SVM,unconscious,unconscious,False,Image,False,4,4,3,2
876,sub-01,rh-inferiorparietal,0.6597222222222222,0.3333333333333333,0.6666666666666666,0.6551067958025207,None + Linear-SVM,unconscious,unconscious,False,Image,False,4,4,2,2
877,sub-01,rh-inferiorparietal,0.3944636678200692,0.29012942659282975,0.7000000000000001,0.733577981888088,None + Linear-SVM,unconscious,unconscious,False,Image,False,4,7,4,2
878,sub-01,rh-inferiorparietal,0.6115702479338843,0.06900655593423542,0.4444444444444445,0.6734309225653962,None + Linear-SVM,unconscious,unconscious,False,Image,False,4,2,3,2
879,sub-01,rh-inferiorparietal,0.5466666666666666,0.32732683535398854,0.7058823529411765,0.6966953432178917,None + Linear-SVM,unconscious,unconscious,False,Image,False,4,6,3,2
880,sub-01,rh-inferiorparietal,0.7916666666666666,0.50709255283711,0.7272727272727272,0.6388778332163568,None + Linear-SVM,unconscious,unconscious,False,Image,False,5,4,2,1
881,sub-01,rh-inferiorparietal,0.5902777777777778,0.3333333333333333,0.6666666666666666,0.6819371992625077,None + Linear-SVM,unconscious,unconscious,False,Image,False,4,4,2,2
882,sub-01,rh-inferiorparietal,0.30385487528344673,0.18090680674665818,0.64,0.7622821548049998,None + Linear-SVM,unconscious,unconscious,False,Image,False,4,8,7,2
883,sub-01,rh-inferiorparietal,0.421875,0.3578300267477955,0.7368421052631577,0.7291738219238735,None + Linear-SVM,unconscious,unconscious,False,Image,False,4,7,3,2
884,sub-01,rh-inferiorparietal,0.62,0.16666666666666666,0.5,0.6705090543527512,None + Linear-SVM,unconscious,unconscious,False,Image,False,4,2,2,2
885,sub-01,rh-inferiorparietal,0.71900826446281,0.2608745973749754,0.5,0.6492115463035991,None + Linear-SVM,unconscious,unconscious,False,Image,False,5,2,3,1
886,sub-01,rh-inferiorparietal,0.4583333333333333,-0.1690308509457033,0.3636363636363636,0.7198766708604766,None + Linear-SVM,unconscious,unconscious,False,Image,False,3,2,4,3
887,sub-01,rh-inferiorparietal,0.5867346938775511,0.4166666666666667,0.75,0.6805555719633715,None + Linear-SVM,unconscious,unconscious,False,Image,False,4,6,2,2
888,sub-01,rh-inferiorparietal,0.31519274376417233,0.18090680674665818,0.64,0.7857119836900965,None + Linear-SVM,unconscious,unconscious,False,Image,False,4,8,7,2
889,sub-01,rh-inferiorparietal,0.6527777777777778,0.3333333333333333,0.6666666666666666,0.6640522386065562,None + Linear-SVM,unconscious,unconscious,False,Image,False,4,4,2,2
890,sub-01,rh-inferiorparietal,0.5234375,0.16265001215808886,0.588235294117647,0.7106699090791244,None + Linear-SVM,unconscious,unconscious,False,Image,False,4,5,5,2
891,sub-01,rh-inferiorparietal,0.47959183673469385,0.04303314829119352,0.4615384615384615,0.7150593599680768,None + Linear-SVM,unconscious,unconscious,False,Image,False,4,3,5,2
892,sub-01,rh-inferiorparietal,0.45833333333333337,0.0,0.4,0.7124734233490585,None + Linear-SVM,unconscious,unconscious,False,Image,False,4,2,4,2
893,sub-01,rh-inferiorparietal,0.828125,0.0,0.3333333333333333,0.6091066862416981,None + Linear-SVM,unconscious,unconscious,False,Image,False,3,1,1,3
894,sub-01,rh-inferiorparietal,0.4489795918367347,0.16666666666666666,0.5714285714285715,0.7331852101680554,None + Linear-SVM,unconscious,unconscious,False,Image,False,4,4,4,2
895,sub-01,rh-inferiorparietal,0.5289256198347108,0.06900655593423542,0.4444444444444445,0.6951789922210856,None + Linear-SVM,unconscious,unconscious,False,Image,False,4,2,3,2
896,sub-01,rh-inferiorparietal,0.47750865051903113,0.3825184261187248,0.761904761904762,0.7073690263636178,None + Linear-SVM,unconscious,unconscious,False,Image,False,4,8,3,2
897,sub-01,rh-inferiorparietal,0.5153061224489796,0.16666666666666666,0.5714285714285715,0.7079252528280041,None + Linear-SVM,unconscious,unconscious,False,Image,False,4,4,4,2
898,sub-01,rh-inferiorparietal,0.6694214876033058,0.26666666666666666,0.6,0.6577426592753353,None + Linear-SVM,unconscious,unconscious,False,Image,False,4,3,2,2
899,sub-01,rh-inferiorparietal,0.7851239669421488,0.4485426135725303,0.6666666666666665,0.6340621081999338,None + Linear-SVM,unconscious,unconscious,False,Image,False,5,3,2,1
900,sub-01,rh-inferiorparietal,0.328125,-0.2,0.37499999999999994,0.774427985546799,None + Linear-SVM,unconscious,unconscious,False,Image,False,3,3,7,3
901,sub-01,rh-inferiorparietal,0.6527777777777778,0.3333333333333333,0.6666666666666666,0.6731967070136129,None + Linear-SVM,unconscious,unconscious,False,Image,False,4,4,2,2
902,sub-01,rh-inferiorparietal,0.39285714285714285,-0.125,0.42857142857142855,0.743389160608815,None + Linear-SVM,unconscious,unconscious,False,Image,False,3,3,5,3
903,sub-01,rh-inferiorparietal,0.6200000000000001,0.16666666666666666,0.5,0.6929921171906583,None + Linear-SVM,unconscious,unconscious,False,Image,False,4,2,2,2
904,sub-01,rh-inferiorparietal,0.42666666666666664,0.1111111111111111,0.5333333333333333,0.7217435971065446,None + Linear-SVM,unconscious,unconscious,False,Image,False,4,4,5,2
905,sub-01,rh-inferiorparietal,0.5357142857142857,0.4166666666666667,0.75,0.6851252911193165,None + Linear-SVM,unconscious,unconscious,False,Image,False,4,6,2,2
906,sub-01,rh-inferiorparietal,0.6200000000000001,0.16666666666666666,0.5,0.6682312088077181,None + Linear-SVM,unconscious,unconscious,False,Image,False,4,2,2,2
907,sub-01,rh-inferiorparietal,0.7520661157024793,0.4485426135725303,0.6666666666666665,0.6395226366500093,None + Linear-SVM,unconscious,unconscious,False,Image,False,5,3,2,1
908,sub-01,rh-inferiorparietal,0.5325443786982249,0.23809523809523808,0.6153846153846153,0.701915004695238,None + Linear-SVM,unconscious,unconscious,False,Image,False,4,4,3,2
909,sub-01,rh-inferiorparietal,0.4497041420118343,0.09759000729485333,0.5,0.7185995186272277,None + Linear-SVM,unconscious,unconscious,False,Image,False,4,3,4,2
910,sub-01,rh-inferiorparietal,0.4359861591695502,0.3825184261187248,0.761904761904762,0.7250559033195493,None + Linear-SVM,unconscious,unconscious,False,Image,False,4,8,3,2
911,sub-01,rh-inferiorparietal,0.5,0.1690308509457033,0.5454545454545454,0.7062313382186072,None + Linear-SVM,unconscious,unconscious,False,Image,False,4,3,3,2
912,sub-01,rh-inferiorparietal,0.6363636363636364,0.26666666666666666,0.6,0.6717960465158349,None + Linear-SVM,unconscious,unconscious,False,Image,False,4,3,2,2
913,sub-01,rh-inferiorparietal,0.5918367346938775,-0.5477225575051661,0.0,0.6643156873663008,None + Linear-SVM,unconscious,unconscious,False,Image,False,2,0,2,3
914,sub-01,rh-inferiorparietal,0.42011834319526625,0.09759000729485333,0.5714285714285715,0.7304169024367138,None + Linear-SVM,unconscious,unconscious,False,Image,False,3,4,4,2
915,sub-01,rh-inferiorparietal,0.4228395061728395,0.305085107923876,0.6666666666666667,0.7253946215731824,None + Linear-SVM,unconscious,unconscious,False,Image,False,4,7,6,1
916,sub-01,rh-inferiorparietal,0.4489795918367347,0.14907119849998599,0.6250000000000001,0.7175894233957603,None + Linear-SVM,unconscious,unconscious,False,Image,False,3,5,4,2
917,sub-01,rh-inferiorparietal,0.5918367346938775,-0.5477225575051661,0.0,0.6636951728746643,None + Linear-SVM,unconscious,unconscious,False,Image,False,2,0,2,3
918,sub-01,rh-inferiorparietal,0.51,0.0,0.4444444444444445,0.6985764868686795,None + Linear-SVM,unconscious,unconscious,False,Image,False,3,2,3,2
919,sub-01,rh-inferiorparietal,0.47928994082840237,0.3,0.6153846153846154,0.7283264965481426,None + Linear-SVM,unconscious,unconscious,False,Image,False,4,4,4,1
920,sub-01,rh-inferiorparietal,0.6300000000000001,0.408248290463863,0.6666666666666665,0.688204916556393,None + Linear-SVM,unconscious,unconscious,False,Image,False,4,3,2,1
921,sub-01,rh-inferiorparietal,0.4497041420118343,0.09759000729485333,0.5714285714285715,0.7157850353758112,None + Linear-SVM,unconscious,unconscious,False,Image,False,3,4,4,2
922,sub-01,rh-inferiorparietal,0.336734693877551,-0.25819888974716115,0.4,0.7277816222528177,None + Linear-SVM,unconscious,unconscious,False,Image,False,2,3,6,3
923,sub-01,rh-inferiorparietal,0.43750000000000006,0.02857142857142857,0.5,0.717599179797629,None + Linear-SVM,unconscious,unconscious,False,Image,False,3,3,4,2
924,sub-01,rh-inferiorparietal,0.5950413223140496,0.3105295017040594,0.6,0.6755145745520443,None + Linear-SVM,unconscious,unconscious,False,Image,False,4,3,3,1
925,sub-01,rh-inferiorparietal,0.34765625,0.13483997249264842,0.631578947368421,0.7511599245656828,None + Linear-SVM,unconscious,unconscious,False,Image,False,3,6,5,2
926,sub-01,rh-inferiorparietal,0.59,0.2,0.6,0.6845753256047488,None + Linear-SVM,unconscious,unconscious,False,Image,False,3,3,2,2
927,sub-01,rh-inferiorparietal,0.42857142857142855,0.04303314829119352,0.5333333333333333,0.7121460726347912,None + Linear-SVM,unconscious,unconscious,False,Image,False,3,4,5,2
928,sub-01,rh-inferiorparietal,0.7520661157024793,0.6900655593423543,0.8,0.6544120458070872,None + Linear-SVM,unconscious,unconscious,False,Image,False,5,4,2,0
929,sub-01,rh-inferiorparietal,0.47933884297520657,0.14907119849998599,0.4444444444444444,0.6976224138179421,None + Linear-SVM,unconscious,unconscious,False,Image,False,4,2,4,1
930,sub-01,rh-inferiorparietal,0.2325,0.058025885318565944,0.5833333333333334,0.7802736597250609,None + Linear-SVM,unconscious,unconscious,False,Image,False,3,7,8,2
931,sub-01,rh-inferiorparietal,0.35111111111111115,0.09449111825230681,0.588235294117647,0.7458811514852921,None + Linear-SVM,unconscious,unconscious,False,Image,False,3,5,5,2
932,sub-01,rh-inferiorparietal,0.5308641975308642,-0.15811388300841897,0.28571428571428575,0.6946901304350344,None + Linear-SVM,unconscious,unconscious,False,Image,False,3,1,3,2
933,sub-01,rh-inferiorparietal,0.6400000000000001,0.408248290463863,0.6666666666666665,0.6668505523846189,None + Linear-SVM,unconscious,unconscious,False,Image,False,4,3,2,1
934,sub-01,rh-inferiorparietal,0.2892561983471075,-0.4485426135725303,0.2,0.7451067077068749,None + Linear-SVM,unconscious,unconscious,False,Image,False,2,1,5,3
935,sub-01,rh-inferiorparietal,0.5325443786982249,0.3,0.6153846153846154,0.6972742492015782,None + Linear-SVM,unconscious,unconscious,False,Image,False,4,4,4,1
936,sub-01,rh-inferiorparietal,0.21500000000000002,-0.23570226039551584,0.43478260869565216,0.8066934028441357,None + Linear-SVM,unconscious,unconscious,False,Image,False,2,5,10,3
937,sub-01,rh-inferiorparietal,0.5702479338842975,0.5590169943749475,0.6666666666666666,0.6828204475875563,None + Linear-SVM,unconscious,unconscious,False,Image,False,5,3,3,0
938,sub-01,rh-inferiorparietal,0.44888888888888884,0.09449111825230681,0.588235294117647,0.7282984021098932,None + Linear-SVM,unconscious,unconscious,False,Image,False,3,5,5,2
939,sub-01,rh-inferiorparietal,0.38461538461538464,-0.025,0.4615384615384615,0.7347892547530063,None + Linear-SVM,unconscious,unconscious,False,Image,False,3,3,5,2
940,sub-01,rh-inferiorparietal,0.3884297520661157,-0.06900655593423542,0.4,0.7321485741337148,None + Linear-SVM,unconscious,unconscious,False,Image,False,3,2,4,2
941,sub-01,rh-inferiorparietal,0.7346938775510204,0.0,0.0,0.6314222403657027,None + Linear-SVM,unconscious,unconscious,False,Image,False,5,0,2,0
942,sub-01,rh-inferiorparietal,0.40828402366863903,0.09759000729485333,0.5714285714285715,0.75853823124124,None + Linear-SVM,unconscious,unconscious,False,Image,False,3,4,4,2
943,sub-01,rh-inferiorparietal,0.49,0.0,0.4444444444444445,0.7266082623645715,None + Linear-SVM,unconscious,unconscious,False,Image,False,3,2,3,2
944,sub-01,rh-inferiorparietal,0.47265625,0.40451991747794525,0.7368421052631579,0.7168822197282338,None + Linear-SVM,unconscious,unconscious,False,Image,False,4,7,4,1
945,sub-01,rh-inferiorparietal,0.40236686390532544,-0.025,0.4615384615384615,0.729955503705438,None + Linear-SVM,unconscious,unconscious,False,Image,False,3,3,5,2
946,sub-01,rh-inferiorparietal,0.58,0.0,0.4444444444444445,0.6790542448693907,None + Linear-SVM,unconscious,unconscious,False,Image,False,3,2,3,2
947,sub-01,rh-inferiorparietal,0.7,0.2,0.6,0.6510974113537589,None + Linear-SVM,unconscious,unconscious,False,Image,False,3,3,2,2
948,sub-01,rh-inferiorparietal,0.15555555555555556,-0.4,0.26666666666666666,0.8055075669108499,None + Linear-SVM,unconscious,unconscious,False,Image,False,2,2,8,3
949,sub-01,rh-inferiorparietal,0.5537190082644629,0.1,0.5454545454545454,0.6979414318856818,None + Linear-SVM,unconscious,unconscious,False,Image,False,3,3,3,2
950,sub-01,rh-inferiorparietal,0.29585798816568043,-0.35,0.3076923076923077,0.7655229229084258,None + Linear-SVM,unconscious,unconscious,False,Image,False,2,2,6,3
951,sub-01,rh-inferiorparietal,0.5308641975308642,-0.15811388300841897,0.28571428571428575,0.7181028119030927,None + Linear-SVM,unconscious,unconscious,False,Image,False,3,1,3,2
952,sub-01,rh-inferiorparietal,0.3979591836734694,0.04303314829119352,0.5333333333333333,0.73621054768458,None + Linear-SVM,unconscious,unconscious,False,Image,False,3,4,5,2
953,sub-01,rh-inferiorparietal,0.47337278106508873,0.18446619684315546,0.5,0.7037827935554073,None + Linear-SVM,unconscious,unconscious,False,Image,False,4,3,5,1
954,sub-01,rh-inferiorparietal,0.6049382716049383,0.1,0.5,0.6942927358158881,None + Linear-SVM,unconscious,unconscious,False,Image,False,3,2,2,2
955,sub-01,rh-inferiorparietal,0.73,0.408248290463863,0.6666666666666665,0.6512556140248934,None + Linear-SVM,unconscious,unconscious,False,Image,False,4,3,2,1
956,sub-01,rh-inferiorparietal,0.45138888888888884,0.1690308509457033,0.6153846153846153,0.7162785249132241,None + Linear-SVM,unconscious,unconscious,False,Image,False,3,4,3,2
957,sub-01,rh-inferiorparietal,0.3958333333333333,0.02857142857142857,0.5,0.736682864774704,None + Linear-SVM,unconscious,unconscious,False,Image,False,3,3,4,2
958,sub-01,rh-inferiorparietal,0.359375,0.050964719143762556,0.5555555555555556,0.7462690585206135,None + Linear-SVM,unconscious,unconscious,False,Image,False,3,5,6,2
959,sub-01,rh-inferiorparietal,0.42148760330578505,-0.26666666666666666,0.3636363636363636,0.7315607173299203,None + Linear-SVM,unconscious,unconscious,False,Image,False,2,2,4,3
960,sub-01,rh-inferiorparietal,0.5800000000000001,0.2182178902359924,0.5,0.6912538197757898,None + Linear-SVM,unconscious,unconscious,False,Image,False,4,2,3,1
961,sub-01,rh-inferiorparietal,0.51,-0.6123724356957946,0.0,0.6969397474876681,None + Linear-SVM,unconscious,unconscious,False,Image,False,2,0,2,6
962,sub-01,rh-inferiorparietal,0.3046875,-0.3779644730092272,0.26666666666666666,0.7444260870664396,None + Linear-SVM,unconscious,unconscious,False,Image,False,3,2,6,5
963,sub-01,rh-inferiorparietal,0.3922902494331066,-0.11322770341445958,0.4545454545454546,0.7219895699234926,None + Linear-SVM,unconscious,unconscious,False,Image,False,4,5,8,4
964,sub-01,rh-inferiorparietal,0.370242214532872,-0.1690308509457033,0.375,0.7278133927857352,None + Linear-SVM,unconscious,unconscious,False,Image,False,4,3,6,4
965,sub-01,rh-inferiorparietal,0.44999999999999996,-0.6123724356957946,0.0,0.7143834045351488,None + Linear-SVM,unconscious,unconscious,False,Image,False,2,0,2,6
966,sub-01,rh-inferiorparietal,0.42603550295857984,-0.5367450401216932,0.16666666666666666,0.7130009594357868,None + Linear-SVM,unconscious,unconscious,False,Image,False,2,1,4,6
967,sub-01,rh-inferiorparietal,0.36328125,-0.1259881576697424,0.39999999999999997,0.7367473698646407,None + Linear-SVM,unconscious,unconscious,False,Image,False,4,3,5,4
968,sub-01,rh-inferiorparietal,0.544378698224852,0.025,0.4000000000000001,0.6975200750006328,None + Linear-SVM,unconscious,unconscious,False,Image,False,5,2,3,3
969,sub-01,rh-inferiorparietal,0.41796875,-0.1259881576697424,0.39999999999999997,0.7190217552060332,None + Linear-SVM,unconscious,unconscious,False,Image,False,4,3,5,4
970,sub-01,rh-inferiorparietal,0.3391003460207613,-0.408491223118783,0.25,0.7300738074235802,None + Linear-SVM,unconscious,unconscious,False,Image,False,3,2,7,5
971,sub-01,rh-inferiorparietal,0.3688888888888889,-0.4642857142857143,0.26666666666666666,0.7278226606476056,None + Linear-SVM,unconscious,unconscious,False,Image,False,2,2,5,6
972,sub-01,rh-inferiorparietal,0.46938775510204084,-0.28867513459481287,0.30769230769230765,0.7043797600784988,None + Linear-SVM,unconscious,unconscious,False,Image,False,3,2,4,5
973,sub-01,rh-inferiorparietal,0.31578947368421056,-0.13636363636363635,0.4210526315789474,0.7466016099918512,None + Linear-SVM,unconscious,unconscious,False,Image,False,4,4,7,4
974,sub-01,rh-inferiorparietal,0.4911242603550296,-0.4147575310031266,0.1818181818181818,0.7063288752621576,None + Linear-SVM,unconscious,unconscious,False,Image,False,3,1,4,5
975,sub-01,rh-inferiorparietal,0.43252595155709345,-0.18055555555555555,0.4444444444444444,0.7168986074477863,None + Linear-SVM,unconscious,unconscious,False,Image,False,3,4,5,5
976,sub-01,rh-inferiorparietal,0.5714285714285714,-0.16666666666666666,0.3333333333333333,0.6735546915658018,None + Linear-SVM,unconscious,unconscious,False,Image,False,4,2,4,4
977,sub-01,rh-inferiorparietal,0.3775510204081633,-0.4583333333333333,0.16666666666666666,0.7163344190711192,None + Linear-SVM,unconscious,unconscious,False,Image,False,3,1,5,5
978,sub-01,rh-inferiorparietal,0.22117202268431005,-0.425,0.26086956521739135,0.7745627944625327,None + Linear-SVM,unconscious,unconscious,False,Image,False,3,3,12,5
979,sub-01,rh-inferiorparietal,0.25308641975308643,-0.5533985905294664,0.125,0.7496611875199508,None + Linear-SVM,unconscious,unconscious,False,Image,False,3,1,9,5
980,sub-01,rh-inferiorparietal,0.45833333333333337,-0.3535533905932738,0.2,0.7096108462362095,None + Linear-SVM,unconscious,unconscious,False,Image,False,3,1,3,5
981,sub-01,rh-inferiorparietal,0.4970414201183432,-0.21957751641341997,0.3333333333333333,0.6903987192670135,None + Linear-SVM,unconscious,unconscious,False,Image,False,3,2,3,5
982,sub-01,rh-inferiorparietal,0.3469387755102041,-0.5773502691896257,0.15384615384615383,0.7464511511329538,None + Linear-SVM,unconscious,unconscious,False,Image,False,2,1,5,6
983,sub-01,rh-inferiorparietal,0.4921875,-0.1259881576697424,0.39999999999999997,0.7013839982744012,None + Linear-SVM,unconscious,unconscious,False,Image,False,4,3,5,4
984,sub-01,rh-inferiorparietal,0.2060491493383743,-0.425,0.26086956521739135,0.8070661585672877,None + Linear-SVM,unconscious,unconscious,False,Image,False,3,3,12,5
985,sub-01,rh-inferiorparietal,0.5102040816326531,0.125,0.5,0.6977056651080887,None + Linear-SVM,unconscious,unconscious,False,Image,False,5,3,3,3
986,sub-01,rh-inferiorparietal,0.3950617283950617,-0.07905694150420949,0.37499999999999994,0.7354198519129297,None + Linear-SVM,unconscious,unconscious,False,Image,False,5,3,7,3
987,sub-01,rh-inferiorparietal,0.3203125,-0.3779644730092272,0.26666666666666666,0.7462322107056107,None + Linear-SVM,unconscious,unconscious,False,Image,False,3,2,6,5
988,sub-01,rh-inferiorparietal,0.326530612244898,-0.5773502691896257,0.15384615384615383,0.740673098915905,None + Linear-SVM,unconscious,unconscious,False,Image,False,2,1,5,6
989,sub-01,rh-inferiorparietal,0.57,-0.25,0.0,0.6808355408441041,None + Linear-SVM,unconscious,unconscious,False,Image,False,6,0,2,2
990,sub-01,rh-inferiorparietal,0.3203125,-0.3779644730092272,0.26666666666666666,0.7617867946800339,None + Linear-SVM,unconscious,unconscious,False,Image,False,3,2,6,5
991,sub-01,rh-inferiorparietal,0.36094674556213013,-0.4147575310031266,0.1818181818181818,0.7455126278667384,None + Linear-SVM,unconscious,unconscious,False,Image,False,3,1,4,5
992,sub-01,rh-inferiorparietal,0.43213296398891965,-0.13636363636363635,0.4210526315789474,0.7179797713323703,None + Linear-SVM,unconscious,unconscious,False,Image,False,4,4,7,4
993,sub-01,rh-inferiorparietal,0.421875,-0.3779644730092272,0.35294117647058826,0.7334288742139463,None + Linear-SVM,unconscious,unconscious,False,Image,False,2,3,5,6
994,sub-01,rh-inferiorparietal,0.514792899408284,-0.21957751641341997,0.3333333333333333,0.7005857380902649,None + Linear-SVM,unconscious,unconscious,False,Image,False,3,2,3,5
995,sub-01,rh-inferiorparietal,0.5857988165680473,0.025,0.4000000000000001,0.6815304543151163,None + Linear-SVM,unconscious,unconscious,False,Image,False,5,2,3,3
996,sub-01,rh-inferiorparietal,0.21296296296296297,-0.7905694150420948,0.0,0.7885930591533287,None + Linear-SVM,unconscious,unconscious,False,Image,False,2,0,10,6
997,sub-01,rh-inferiorparietal,0.5000000000000001,0.09128709291752768,0.4,0.7111447269471735,None + Linear-SVM,unconscious,unconscious,False,Image,False,6,2,4,2
998,sub-01,rh-inferiorparietal,0.296875,-0.5163977794943222,0.14285714285714288,0.7725634456680837,None + Linear-SVM,unconscious,unconscious,False,Image,False,3,1,7,5
999,sub-01,rh-inferiorparietal,0.3680555555555556,-0.47809144373375745,0.18181818181818182,0.7445427142484644,None + Linear-SVM,unconscious,unconscious,False,Image,False,2,1,3,6
1000,sub-01,rh-inferiorparietal,0.40138408304498274,0.09128709291752769,0.42857142857142855,0.7344591007832927,None + Linear-SVM,unconscious,unconscious,False,Image,False,6,3,6,2
1001,sub-01,rh-inferiorparietal,0.44921875,-0.1259881576697424,0.39999999999999997,0.7074066772561667,None + Linear-SVM,unconscious,unconscious,False,Image,False,4,3,5,4
1002,sub-01,rh-inferiorparietal,0.5138888888888888,-0.125,0.25,0.713482328660278,None + Linear-SVM,unconscious,unconscious,False,Image,False,5,1,3,3
1003,sub-01,rh-inferiorparietal,0.6094674556213018,0.15811388300841897,0.4444444444444445,0.6785783795398481,None + Linear-SVM,unconscious,unconscious,False,Image,False,6,2,3,2
1004,sub-01,rh-inferiorparietal,0.36444444444444446,-0.6071428571428571,0.14285714285714285,0.722501179852507,None + Linear-SVM,unconscious,unconscious,False,Image,False,2,1,6,6
1005,sub-01,rh-inferiorparietal,0.35555555555555557,-0.6071428571428571,0.14285714285714285,0.7419015224887259,None + Linear-SVM,unconscious,unconscious,False,Image,False,2,1,6,6
1006,sub-01,rh-inferiorparietal,0.31855955678670356,-0.13636363636363635,0.4210526315789474,0.744722832621412,None + Linear-SVM,unconscious,unconscious,False,Image,False,4,4,7,4
1007,sub-01,rh-inferiorparietal,0.34183673469387754,-0.4583333333333333,0.16666666666666666,0.7480779742282396,None + Linear-SVM,unconscious,unconscious,False,Image,False,3,1,5,5
1008,sub-01,rh-inferiorparietal,0.514792899408284,-0.21957751641341997,0.3333333333333333,0.7116594141295872,None + Linear-SVM,unconscious,unconscious,False,Image,False,3,2,3,5
1009,sub-01,rh-inferiorparietal,0.5833333333333333,-0.4472135954999579,0.0,0.6753042115477425,None + Linear-SVM,unconscious,unconscious,False,Image,False,4,0,2,6
1010,sub-01,rh-inferiorparietal,0.42901234567901225,-0.22360679774997896,0.35294117647058826,0.717389213767202,None + Linear-SVM,unconscious,unconscious,False,Image,False,4,3,5,6
1011,sub-01,rh-inferiorparietal,0.45557655954631376,-0.11538461538461539,0.4347826086956522,0.7104951328501368,None + Linear-SVM,unconscious,unconscious,False,Image,False,5,5,8,5
1012,sub-01,rh-inferiorparietal,0.46537396121883656,-0.05555555555555555,0.4444444444444444,0.7075226165270077,None + Linear-SVM,unconscious,unconscious,False,Image,False,5,4,5,5
1013,sub-01,rh-inferiorparietal,0.5833333333333333,-0.4472135954999579,0.0,0.685756325342343,None + Linear-SVM,unconscious,unconscious,False,Image,False,4,0,2,6
1014,sub-01,rh-inferiorparietal,0.5155555555555555,-0.37796447300922725,0.16666666666666666,0.6933921331365441,None + Linear-SVM,unconscious,unconscious,False,Image,False,4,1,4,6
1015,sub-01,rh-inferiorparietal,0.42901234567901225,-0.125,0.375,0.7201499966361542,None + Linear-SVM,unconscious,unconscious,False,Image,False,5,3,5,5
1016,sub-01,rh-inferiorparietal,0.56,-0.09449111825230681,0.3333333333333333,0.6827128209670236,None + Linear-SVM,unconscious,unconscious,False,Image,False,5,2,3,5
1017,sub-01,rh-inferiorparietal,0.49382716049382713,-0.125,0.375,0.6980909560395394,None + Linear-SVM,unconscious,unconscious,False,Image,False,5,3,5,5
1018,sub-01,rh-inferiorparietal,0.4321329639889197,-0.3820465887291705,0.23529411764705882,0.7149790990700782,None + Linear-SVM,unconscious,unconscious,False,Image,False,4,2,7,6
1019,sub-01,rh-inferiorparietal,0.46020761245674746,-0.3098898934004561,0.26666666666666666,0.7072433699352927,None + Linear-SVM,unconscious,unconscious,False,Image,False,4,2,5,6
1020,sub-01,rh-inferiorparietal,0.546875,-0.16265001215808886,0.30769230769230765,0.6854047832806476,None + Linear-SVM,unconscious,unconscious,False,Image,False,5,2,4,5
1021,sub-01,rh-inferiorparietal,0.40816326530612246,-0.03739787960033829,0.4210526315789474,0.7239956578794183,None + Linear-SVM,unconscious,unconscious,False,Image,False,6,4,7,4
1022,sub-01,rh-inferiorparietal,0.5466666666666666,-0.18898223650461363,0.3076923076923077,0.6894388063537958,None + Linear-SVM,unconscious,unconscious,False,Image,False,4,2,3,6
1023,sub-01,rh-inferiorparietal,0.48476454293628807,-0.15555555555555556,0.4210526315789474,0.7004356462966992,None + Linear-SVM,unconscious,unconscious,False,Image,False,4,4,5,6
1024,sub-01,rh-inferiorparietal,0.68359375,0.09759000729485331,0.4615384615384615,0.6564424262752513,None + Linear-SVM,unconscious,unconscious,False,Image,False,6,3,3,4
1025,sub-01,rh-inferiorparietal,0.484375,-0.2581988897471611,0.28571428571428575,0.6973031135419215,None + Linear-SVM,unconscious,unconscious,False,Image,False,4,2,4,6
1026,sub-01,rh-inferiorparietal,0.3088,-0.13074409009212268,0.5,0.7567021873374208,None + Linear-SVM,unconscious,unconscious,False,Image,False,4,7,8,6
1027,sub-01,rh-inferiorparietal,0.3775,0.0,0.5454545454545454,0.733582879349522,None + Linear-SVM,unconscious,unconscious,False,Image,False,4,6,4,6
1028,sub-01,rh-inferiorparietal,0.5510204081632653,-0.22821773229381923,0.2,0.6887515713519071,None + Linear-SVM,unconscious,unconscious,False,Image,False,5,1,3,5
1029,sub-01,rh-inferiorparietal,0.5955555555555556,-0.09449111825230681,0.3333333333333333,0.6690736951664956,None + Linear-SVM,unconscious,unconscious,False,Image,False,5,2,3,5
1030,sub-01,rh-inferiorparietal,0.4453125,-0.42289003161103106,0.15384615384615383,0.7240653108676255,None + Linear-SVM,unconscious,unconscious,False,Image,False,4,1,5,6
1031,sub-01,rh-inferiorparietal,0.5617283950617284,-0.025482359571881278,0.39999999999999997,0.6851236260687348,None + Linear-SVM,unconscious,unconscious,False,Image,False,6,3,5,4
1032,sub-01,rh-inferiorparietal,0.3056,-0.2631806779839076,0.3846153846153846,0.7851534996570614,None + Linear-SVM,unconscious,unconscious,False,Image,False,4,5,10,6
1033,sub-01,rh-inferiorparietal,0.59765625,0.09759000729485331,0.4615384615384615,0.6784402606643478,None + Linear-SVM,unconscious,unconscious,False,Image,False,6,3,3,4
1034,sub-01,rh-inferiorparietal,0.45999999999999996,-0.10050378152592121,0.4210526315789474,0.718745824382162,None + Linear-SVM,unconscious,unconscious,False,Image,False,5,4,6,5
1035,sub-01,rh-inferiorparietal,0.42592592592592593,-0.35,0.25,0.7238647060760114,None + Linear-SVM,unconscious,unconscious,False,Image,False,4,2,6,6
1036,sub-01,rh-inferiorparietal,0.44140625,-0.2581988897471611,0.28571428571428575,0.7198374200030108,None + Linear-SVM,unconscious,unconscious,False,Image,False,4,2,4,6
1037,sub-01,rh-inferiorparietal,0.7152777777777778,-0.07559289460184544,0.22222222222222224,0.6500286424853378,None + Linear-SVM,unconscious,unconscious,False,Image,False,4,1,1,6
1038,sub-01,rh-inferiorparietal,0.39814814814814814,-0.2548235957188128,0.26666666666666666,0.7322628573088171,None + Linear-SVM,unconscious,unconscious,False,Image,False,5,2,6,5
1039,sub-01,rh-inferiorparietal,0.4311111111111111,-0.18898223650461363,0.3076923076923077,0.727988106054862,None + Linear-SVM,unconscious,unconscious,False,Image,False,4,2,3,6
1040,sub-01,rh-inferiorparietal,0.4784580498866213,-0.045454545454545456,0.47619047619047616,0.7043635750065637,None + Linear-SVM,unconscious,unconscious,False,Image,False,5,5,6,5
1041,sub-01,rh-inferiorparietal,0.441358024691358,-0.22360679774997896,0.35294117647058826,0.7253145993627537,None + Linear-SVM,unconscious,unconscious,False,Image,False,4,3,5,6
1042,sub-01,rh-inferiorparietal,0.5644444444444444,-0.09449111825230681,0.3333333333333333,0.6881053009788392,None + Linear-SVM,unconscious,unconscious,False,Image,False,5,2,3,5
1043,sub-01,rh-inferiorparietal,0.6355555555555555,0.0,0.3636363636363636,0.6662138686759521,None + Linear-SVM,unconscious,unconscious,False,Image,False,6,2,3,4
1044,sub-01,rh-inferiorparietal,0.3075,-0.408248290463863,0.22222222222222224,0.7750920472738851,None + Linear-SVM,unconscious,unconscious,False,Image,False,4,2,8,6
1045,sub-01,rh-inferiorparietal,0.55078125,-0.06666666666666667,0.3333333333333333,0.6948543167294067,None + Linear-SVM,unconscious,unconscious,False,Image,False,6,2,4,4
1046,sub-01,rh-inferiorparietal,0.3672839506172839,-0.35,0.25,0.7534731183997547,None + Linear-SVM,unconscious,unconscious,False,Image,False,4,2,6,6
1047,sub-01,rh-inferiorparietal,0.5051020408163265,-0.31622776601683794,0.18181818181818182,0.7176012501273644,None + Linear-SVM,unconscious,unconscious,False,Image,False,4,1,3,6
1048,sub-01,rh-inferiorparietal,0.4487534626038781,-0.15555555555555556,0.4210526315789474,0.7255499490646312,None + Linear-SVM,unconscious,unconscious,False,Image,False,4,4,5,6
1049,sub-01,rh-inferiorparietal,0.4907407407407407,-0.025482359571881278,0.39999999999999997,0.6964443792796469,None + Linear-SVM,unconscious,unconscious,False,Image,False,6,3,5,4
1050,sub-01,rh-inferiorparietal,0.5306122448979591,-0.31622776601683794,0.18181818181818182,0.6904368392840992,None + Linear-SVM,unconscious,unconscious,False,Image,False,4,1,3,6
1051,sub-01,rh-inferiorparietal,0.6266666666666667,0.0,0.3636363636363636,0.6598581729436817,None + Linear-SVM,unconscious,unconscious,False,Image,False,6,2,3,4
1052,sub-01,rh-inferiorparietal,0.4429065743944637,-0.3098898934004561,0.26666666666666666,0.7110613260067413,None + Linear-SVM,unconscious,unconscious,False,Image,False,4,2,5,6
1053,sub-01,rh-inferiorparietal,0.4359861591695502,-0.3098898934004561,0.26666666666666666,0.7200684358817826,None + Linear-SVM,unconscious,unconscious,False,Image,False,4,2,5,6
1054,sub-01,rh-inferiorparietal,0.38548752834467115,-0.13762047064079508,0.39999999999999997,0.7299775050672134,None + Linear-SVM,unconscious,unconscious,False,Image,False,5,4,7,5
1055,sub-01,rh-inferiorparietal,0.44921875,-0.2581988897471611,0.28571428571428575,0.7195727164174879,None + Linear-SVM,unconscious,unconscious,False,Image,False,4,2,4,6
1056,sub-01,rh-inferiorparietal,0.5688888888888889,-0.09449111825230681,0.3333333333333333,0.6905662898831012,None + Linear-SVM,unconscious,unconscious,False,Image,False,5,2,3,5
1057,sub-01,rh-inferiorparietal,0.71875,-0.4472135954999579,0.0,0.6504522099273389,None + Linear-SVM,unconscious,unconscious,False,Image,False,3,0,2,3
1058,sub-01,rh-inferiorparietal,0.4285714285714286,0.04303314829119352,0.4615384615384615,0.7202135932224712,None + Linear-SVM,unconscious,unconscious,False,Image,False,4,3,5,2
1059,sub-01,rh-inferiorparietal,0.4681440443213296,0.19096396641051544,0.6363636363636364,0.7094454103568258,None + Linear-SVM,unconscious,unconscious,False,Image,False,4,7,6,2
1060,sub-01,rh-inferiorparietal,0.5111111111111111,0.21821789023599236,0.6250000000000001,0.6964148271859543,None + Linear-SVM,unconscious,unconscious,False,Image,False,4,5,4,2
1061,sub-01,rh-inferiorparietal,0.6875,-0.4472135954999579,0.0,0.6501133334585235,None + Linear-SVM,unconscious,unconscious,False,Image,False,3,0,2,3
1062,sub-01,rh-inferiorparietal,0.5619834710743801,-0.14907119849998599,0.25,0.6836670586441703,None + Linear-SVM,unconscious,unconscious,False,Image,False,4,1,4,2
1063,sub-01,rh-inferiorparietal,0.4897959183673469,0.16666666666666666,0.5714285714285715,0.7130546642715732,None + Linear-SVM,unconscious,unconscious,False,Image,False,4,4,4,2
1064,sub-01,rh-inferiorparietal,0.628099173553719,0.26666666666666666,0.6,0.6738378430190951,None + Linear-SVM,unconscious,unconscious,False,Image,False,4,3,2,2
1065,sub-01,rh-inferiorparietal,0.5204081632653061,0.16666666666666666,0.5714285714285715,0.7001980091495604,None + Linear-SVM,unconscious,unconscious,False,Image,False,4,4,4,2
1066,sub-01,rh-inferiorparietal,0.4711111111111111,-0.12309149097933272,0.30769230769230765,0.7083802171936051,None + Linear-SVM,unconscious,unconscious,False,Image,False,4,2,7,2
1067,sub-01,rh-inferiorparietal,0.5088757396449703,-0.05143444998736397,0.36363636363636365,0.7053438747870231,None + Linear-SVM,unconscious,unconscious,False,Image,False,4,2,5,2
1068,sub-01,rh-inferiorparietal,0.6458333333333334,0.3333333333333333,0.6666666666666666,0.6608554316803786,None + Linear-SVM,unconscious,unconscious,False,Image,False,4,4,2,2
1069,sub-01,rh-inferiorparietal,0.40138408304498274,0.2030905986149808,0.631578947368421,0.7339146793609423,None + Linear-SVM,unconscious,unconscious,False,Image,False,4,6,5,2
1070,sub-01,rh-inferiorparietal,0.6198347107438016,0.06900655593423542,0.4444444444444445,0.6690774887985632,None + Linear-SVM,unconscious,unconscious,False,Image,False,4,2,3,2
1071,sub-01,rh-inferiorparietal,0.5333333333333333,0.1111111111111111,0.5333333333333333,0.6948336228157004,None + Linear-SVM,unconscious,unconscious,False,Image,False,4,4,5,2
1072,sub-01,rh-inferiorparietal,0.7361111111111112,0.1690308509457033,0.5454545454545454,0.634896556778389,None + Linear-SVM,unconscious,unconscious,False,Image,False,4,3,3,2
1073,sub-01,rh-inferiorparietal,0.5763888888888888,0.1690308509457033,0.5454545454545454,0.6756098389809657,None + Linear-SVM,unconscious,unconscious,False,Image,False,4,3,3,2
1074,sub-01,rh-inferiorparietal,0.3015873015873016,0.12171612389003691,0.5833333333333334,0.7674208956374363,None + Linear-SVM,unconscious,unconscious,False,Image,False,4,7,8,2
1075,sub-01,rh-inferiorparietal,0.40625,0.06666666666666667,0.5,0.7271987396763804,None + Linear-SVM,unconscious,unconscious,False,Image,False,4,4,6,2
1076,sub-01,rh-inferiorparietal,0.62,0.16666666666666666,0.5,0.6677229764926051,None + Linear-SVM,unconscious,unconscious,False,Image,False,4,2,2,2
1077,sub-01,rh-inferiorparietal,0.7272727272727273,0.26666666666666666,0.6,0.6366509823343077,None + Linear-SVM,unconscious,unconscious,False,Image,False,4,3,2,2
1078,sub-01,rh-inferiorparietal,0.41666666666666674,-0.1690308509457033,0.3636363636363636,0.7313575260960684,None + Linear-SVM,unconscious,unconscious,False,Image,False,3,2,4,3
1079,sub-01,rh-inferiorparietal,0.5816326530612245,0.16666666666666666,0.5714285714285715,0.6798865937921115,None + Linear-SVM,unconscious,unconscious,False,Image,False,4,4,4,2
1080,sub-01,rh-inferiorparietal,0.31065759637188206,0.12171612389003691,0.5833333333333334,0.7965549342674113,None + Linear-SVM,unconscious,unconscious,False,Image,False,4,7,8,2
1081,sub-01,rh-inferiorparietal,0.6666666666666667,0.3333333333333333,0.6666666666666666,0.6592795080164329,None + Linear-SVM,unconscious,unconscious,False,Image,False,4,4,2,2
1082,sub-01,rh-inferiorparietal,0.515625,0.06666666666666667,0.5,0.7207312068159513,None + Linear-SVM,unconscious,unconscious,False,Image,False,4,4,6,2
1083,sub-01,rh-inferiorparietal,0.47959183673469385,0.04303314829119352,0.4615384615384615,0.7134298042262616,None + Linear-SVM,unconscious,unconscious,False,Image,False,4,3,5,2
1084,sub-01,rh-inferiorparietal,0.4722222222222222,0.0,0.5,0.7185302720649384,None + Linear-SVM,unconscious,unconscious,False,Image,False,3,3,3,3
1085,sub-01,rh-inferiorparietal,0.828125,0.0,0.3333333333333333,0.604616497244421,None + Linear-SVM,unconscious,unconscious,False,Image,False,3,1,1,3
1086,sub-01,rh-inferiorparietal,0.45408163265306123,0.16666666666666666,0.5714285714285715,0.7386363232339032,None + Linear-SVM,unconscious,unconscious,False,Image,False,4,4,4,2
1087,sub-01,rh-inferiorparietal,0.512396694214876,0.06900655593423542,0.4444444444444445,0.707885088900031,None + Linear-SVM,unconscious,unconscious,False,Image,False,4,2,3,2
1088,sub-01,rh-inferiorparietal,0.49480968858131497,0.2030905986149808,0.631578947368421,0.7029627218694285,None + Linear-SVM,unconscious,unconscious,False,Image,False,4,6,5,2
1089,sub-01,rh-inferiorparietal,0.49489795918367346,0.04303314829119352,0.4615384615384615,0.7111906471607787,None + Linear-SVM,unconscious,unconscious,False,Image,False,4,3,5,2
1090,sub-01,rh-inferiorparietal,0.6446280991735538,0.06900655593423542,0.4444444444444445,0.6626248733651937,None + Linear-SVM,unconscious,unconscious,False,Image,False,4,2,3,2
1091,sub-01,rh-inferiorparietal,0.7768595041322315,0.26666666666666666,0.6,0.6294552092240127,None + Linear-SVM,unconscious,unconscious,False,Image,False,4,3,2,2
1092,sub-01,rh-inferiorparietal,0.328125,-0.09759000729485331,0.47058823529411764,0.7810081675474733,None + Linear-SVM,unconscious,unconscious,False,Image,False,3,4,6,3
1093,sub-01,rh-inferiorparietal,0.6388888888888888,0.1690308509457033,0.5454545454545454,0.6727264779921208,None + Linear-SVM,unconscious,unconscious,False,Image,False,4,3,3,2
1094,sub-01,rh-inferiorparietal,0.37244897959183676,-0.125,0.42857142857142855,0.7590545752318387,None + Linear-SVM,unconscious,unconscious,False,Image,False,3,3,5,3
1095,sub-01,rh-inferiorparietal,0.6000000000000001,-0.0890870806374748,0.28571428571428575,0.6978043820996745,None + Linear-SVM,unconscious,unconscious,False,Image,False,4,1,3,2
1096,sub-01,rh-inferiorparietal,0.5066666666666666,0.1111111111111111,0.5333333333333333,0.7162750988136222,None + Linear-SVM,unconscious,unconscious,False,Image,False,4,4,5,2
1097,sub-01,rh-inferiorparietal,0.5510204081632654,0.4166666666666667,0.75,0.6785933312002277,None + Linear-SVM,unconscious,unconscious,False,Image,False,4,6,2,2
1098,sub-01,rh-inferiorparietal,0.6200000000000001,0.16666666666666666,0.5,0.6714041360058342,None + Linear-SVM,unconscious,unconscious,False,Image,False,4,2,2,2
1099,sub-01,rh-inferiorparietal,0.7851239669421488,0.4485426135725303,0.6666666666666665,0.6343936570740676,None + Linear-SVM,unconscious,unconscious,False,Image,False,5,3,2,1
1100,sub-01,rh-inferiorparietal,0.485207100591716,-0.05143444998736397,0.36363636363636365,0.7047572321952142,None + Linear-SVM,unconscious,unconscious,False,Image,False,4,2,5,2
1101,sub-01,rh-inferiorparietal,0.4733727810650888,-0.05143444998736397,0.36363636363636365,0.7186686087482147,None + Linear-SVM,unconscious,unconscious,False,Image,False,4,2,5,2
1102,sub-01,rh-inferiorparietal,0.4048442906574395,0.2030905986149808,0.631578947368421,0.7308028491748473,None + Linear-SVM,unconscious,unconscious,False,Image,False,4,6,5,2
1103,sub-01,rh-inferiorparietal,0.5,-0.1690308509457033,0.3636363636363636,0.7142572943114757,None + Linear-SVM,unconscious,unconscious,False,Image,False,3,2,4,3
1104,sub-01,rh-inferiorparietal,0.6198347107438017,0.06900655593423542,0.4444444444444445,0.6697097455414387,None + Linear-SVM,unconscious,unconscious,False,Image,False,4,2,3,2
1105,sub-01,rh-inferiorparietal,0.6859504132231405,-0.43033148291193524,0.0,0.6559603038838306,None + Linear-SVM,unconscious,unconscious,False,Image,False,4,0,2,5
1106,sub-01,rh-inferiorparietal,0.47058823529411764,-0.07042952122737638,0.39999999999999997,0.7140492085691978,None + Linear-SVM,unconscious,unconscious,False,Image,False,5,3,5,4
1107,sub-01,rh-inferiorparietal,0.5041322314049587,0.1282051282051282,0.5454545454545455,0.7010355270738647,None + Linear-SVM,unconscious,unconscious,False,Image,False,6,6,7,3
1108,sub-01,rh-inferiorparietal,0.5246913580246914,0.0,0.47058823529411764,0.6986617608661995,None + Linear-SVM,unconscious,unconscious,False,Image,False,5,4,5,4
1109,sub-01,rh-inferiorparietal,0.6528925619834711,-0.5163977794943223,0.0,0.6619317046556917,None + Linear-SVM,unconscious,unconscious,False,Image,False,3,0,2,6
1110,sub-01,rh-inferiorparietal,0.576530612244898,-0.04303314829119352,0.3636363636363636,0.6849605758887757,None + Linear-SVM,unconscious,unconscious,False,Image,False,5,2,3,4
1111,sub-01,rh-inferiorparietal,0.5155709342560554,0.1690308509457033,0.5333333333333333,0.711351473690292,None + Linear-SVM,unconscious,unconscious,False,Image,False,6,4,4,3
1112,sub-01,rh-inferiorparietal,0.6428571428571429,0.06666666666666667,0.4000000000000001,0.6730593053090704,None + Linear-SVM,unconscious,unconscious,False,Image,False,6,2,3,3
1113,sub-01,rh-inferiorparietal,0.5432525951557093,0.1690308509457033,0.5333333333333333,0.6931147773823408,None + Linear-SVM,unconscious,unconscious,False,Image,False,6,4,4,3
1114,sub-01,rh-inferiorparietal,0.5030864197530864,0.0,0.47058823529411764,0.7016491193041747,None + Linear-SVM,unconscious,unconscious,False,Image,False,5,4,5,4
1115,sub-01,rh-inferiorparietal,0.51171875,-0.1259881576697424,0.39999999999999997,0.6991557501483406,None + Linear-SVM,unconscious,unconscious,False,Image,False,4,3,4,5
1116,sub-01,rh-inferiorparietal,0.6355555555555555,0.05455447255899809,0.4615384615384615,0.6668217958826202,None + Linear-SVM,unconscious,unconscious,False,Image,False,5,3,3,4
1117,sub-01,rh-inferiorparietal,0.425,0.10050378152592121,0.5714285714285713,0.7235156883666178,None + Linear-SVM,unconscious,unconscious,False,Image,False,5,6,5,4
1118,sub-01,rh-inferiorparietal,0.5816326530612245,-0.04303314829119352,0.3636363636363636,0.6774054739075634,None + Linear-SVM,unconscious,unconscious,False,Image,False,5,2,3,4
1119,sub-01,rh-inferiorparietal,0.5185185185185185,0.0,0.47058823529411764,0.6948430727975459,None + Linear-SVM,unconscious,unconscious,False,Image,False,5,4,5,4
1120,sub-01,rh-inferiorparietal,0.7511111111111111,0.32732683535398854,0.6153846153846153,0.6486062321314301,None + Linear-SVM,unconscious,unconscious,False,Image,False,6,4,2,3
1121,sub-01,rh-inferiorparietal,0.5511111111111111,-0.1111111111111111,0.3333333333333333,0.687899092493449,None + Linear-SVM,unconscious,unconscious,False,Image,False,5,2,4,4
1122,sub-01,rh-inferiorparietal,0.3246527777777778,-0.15114173098063566,0.4615384615384615,0.7543770207318529,None + Linear-SVM,unconscious,unconscious,False,Image,False,4,6,9,5
1123,sub-01,rh-inferiorparietal,0.4515235457063712,0.15555555555555556,0.6,0.7252263110098222,None + Linear-SVM,unconscious,unconscious,False,Image,False,5,6,4,4
1124,sub-01,rh-inferiorparietal,0.5976331360946745,-0.08333333333333333,0.25,0.6769209840432576,None + Linear-SVM,unconscious,unconscious,False,Image,False,6,1,3,3
1125,sub-01,rh-inferiorparietal,0.7091836734693877,0.25819888974716115,0.5454545454545454,0.6559506247754336,None + Linear-SVM,unconscious,unconscious,False,Image,False,6,3,2,3
1126,sub-01,rh-inferiorparietal,0.4311111111111111,-0.49099025303098287,0.15384615384615383,0.7142261836982513,None + Linear-SVM,unconscious,unconscious,False,Image,False,3,1,5,6
1127,sub-01,rh-inferiorparietal,0.6124567474048443,0.1690308509457033,0.5333333333333333,0.6761777165296595,None + Linear-SVM,unconscious,unconscious,False,Image,False,6,4,4,3
1128,sub-01,rh-inferiorparietal,0.3194444444444445,-0.04364357804719848,0.48,0.782592636895275,None + Linear-SVM,unconscious,unconscious,False,Image,False,5,6,9,4
1129,sub-01,rh-inferiorparietal,0.6133333333333333,0.28867513459481287,0.5454545454545454,0.6689259638824859,None + Linear-SVM,unconscious,unconscious,False,Image,False,7,3,3,2
1130,sub-01,rh-inferiorparietal,0.4903047091412742,-0.044946657497549475,0.4444444444444445,0.7137860953364633,None + Linear-SVM,unconscious,unconscious,False,Image,False,5,4,6,4
1131,sub-01,rh-inferiorparietal,0.43944636678200694,-0.2916666666666667,0.35294117647058826,0.7163939684086854,None + Linear-SVM,unconscious,unconscious,False,Image,False,3,3,5,6
1132,sub-01,rh-inferiorparietal,0.49777777777777776,-0.21821789023599236,0.30769230769230765,0.7094157953949557,None + Linear-SVM,unconscious,unconscious,False,Image,False,4,2,4,5
1133,sub-01,rh-inferiorparietal,0.7603305785123967,-0.14907119849998599,0.0,0.6332731894694293,None + Linear-SVM,unconscious,unconscious,False,Image,False,8,0,2,1
1134,sub-01,rh-inferiorparietal,0.46020761245674735,0.05555555555555555,0.5,0.7325850700197387,None + Linear-SVM,unconscious,unconscious,False,Image,False,5,4,4,4
1135,sub-01,rh-inferiorparietal,0.5153061224489797,-0.04303314829119352,0.3636363636363636,0.7132902176172088,None + Linear-SVM,unconscious,unconscious,False,Image,False,5,2,3,4
1136,sub-01,rh-inferiorparietal,0.52,0.12309149097933272,0.5263157894736842,0.6967559407146058,None + Linear-SVM,unconscious,unconscious,False,Image,False,6,5,6,3
1137,sub-01,rh-inferiorparietal,0.5224913494809689,-0.18055555555555555,0.375,0.6980742288807543,None + Linear-SVM,unconscious,unconscious,False,Image,False,4,3,5,5
1138,sub-01,rh-inferiorparietal,0.653061224489796,0.06666666666666667,0.4000000000000001,0.6654636227785798,None + Linear-SVM,unconscious,unconscious,False,Image,False,6,2,3,3
1139,sub-01,rh-inferiorparietal,0.7193877551020408,0.25819888974716115,0.5454545454545454,0.6465975594617002,None + Linear-SVM,unconscious,unconscious,False,Image,False,6,3,2,3
1140,sub-01,rh-inferiorparietal,0.33518005540166207,-0.2584432806109095,0.33333333333333326,0.7630812742778884,None + Linear-SVM,unconscious,unconscious,False,Image,False,4,3,7,5
1141,sub-01,rh-inferiorparietal,0.6088888888888888,0.12309149097933272,0.4,0.6802734272012051,None + Linear-SVM,unconscious,unconscious,False,Image,False,7,2,4,2
1142,sub-01,rh-inferiorparietal,0.4429065743944637,-0.18055555555555555,0.375,0.7351287439839331,None + Linear-SVM,unconscious,unconscious,False,Image,False,4,3,5,5
1143,sub-01,rh-inferiorparietal,0.5502958579881656,-0.2828894749305018,0.2,0.700606533220091,None + Linear-SVM,unconscious,unconscious,False,Image,False,4,1,3,5
1144,sub-01,rh-inferiorparietal,0.4660493827160494,0.0,0.47058823529411764,0.7160517658950083,None + Linear-SVM,unconscious,unconscious,False,Image,False,5,4,5,4
1145,sub-01,rh-inferiorparietal,0.6193771626297577,0.408491223118783,0.6666666666666666,0.679780990722118,None + Linear-SVM,unconscious,unconscious,False,Image,False,7,5,3,2
1146,sub-01,rh-inferiorparietal,0.6094674556213018,-0.18446619684315546,0.22222222222222224,0.681416802315437,None + Linear-SVM,unconscious,unconscious,False,Image,False,5,1,3,4
1147,sub-01,rh-inferiorparietal,0.7448979591836735,0.25819888974716115,0.5454545454545454,0.6489984254822029,None + Linear-SVM,unconscious,unconscious,False,Image,False,6,3,2,3
1148,sub-01,rh-inferiorparietal,0.5234375,-0.015873015873015872,0.42857142857142855,0.6979845366289134,None + Linear-SVM,unconscious,unconscious,False,Image,False,5,3,4,4
1149,sub-01,rh-inferiorparietal,0.50390625,-0.015873015873015872,0.42857142857142855,0.7065889985440135,None + Linear-SVM,unconscious,unconscious,False,Image,False,5,3,4,4
1150,sub-01,rh-inferiorparietal,0.47250000000000003,0.12309149097933272,0.5263157894736842,0.7149047523820624,None + Linear-SVM,unconscious,unconscious,False,Image,False,6,5,6,3
1151,sub-01,rh-inferiorparietal,0.48444444444444446,-0.4444444444444444,0.26666666666666666,0.7047673824925791,None + Linear-SVM,unconscious,unconscious,False,Image,False,2,2,4,7
1152,sub-01,rh-inferiorparietal,0.6377551020408163,-0.04303314829119352,0.3636363636363636,0.6820810164479422,None + Linear-SVM,unconscious,unconscious,False,Image,False,5,2,3,4
1153,sub-01,rh-inferiorparietal,0.8061224489795917,-0.47140452079103173,0.0,0.6107940016961247,None + Linear-SVM,unconscious,unconscious,False,Image,False,4,0,2,8
1154,sub-01,rh-inferiorparietal,0.655,0.08206099398622181,0.47058823529411764,0.6674030172067287,None + Linear-SVM,unconscious,unconscious,False,Image,False,7,4,4,5
1155,sub-01,rh-inferiorparietal,0.6336,0.28205128205128205,0.64,0.6726452128602729,None + Linear-SVM,unconscious,unconscious,False,Image,False,8,8,5,4
1156,sub-01,rh-inferiorparietal,0.6349206349206349,-0.05504818825631803,0.4210526315789474,0.6636660696623324,None + Linear-SVM,unconscious,unconscious,False,Image,False,6,4,5,6
1157,sub-01,rh-inferiorparietal,0.8163265306122449,-0.40824829046386296,0.0,0.6119536780690767,None + Linear-SVM,unconscious,unconscious,False,Image,False,5,0,2,7
1158,sub-01,rh-inferiorparietal,0.71280276816609,-0.16735967034880075,0.2857142857142857,0.6425453105976262,None + Linear-SVM,unconscious,unconscious,False,Image,False,5,2,3,7
1159,sub-01,rh-inferiorparietal,0.655,0.25677629550654774,0.5333333333333333,0.6705477755042166,None + Linear-SVM,unconscious,unconscious,False,Image,False,9,4,4,3
1160,sub-01,rh-inferiorparietal,0.8096885813148789,0.43333333333333335,0.6,0.6367861669440856,None + Linear-SVM,unconscious,unconscious,False,Image,False,10,3,2,2
1161,sub-01,rh-inferiorparietal,0.6675,0.0,0.4444444444444445,0.658880312904648,None + Linear-SVM,unconscious,unconscious,False,Image,False,6,4,4,6
1162,sub-01,rh-inferiorparietal,0.6303854875283447,0.027777777777777776,0.4444444444444444,0.6624834192718805,None + Linear-SVM,unconscious,unconscious,False,Image,False,7,4,5,5
1163,sub-01,rh-inferiorparietal,0.6537396121883656,-0.06900655593423542,0.375,0.6586389181730535,None + Linear-SVM,unconscious,unconscious,False,Image,False,6,3,4,6
1164,sub-01,rh-inferiorparietal,0.7746913580246914,0.16116459280507606,0.4615384615384615,0.6252703298040171,None + Linear-SVM,unconscious,unconscious,False,Image,False,8,3,3,4
1165,sub-01,rh-inferiorparietal,0.5595463137996219,0.0381690510345287,0.47619047619047616,0.6916548134091307,None + Linear-SVM,unconscious,unconscious,False,Image,False,7,5,6,5
1166,sub-01,rh-inferiorparietal,0.7301038062283737,-0.015430334996209192,0.3333333333333333,0.6442039995821335,None + Linear-SVM,unconscious,unconscious,False,Image,False,7,2,3,5
1167,sub-01,rh-inferiorparietal,0.6689342403628118,0.05504818825631803,0.5,0.6607637740864913,None + Linear-SVM,unconscious,unconscious,False,Image,False,6,5,4,6
1168,sub-01,rh-inferiorparietal,0.8734567901234568,0.6139406135149204,0.7272727272727272,0.6205371797953441,None + Linear-SVM,unconscious,unconscious,False,Image,False,11,4,2,1
1169,sub-01,rh-inferiorparietal,0.7376543209876544,0.16116459280507606,0.4615384615384615,0.6374013322391279,None + Linear-SVM,unconscious,unconscious,False,Image,False,8,3,3,4
1170,sub-01,rh-inferiorparietal,0.4430727023319616,-0.033149677206589796,0.5,0.7191507994710499,None + Linear-SVM,unconscious,unconscious,False,Image,False,6,7,8,6
1171,sub-01,rh-inferiorparietal,0.5661157024793388,-0.016878989451394443,0.4210526315789474,0.6849052852106582,None + Linear-SVM,unconscious,unconscious,False,Image,False,7,4,6,5
1172,sub-01,rh-inferiorparietal,0.765625,-0.14907119849998599,0.28571428571428575,0.6340479320379391,None + Linear-SVM,unconscious,unconscious,False,Image,False,4,2,2,8
1173,sub-01,rh-inferiorparietal,0.8269896193771626,0.3337119062359573,0.5454545454545454,0.6231519107799264,None + Linear-SVM,unconscious,unconscious,False,Image,False,9,3,2,3
1174,sub-01,rh-inferiorparietal,0.5679012345679012,-0.4714045207910316,0.13333333333333333,0.6724984669301917,None + Linear-SVM,unconscious,unconscious,False,Image,False,4,1,5,8
1175,sub-01,rh-inferiorparietal,0.6925,0.0,0.4444444444444445,0.6481944323062185,None + Linear-SVM,unconscious,unconscious,False,Image,False,6,4,4,6
1176,sub-01,rh-inferiorparietal,0.45953360768175583,0.05,0.5185185185185186,0.7274948684080521,None + Linear-SVM,unconscious,unconscious,False,Image,False,7,7,8,5
1177,sub-01,rh-inferiorparietal,0.8086419753086419,0.5,0.6666666666666666,0.6284638757166513,None + Linear-SVM,unconscious,unconscious,False,Image,False,10,4,2,2
1178,sub-01,rh-inferiorparietal,0.6363636363636364,0.16878989451394444,0.5263157894736842,0.6680740081807225,None + Linear-SVM,unconscious,unconscious,False,Image,False,8,5,5,4
1179,sub-01,rh-inferiorparietal,0.61,-0.2041241452319315,0.33333333333333326,0.6704091312258273,None + Linear-SVM,unconscious,unconscious,False,Image,False,5,3,5,7
1180,sub-01,rh-inferiorparietal,0.6049382716049383,-0.2357022603955158,0.26666666666666666,0.6683333301209012,None + Linear-SVM,unconscious,unconscious,False,Image,False,5,2,4,7
1181,sub-01,rh-inferiorparietal,0.8928571428571429,-0.12171612389003691,0.1818181818181818,0.601629725190639,None + Linear-SVM,unconscious,unconscious,False,Image,False,4,1,1,8
1182,sub-01,rh-inferiorparietal,0.625,0.25677629550654774,0.5333333333333333,0.6854895376010562,None + Linear-SVM,unconscious,unconscious,False,Image,False,9,4,4,3
1183,sub-01,rh-inferiorparietal,0.7197231833910035,0.25064020591380154,0.4444444444444445,0.6541385394371703,None + Linear-SVM,unconscious,unconscious,False,Image,False,10,2,3,2
1184,sub-01,rh-inferiorparietal,0.6559546313799621,0.302407368379503,0.6,0.6684443321019036,None + Linear-SVM,unconscious,unconscious,False,Image,False,9,6,5,3
1185,sub-01,rh-inferiorparietal,0.6325000000000001,-0.12309149097933272,0.35294117647058826,0.664612944205083,None + Linear-SVM,unconscious,unconscious,False,Image,False,6,3,5,6
1186,sub-01,rh-inferiorparietal,0.7785467128027681,0.06356417261637282,0.3636363636363636,0.6321988657626372,None + Linear-SVM,unconscious,unconscious,False,Image,False,8,2,3,4
1187,sub-01,rh-inferiorparietal,0.8304498269896193,0.09128709291752769,0.42857142857142855,0.6123306609981484,None + Linear-SVM,unconscious,unconscious,False,Image,False,6,3,2,6
1188,sub-01,rh-inferiorparietal,0.47107438016528924,-0.2833333333333333,0.3,0.7132101902295869,None + Linear-SVM,unconscious,unconscious,False,Image,False,5,3,7,7
1189,sub-01,rh-inferiorparietal,0.7654320987654321,0.07905694150420949,0.42857142857142855,0.6364074968035678,None + Linear-SVM,unconscious,unconscious,False,Image,False,7,3,3,5
1190,sub-01,rh-inferiorparietal,0.5375,-0.2041241452319315,0.33333333333333326,0.694293436875249,None + Linear-SVM,unconscious,unconscious,False,Image,False,5,3,5,7
1191,sub-01,rh-inferiorparietal,0.703125,-0.363696483726654,0.15384615384615383,0.6526886631099449,None + Linear-SVM,unconscious,unconscious,False,Image,False,4,1,3,8
1192,sub-01,rh-inferiorparietal,0.5850340136054422,-0.05504818825631803,0.4210526315789474,0.6811807882434033,None + Linear-SVM,unconscious,unconscious,False,Image,False,6,4,5,6
1193,sub-01,rh-inferiorparietal,0.7625,0.5833333333333334,0.75,0.6469690059160265,None + Linear-SVM,unconscious,unconscious,False,Image,False,10,6,2,2
1194,sub-01,rh-inferiorparietal,0.7734375,0.0,0.3333333333333333,0.6389957616166198,None + Linear-SVM,unconscious,unconscious,False,Image,False,6,2,2,6
1195,sub-01,rh-inferiorparietal,0.8996539792387543,0.5549890273805606,0.6666666666666665,0.6112978990014613,None + Linear-SVM,unconscious,unconscious,False,Image,False,11,3,2,1
1196,sub-01,rh-inferiorparietal,0.6592797783933518,0.011631052629980886,0.39999999999999997,0.6606856295373792,None + Linear-SVM,unconscious,unconscious,False,Image,False,7,3,4,5
1197,sub-01,rh-inferiorparietal,0.6204986149584488,-0.06900655593423542,0.375,0.6719085050399244,None + Linear-SVM,unconscious,unconscious,False,Image,False,6,3,4,6
1198,sub-01,rh-inferiorparietal,0.5803402646502835,0.12878787878787878,0.5454545454545454,0.6868738817270006,None + Linear-SVM,unconscious,unconscious,False,Image,False,7,6,5,5
1199,sub-01,rh-inferiorparietal,0.6419753086419753,-0.2357022603955158,0.26666666666666666,0.6674627413031778,None + Linear-SVM,unconscious,unconscious,False,Image,False,5,2,4,7
1200,sub-01,rh-inferiorparietal,0.7716262975778547,0.24688535993934707,0.5,0.6395536664772461,None + Linear-SVM,unconscious,unconscious,False,Image,False,8,3,2,4
1201,sub-01,rh-inferiorparietal,0.7335640138408304,-0.34426518632954817,0.0,0.6465702110674179,None + Linear-SVM,unconscious,unconscious,False,Image,False,7,0,2,8
1202,sub-01,rh-inferiorparietal,0.6105860113421551,-0.09607689228305229,0.380952380952381,0.6844489354812319,None + Linear-SVM,unconscious,unconscious,False,Image,False,6,4,4,9
1203,sub-01,rh-inferiorparietal,0.6084183673469388,0.13846153846153847,0.5384615384615384,0.6826131682592782,None + Linear-SVM,unconscious,unconscious,False,Image,False,9,7,6,6
1204,sub-01,rh-inferiorparietal,0.6302083333333333,0.1111111111111111,0.4444444444444444,0.6770289806307742,None + Linear-SVM,unconscious,unconscious,False,Image,False,10,4,5,5
1205,sub-01,rh-inferiorparietal,0.6643598615916955,-0.4944132324730442,0.0,0.653480547706553,None + Linear-SVM,unconscious,unconscious,False,Image,False,4,0,2,11
1206,sub-01,rh-inferiorparietal,0.6849999999999999,-0.29012942659282975,0.14285714285714285,0.6629563192368317,None + Linear-SVM,unconscious,unconscious,False,Image,False,7,1,4,8
1207,sub-01,rh-inferiorparietal,0.6162570888468809,0.23333333333333334,0.5,0.6864610738937175,None + Linear-SVM,unconscious,unconscious,False,Image,False,11,4,4,4
1208,sub-01,rh-inferiorparietal,0.7374999999999999,0.060522753266880246,0.3333333333333333,0.6565873273310101,None + Linear-SVM,unconscious,unconscious,False,Image,False,10,2,3,5
1209,sub-01,rh-inferiorparietal,0.6332703213610585,-0.09607689228305229,0.380952380952381,0.6748070110961206,None + Linear-SVM,unconscious,unconscious,False,Image,False,6,4,4,9
1210,sub-01,rh-inferiorparietal,0.5590277777777778,-0.1943250826893887,0.3,0.6851138115218179,None + Linear-SVM,unconscious,unconscious,False,Image,False,7,3,6,8
1211,sub-01,rh-inferiorparietal,0.6239669421487603,-0.23162640965743445,0.23529411764705882,0.6742415235964285,None + Linear-SVM,unconscious,unconscious,False,Image,False,7,2,5,8
1212,sub-01,rh-inferiorparietal,0.7074829931972789,0.09128709291752768,0.4,0.6558332940334916,None + Linear-SVM,unconscious,unconscious,False,Image,False,9,3,3,6
1213,sub-01,rh-inferiorparietal,0.5576923076923077,-0.012012499502607453,0.43478260869565216,0.6962412407317309,None + Linear-SVM,unconscious,unconscious,False,Image,False,8,5,6,7
1214,sub-01,rh-inferiorparietal,0.6925,-0.058025885318565944,0.2857142857142857,0.6584578521029008,None + Linear-SVM,unconscious,unconscious,False,Image,False,8,2,3,7
1215,sub-01,rh-inferiorparietal,0.6180555555555556,-0.15114173098063566,0.3636363636363637,0.6769492681788915,None + Linear-SVM,unconscious,unconscious,False,Image,False,6,4,5,9
1216,sub-01,rh-inferiorparietal,0.7777777777777778,0.3,0.5,0.6460468106248423,None + Linear-SVM,unconscious,unconscious,False,Image,False,12,3,3,3
1217,sub-01,rh-inferiorparietal,0.673469387755102,-0.062017367294604234,0.28571428571428575,0.6637817440753722,None + Linear-SVM,unconscious,unconscious,False,Image,False,9,2,4,6
1218,sub-01,rh-inferiorparietal,0.42777777777777787,0.0,0.4827586206896552,0.7238330132689812,None + Linear-SVM,unconscious,unconscious,False,Image,False,8,7,8,7
1219,sub-01,rh-inferiorparietal,0.5376,-0.0657951694959769,0.380952380952381,0.6951538720737088,None + Linear-SVM,unconscious,unconscious,False,Image,False,8,4,6,7
1220,sub-01,rh-inferiorparietal,0.6925207756232687,-0.23134069792952236,0.15384615384615383,0.6625839044425167,None + Linear-SVM,unconscious,unconscious,False,Image,False,7,1,3,8
1221,sub-01,rh-inferiorparietal,0.745,0.058025885318565944,0.37499999999999994,0.6479814528272803,None + Linear-SVM,unconscious,unconscious,False,Image,False,7,3,2,8
1222,sub-01,rh-inferiorparietal,0.5396825396825397,-0.45226701686664544,0.11764705882352942,0.6882806308557038,None + Linear-SVM,unconscious,unconscious,False,Image,False,5,1,5,10
1223,sub-01,rh-inferiorparietal,0.6994328922495274,0.23333333333333334,0.5,0.6619261855961655,None + Linear-SVM,unconscious,unconscious,False,Image,False,11,4,4,4
1224,sub-01,rh-inferiorparietal,0.4055555555555555,-0.2,0.4000000000000001,0.7409683120831735,None + Linear-SVM,unconscious,unconscious,False,Image,False,6,6,9,9
1225,sub-01,rh-inferiorparietal,0.6893424036281179,0.3,0.5,0.6599600846704058,None + Linear-SVM,unconscious,unconscious,False,Image,False,12,3,3,3
1226,sub-01,rh-inferiorparietal,0.5776,0.09869275424396534,0.47619047619047616,0.68789058363445,None + Linear-SVM,unconscious,unconscious,False,Image,False,9,5,5,6
1227,sub-01,rh-inferiorparietal,0.5217391304347826,-0.349697526139891,0.2727272727272727,0.694554346871444,None + Linear-SVM,unconscious,unconscious,False,Image,False,4,3,5,11
1228,sub-01,rh-inferiorparietal,0.5850340136054422,-0.18090680674665818,0.25,0.6819751866679884,None + Linear-SVM,unconscious,unconscious,False,Image,False,7,2,4,8
1229,sub-01,rh-inferiorparietal,0.8062283737024221,-0.13333333333333333,0.0,0.6358094790331362,None + Linear-SVM,unconscious,unconscious,False,Image,False,13,0,2,2
1230,sub-01,rh-inferiorparietal,0.6143667296786389,0.09607689228305229,0.4444444444444445,0.694684572416472,None + Linear-SVM,unconscious,unconscious,False,Image,False,9,4,4,6
1231,sub-01,rh-inferiorparietal,0.6299999999999999,-0.058025885318565944,0.2857142857142857,0.6821822707184644,None + Linear-SVM,unconscious,unconscious,False,Image,False,8,2,3,7
1232,sub-01,rh-inferiorparietal,0.6272189349112427,0.21212121212121213,0.5454545454545454,0.6776687931113208,None + Linear-SVM,unconscious,unconscious,False,Image,False,10,6,5,5
1233,sub-01,rh-inferiorparietal,0.5992438563327032,-0.21452908258025827,0.3,0.6841027344230077,None + Linear-SVM,unconscious,unconscious,False,Image,False,6,3,5,9
1234,sub-01,rh-inferiorparietal,0.725,0.12598815766974242,0.3636363636363636,0.6544520392981283,None + Linear-SVM,unconscious,unconscious,False,Image,False,11,2,3,4
1235,sub-01,rh-inferiorparietal,0.7025,0.2,0.4000000000000001,0.6530217154784178,None + Linear-SVM,unconscious,unconscious,False,Image,False,12,2,3,3
1236,sub-01,rh-inferiorparietal,0.3776,-0.592156525463792,0.16666666666666666,0.7335191428218982,None + Linear-SVM,unconscious,unconscious,False,Image,False,3,2,8,12
1237,sub-01,rh-inferiorparietal,0.7052154195011338,-0.03015113445777636,0.3529411764705882,0.6610018547607508,None + Linear-SVM,unconscious,unconscious,False,Image,False,7,3,3,8
1238,sub-01,rh-inferiorparietal,0.5425330812854442,-0.21452908258025827,0.3,0.7048546762427652,None + Linear-SVM,unconscious,unconscious,False,Image,False,6,3,5,9
1239,sub-01,rh-inferiorparietal,0.6592797783933518,-0.2857738033247041,0.14285714285714288,0.6776469072456692,None + Linear-SVM,unconscious,unconscious,False,Image,False,6,1,3,9
1240,sub-01,rh-inferiorparietal,0.5763888888888888,-0.08606629658238706,0.380952380952381,0.68610509182197,None + Linear-SVM,unconscious,unconscious,False,Image,False,7,4,5,8
1241,sub-01,rh-inferiorparietal,0.6975425330812854,0.349697526139891,0.5882352941176471,0.6664472710150138,None + Linear-SVM,unconscious,unconscious,False,Image,False,11,5,3,4
1242,sub-01,rh-inferiorparietal,0.7313019390581718,-0.08257228238447704,0.26666666666666666,0.658971186694161,None + Linear-SVM,unconscious,unconscious,False,Image,False,6,2,2,9
1243,sub-01,rh-inferiorparietal,0.78,0.30261376633440124,0.5,0.6426728202544447,None + Linear-SVM,unconscious,unconscious,False,Image,False,11,3,2,4
1244,sub-01,rh-inferiorparietal,0.6198347107438016,-0.09759000729485331,0.33333333333333326,0.672877500392073,None + Linear-SVM,unconscious,unconscious,False,Image,False,7,3,4,8
1245,sub-01,rh-inferiorparietal,0.5826446280991736,-0.23162640965743445,0.23529411764705882,0.6893641056115379,None + Linear-SVM,unconscious,unconscious,False,Image,False,7,2,5,8
1246,sub-01,rh-inferiorparietal,0.5576923076923077,0.0778498944161523,0.4999999999999999,0.6952214684266363,None + Linear-SVM,unconscious,unconscious,False,Image,False,8,6,5,7
1247,sub-01,rh-inferiorparietal,0.5895691609977325,-0.2412090756622109,0.23529411764705885,0.6842229002227997,None + Linear-SVM,unconscious,unconscious,False,Image,False,6,2,4,9
1248,sub-01,rh-inferiorparietal,0.7025,-0.11547005383792516,0.26666666666666666,0.6631122017200334,None + Linear-SVM,unconscious,unconscious,False,Image,False,7,2,3,8
1249,sub-01,rh-inferiorparietal,0.59375,-0.5773502691896258,0.0,0.6826490966425821,None + Linear-SVM,unconscious,unconscious,False,Image,False,2,0,2,4
1250,sub-01,rh-inferiorparietal,0.336734693877551,-0.125,0.42857142857142855,0.744537878136916,None + Linear-SVM,unconscious,unconscious,False,Image,False,3,3,5,3
1251,sub-01,rh-inferiorparietal,0.36842105263157887,0.1207011373963169,0.5714285714285714,0.727761788500026,None + Linear-SVM,unconscious,unconscious,False,Image,False,4,6,7,2
1252,sub-01,rh-inferiorparietal,0.42666666666666664,-0.05455447255899809,0.5,0.72245291779328,None + Linear-SVM,unconscious,unconscious,False,Image,False,3,4,5,3
1253,sub-01,rh-inferiorparietal,0.5625,-0.4472135954999579,0.0,0.6928122231571199,None + Linear-SVM,unconscious,unconscious,False,Image,False,3,0,2,3
1254,sub-01,rh-inferiorparietal,0.47107438016528924,-0.3105295017040594,0.22222222222222224,0.7132415632093371,None + Linear-SVM,unconscious,unconscious,False,Image,False,3,1,4,3
1255,sub-01,rh-inferiorparietal,0.3877551020408163,0.16666666666666666,0.5714285714285715,0.7421822231523326,None + Linear-SVM,unconscious,unconscious,False,Image,False,4,4,4,2
1256,sub-01,rh-inferiorparietal,0.5206611570247933,0.06900655593423542,0.4444444444444445,0.7005156735734344,None + Linear-SVM,unconscious,unconscious,False,Image,False,4,2,3,2
1257,sub-01,rh-inferiorparietal,0.40816326530612246,0.0,0.5333333333333333,0.722435457424791,None + Linear-SVM,unconscious,unconscious,False,Image,False,3,4,4,3
1258,sub-01,rh-inferiorparietal,0.3466666666666667,-0.28867513459481287,0.2857142857142857,0.7352136103956256,None + Linear-SVM,unconscious,unconscious,False,Image,False,3,2,7,3
1259,sub-01,rh-inferiorparietal,0.3727810650887574,-0.21957751641341997,0.3333333333333333,0.7309173709912915,None + Linear-SVM,unconscious,unconscious,False,Image,False,3,2,5,3
1260,sub-01,rh-inferiorparietal,0.5,-0.1690308509457033,0.3636363636363636,0.6951916611748173,None + Linear-SVM,unconscious,unconscious,False,Image,False,3,2,4,3
1261,sub-01,rh-inferiorparietal,0.3079584775086505,-0.04351941398892446,0.5263157894736842,0.7516996612944772,None + Linear-SVM,unconscious,unconscious,False,Image,False,3,5,6,3
1262,sub-01,rh-inferiorparietal,0.5041322314049587,-0.1,0.4000000000000001,0.698542861512104,None + Linear-SVM,unconscious,unconscious,False,Image,False,3,2,3,3
1263,sub-01,rh-inferiorparietal,0.43555555555555553,0.1111111111111111,0.5333333333333333,0.716844492631614,None + Linear-SVM,unconscious,unconscious,False,Image,False,4,4,5,2
1264,sub-01,rh-inferiorparietal,0.6875,0.50709255283711,0.7692307692307692,0.6625000230886836,None + Linear-SVM,unconscious,unconscious,False,Image,False,4,5,1,2
1265,sub-01,rh-inferiorparietal,0.47916666666666674,0.0,0.5,0.7081669676006994,None + Linear-SVM,unconscious,unconscious,False,Image,False,3,3,3,3
1266,sub-01,rh-inferiorparietal,0.2222222222222222,-0.22360679774997896,0.36363636363636365,0.7821922376301487,None + Linear-SVM,unconscious,unconscious,False,Image,False,3,4,11,3
1267,sub-01,rh-inferiorparietal,0.28515625,-0.2,0.37499999999999994,0.7542699521164573,None + Linear-SVM,unconscious,unconscious,False,Image,False,3,3,7,3
1268,sub-01,rh-inferiorparietal,0.53,0.0,0.4444444444444445,0.7038801162071073,None + Linear-SVM,unconscious,unconscious,False,Image,False,3,2,2,3
1269,sub-01,rh-inferiorparietal,0.5950413223140496,0.06900655593423542,0.4444444444444445,0.6798669522899526,None + Linear-SVM,unconscious,unconscious,False,Image,False,4,2,3,2
1270,sub-01,rh-inferiorparietal,0.3125,-0.50709255283711,0.1818181818181818,0.752805159057642,None + Linear-SVM,unconscious,unconscious,False,Image,False,2,1,5,4
1271,sub-01,rh-inferiorparietal,0.45408163265306123,0.0,0.5333333333333333,0.7093617766723322,None + Linear-SVM,unconscious,unconscious,False,Image,False,3,4,4,3
1272,sub-01,rh-inferiorparietal,0.2834467120181406,0.18090680674665818,0.64,0.8037716041543839,None + Linear-SVM,unconscious,unconscious,False,Image,False,4,8,7,2
1273,sub-01,rh-inferiorparietal,0.4791666666666667,0.1690308509457033,0.5454545454545454,0.699795013039609,None + Linear-SVM,unconscious,unconscious,False,Image,False,4,3,3,2
1274,sub-01,rh-inferiorparietal,0.43359375,0.06666666666666667,0.5,0.7338063178143184,None + Linear-SVM,unconscious,unconscious,False,Image,False,4,4,6,2
1275,sub-01,rh-inferiorparietal,0.37244897959183676,-0.125,0.42857142857142855,0.7426025947058082,None + Linear-SVM,unconscious,unconscious,False,Image,False,3,3,5,3
1276,sub-01,rh-inferiorparietal,0.36111111111111116,-0.3333333333333333,0.3333333333333333,0.7418793847918325,None + Linear-SVM,unconscious,unconscious,False,Image,False,2,2,4,4
1277,sub-01,rh-inferiorparietal,0.71875,-0.2182178902359924,0.0,0.6578317707643855,None + Linear-SVM,unconscious,unconscious,False,Image,False,5,0,2,1
1278,sub-01,rh-inferiorparietal,0.3622448979591837,0.0,0.5333333333333333,0.7597870727293783,None + Linear-SVM,unconscious,unconscious,False,Image,False,3,4,4,3
1279,sub-01,rh-inferiorparietal,0.4793388429752067,0.06900655593423542,0.4444444444444445,0.735098608520664,None + Linear-SVM,unconscious,unconscious,False,Image,False,4,2,3,2
1280,sub-01,rh-inferiorparietal,0.38408304498269896,0.11769797726729993,0.5555555555555556,0.7239038911727149,None + Linear-SVM,unconscious,unconscious,False,Image,False,4,5,6,2
1281,sub-01,rh-inferiorparietal,0.3724489795918367,-0.125,0.42857142857142855,0.7383917196391013,None + Linear-SVM,unconscious,unconscious,False,Image,False,3,3,5,3
1282,sub-01,rh-inferiorparietal,0.5537190082644627,0.06900655593423542,0.4444444444444445,0.6906269639760384,None + Linear-SVM,unconscious,unconscious,False,Image,False,4,2,3,2
1283,sub-01,rh-inferiorparietal,0.6198347107438016,0.06900655593423542,0.4444444444444445,0.6670758602327422,None + Linear-SVM,unconscious,unconscious,False,Image,False,4,2,3,2
1284,sub-01,rh-inferiorparietal,0.20703125,-0.3578300267477955,0.3529411764705882,0.8025220740785566,None + Linear-SVM,unconscious,unconscious,False,Image,False,2,3,7,4
1285,sub-01,rh-inferiorparietal,0.5208333333333333,0.0,0.5,0.7044565300056785,None + Linear-SVM,unconscious,unconscious,False,Image,False,3,3,3,3
1286,sub-01,rh-inferiorparietal,0.3112244897959183,-0.25819888974716115,0.3076923076923077,0.7760513934764959,None + Linear-SVM,unconscious,unconscious,False,Image,False,3,2,6,3
1287,sub-01,rh-inferiorparietal,0.45999999999999996,-0.25,0.25,0.7334042784053757,None + Linear-SVM,unconscious,unconscious,False,Image,False,3,1,3,3
1288,sub-01,rh-inferiorparietal,0.31555555555555553,0.1111111111111111,0.5333333333333333,0.7481148718353675,None + Linear-SVM,unconscious,unconscious,False,Image,False,4,4,5,2
1289,sub-01,rh-inferiorparietal,0.4387755102040817,0.04303314829119352,0.4615384615384615,0.7113690308296966,None + Linear-SVM,unconscious,unconscious,False,Image,False,4,3,5,2
1290,sub-01,rh-inferiorparietal,0.53,0.0,0.4444444444444445,0.704343874214087,None + Linear-SVM,unconscious,unconscious,False,Image,False,3,2,2,3
1291,sub-01,rh-inferiorparietal,0.6198347107438017,0.06900655593423542,0.4444444444444445,0.6754331044993563,None + Linear-SVM,unconscious,unconscious,False,Image,False,4,2,3,2
1292,sub-01,rh-inferiorparietal,0.3964497041420118,-0.21957751641341997,0.3333333333333333,0.7250799934316972,None + Linear-SVM,unconscious,unconscious,False,Image,False,3,2,5,3
1293,sub-01,rh-inferiorparietal,0.33727810650887574,-0.21957751641341997,0.3333333333333333,0.7431199775588128,None + Linear-SVM,unconscious,unconscious,False,Image,False,3,2,5,3
1294,sub-01,rh-inferiorparietal,0.2975778546712803,-0.04351941398892446,0.5263157894736842,0.7549438562891598,None + Linear-SVM,unconscious,unconscious,False,Image,False,3,5,6,3
1295,sub-01,rh-inferiorparietal,0.36111111111111116,-0.1690308509457033,0.3636363636363636,0.7433515001097031,None + Linear-SVM,unconscious,unconscious,False,Image,False,3,2,4,3
1296,sub-01,rh-inferiorparietal,0.512396694214876,0.06900655593423542,0.4444444444444445,0.7050683326788476,None + Linear-SVM,unconscious,unconscious,False,Image,False,4,2,3,2
1297,sub-01,rh-inferiorparietal,0.5714285714285715,-0.5477225575051661,0.0,0.6796946409118633,None + Linear-SVM,unconscious,unconscious,False,Image,False,2,0,2,3
1298,sub-01,rh-inferiorparietal,0.3905325443786982,0.21957751641341997,0.6666666666666666,0.7389866992986907,None + Linear-SVM,unconscious,unconscious,False,Image,False,3,5,3,2
1299,sub-01,rh-inferiorparietal,0.345679012345679,0.35082320772281167,0.8,0.7359795475079951,None + Linear-SVM,unconscious,unconscious,False,Image,False,3,10,3,2
1300,sub-01,rh-inferiorparietal,0.41326530612244894,0.14907119849998599,0.6250000000000001,0.7255282665369711,None + Linear-SVM,unconscious,unconscious,False,Image,False,3,5,4,2
1301,sub-01,rh-inferiorparietal,0.6122448979591837,-0.5477225575051661,0.0,0.6828765366733093,None + Linear-SVM,unconscious,unconscious,False,Image,False,2,0,2,3
1302,sub-01,rh-inferiorparietal,0.44999999999999996,-0.2182178902359924,0.25,0.7094641723204265,None + Linear-SVM,unconscious,unconscious,False,Image,False,3,1,4,2
1303,sub-01,rh-inferiorparietal,0.4023668639053255,0.3,0.6153846153846154,0.7351368263837118,None + Linear-SVM,unconscious,unconscious,False,Image,False,4,4,4,1
1304,sub-01,rh-inferiorparietal,0.52,0.2182178902359924,0.5,0.6982185209022662,None + Linear-SVM,unconscious,unconscious,False,Image,False,4,2,3,1
1305,sub-01,rh-inferiorparietal,0.42011834319526625,0.3,0.6153846153846154,0.7219764806060281,None + Linear-SVM,unconscious,unconscious,False,Image,False,4,4,4,1
1306,sub-01,rh-inferiorparietal,0.37244897959183676,0.14907119849998599,0.6250000000000001,0.734206691284004,None + Linear-SVM,unconscious,unconscious,False,Image,False,3,5,4,2
1307,sub-01,rh-inferiorparietal,0.4305555555555556,0.1690308509457033,0.6153846153846153,0.7236807687102199,None + Linear-SVM,unconscious,unconscious,False,Image,False,3,4,3,2
1308,sub-01,rh-inferiorparietal,0.5537190082644629,0.26666666666666666,0.6666666666666666,0.6905164805172078,None + Linear-SVM,unconscious,unconscious,False,Image,False,3,4,2,2
1309,sub-01,rh-inferiorparietal,0.28515625,0.13483997249264842,0.631578947368421,0.7581585112287184,None + Linear-SVM,unconscious,unconscious,False,Image,False,3,6,5,2
1310,sub-01,rh-inferiorparietal,0.49,0.0,0.4444444444444445,0.7014470804067502,None + Linear-SVM,unconscious,unconscious,False,Image,False,3,2,3,2
1311,sub-01,rh-inferiorparietal,0.42346938775510207,0.14907119849998599,0.6250000000000001,0.7241398087642787,None + Linear-SVM,unconscious,unconscious,False,Image,False,3,5,4,2
1312,sub-01,rh-inferiorparietal,0.6859504132231405,0.4666666666666667,0.7272727272727272,0.6654633919188,None + Linear-SVM,unconscious,unconscious,False,Image,False,4,4,2,1
1313,sub-01,rh-inferiorparietal,0.48760330578512395,0.26666666666666666,0.6666666666666666,0.7104274373344506,None + Linear-SVM,unconscious,unconscious,False,Image,False,3,4,2,2
1314,sub-01,rh-inferiorparietal,0.22,0.058025885318565944,0.5833333333333334,0.7845791499029716,None + Linear-SVM,unconscious,unconscious,False,Image,False,3,7,8,2
1315,sub-01,rh-inferiorparietal,0.3111111111111111,0.09449111825230681,0.588235294117647,0.7534376393763984,None + Linear-SVM,unconscious,unconscious,False,Image,False,3,5,5,2
1316,sub-01,rh-inferiorparietal,0.46913580246913583,-0.15811388300841897,0.28571428571428575,0.7009338629797347,None + Linear-SVM,unconscious,unconscious,False,Image,False,3,1,3,2
1317,sub-01,rh-inferiorparietal,0.63,0.2182178902359924,0.5,0.6765046407450279,None + Linear-SVM,unconscious,unconscious,False,Image,False,4,2,3,1
1318,sub-01,rh-inferiorparietal,0.3223140495867769,-0.4485426135725303,0.2,0.7504759019445608,None + Linear-SVM,unconscious,unconscious,False,Image,False,2,1,5,3
1319,sub-01,rh-inferiorparietal,0.4911242603550296,0.3,0.6153846153846154,0.7063735879782915,None + Linear-SVM,unconscious,unconscious,False,Image,False,4,4,4,1
1320,sub-01,rh-inferiorparietal,0.22749999999999998,0.058025885318565944,0.5833333333333334,0.8075276151771357,None + Linear-SVM,unconscious,unconscious,False,Image,False,3,7,8,2
1321,sub-01,rh-inferiorparietal,0.49586776859504134,0.3105295017040594,0.6,0.701179934501609,None + Linear-SVM,unconscious,unconscious,False,Image,False,4,3,3,1
1322,sub-01,rh-inferiorparietal,0.40888888888888886,0.09449111825230681,0.588235294117647,0.7359325010300534,None + Linear-SVM,unconscious,unconscious,False,Image,False,3,5,5,2
1323,sub-01,rh-inferiorparietal,0.36686390532544383,-0.025,0.4615384615384615,0.7414686793833674,None + Linear-SVM,unconscious,unconscious,False,Image,False,3,3,5,2
1324,sub-01,rh-inferiorparietal,0.3801652892561984,-0.06900655593423542,0.4,0.7391542157059927,None + Linear-SVM,unconscious,unconscious,False,Image,False,3,2,4,2
1325,sub-01,rh-inferiorparietal,0.7346938775510204,0.0,0.0,0.6435582196713685,None + Linear-SVM,unconscious,unconscious,False,Image,False,5,0,2,0
1326,sub-01,rh-inferiorparietal,0.33136094674556216,0.09759000729485333,0.5714285714285715,0.7633648940357232,None + Linear-SVM,unconscious,unconscious,False,Image,False,3,4,4,2
1327,sub-01,rh-inferiorparietal,0.4800000000000001,0.2182178902359924,0.5,0.7246471543552027,None + Linear-SVM,unconscious,unconscious,False,Image,False,4,2,3,1
1328,sub-01,rh-inferiorparietal,0.390625,0.40451991747794525,0.7368421052631579,0.7248969367171847,None + Linear-SVM,unconscious,unconscious,False,Image,False,4,7,4,1
1329,sub-01,rh-inferiorparietal,0.3846153846153846,-0.025,0.4615384615384615,0.7393370315246723,None + Linear-SVM,unconscious,unconscious,False,Image,False,3,3,5,2
1330,sub-01,rh-inferiorparietal,0.5700000000000001,0.2182178902359924,0.5,0.6868005477356546,None + Linear-SVM,unconscious,unconscious,False,Image,False,4,2,3,1
1331,sub-01,rh-inferiorparietal,0.6699999999999999,0.2,0.6,0.6620897460988873,None + Linear-SVM,unconscious,unconscious,False,Image,False,3,3,2,2
1332,sub-01,rh-inferiorparietal,0.23111111111111113,-0.18898223650461363,0.47058823529411764,0.8001412218980539,None + Linear-SVM,unconscious,unconscious,False,Image,False,2,4,6,3
1333,sub-01,rh-inferiorparietal,0.5289256198347108,0.1,0.5454545454545454,0.7044799143302857,None + Linear-SVM,unconscious,unconscious,False,Image,False,3,3,3,2
1334,sub-01,rh-inferiorparietal,0.30177514792899407,-0.21957751641341997,0.42857142857142855,0.7688757799141251,None + Linear-SVM,unconscious,unconscious,False,Image,False,2,3,5,3
1335,sub-01,rh-inferiorparietal,0.49382716049382713,-0.15811388300841897,0.28571428571428575,0.7258624159345899,None + Linear-SVM,unconscious,unconscious,False,Image,False,3,1,3,2
1336,sub-01,rh-inferiorparietal,0.30612244897959184,0.04303314829119352,0.5333333333333333,0.7471579309528964,None + Linear-SVM,unconscious,unconscious,False,Image,False,3,4,5,2
1337,sub-01,rh-inferiorparietal,0.44970414201183434,0.4147575310031266,0.7142857142857143,0.7131055328112114,None + Linear-SVM,unconscious,unconscious,False,Image,False,4,5,3,1
1338,sub-01,rh-inferiorparietal,0.5185185185185186,0.1,0.5,0.7024873781450359,None + Linear-SVM,unconscious,unconscious,False,Image,False,3,2,2,2
1339,sub-01,rh-inferiorparietal,0.61,0.408248290463863,0.6666666666666665,0.6666456516847798,None + Linear-SVM,unconscious,unconscious,False,Image,False,4,3,2,1
1340,sub-01,rh-inferiorparietal,0.42361111111111116,0.1690308509457033,0.6153846153846153,0.7258448305535898,None + Linear-SVM,unconscious,unconscious,False,Image,False,3,4,3,2
1341,sub-01,rh-inferiorparietal,0.3333333333333333,0.02857142857142857,0.5,0.7474481746312476,None + Linear-SVM,unconscious,unconscious,False,Image,False,3,3,4,2
1342,sub-01,rh-inferiorparietal,0.3125,0.22084711628963774,0.7000000000000001,0.7534215996586777,None + Linear-SVM,unconscious,unconscious,False,Image,False,3,7,4,2
1343,sub-01,rh-inferiorparietal,0.38842975206611574,-0.06900655593423542,0.4,0.7329858249419362,None + Linear-SVM,unconscious,unconscious,False,Image,False,3,2,4,2
1344,sub-01,rh-inferiorparietal,0.55,0.2182178902359924,0.5,0.7035065150607664,None + Linear-SVM,unconscious,unconscious,False,Image,False,4,2,3,1
1345,sub-01,rh-inferiorparietal,0.57,-0.5,0.0,0.67014573150103,None + Linear-SVM,unconscious,unconscious,False,Image,False,3,0,2,5
1346,sub-01,rh-inferiorparietal,0.421875,0.1259881576697424,0.5882352941176471,0.7196537563955386,None + Linear-SVM,unconscious,unconscious,False,Image,False,4,5,3,4
1347,sub-01,rh-inferiorparietal,0.4603174603174603,0.1589409883014377,0.608695652173913,0.7066590463757756,None + Linear-SVM,unconscious,unconscious,False,Image,False,5,7,6,3
1348,sub-01,rh-inferiorparietal,0.4359861591695502,0.07042952122737638,0.5,0.7080849911177914,None + Linear-SVM,unconscious,unconscious,False,Image,False,5,4,5,3
1349,sub-01,rh-inferiorparietal,0.55,-0.6123724356957946,0.0,0.675926723439629,None + Linear-SVM,unconscious,unconscious,False,Image,False,2,0,2,6
1350,sub-01,rh-inferiorparietal,0.5207100591715976,-0.09759000729485333,0.3636363636363636,0.6900948584613216,None + Linear-SVM,unconscious,unconscious,False,Image,False,4,2,3,4
1351,sub-01,rh-inferiorparietal,0.3671875,0.0,0.5,0.7269101190835201,None + Linear-SVM,unconscious,unconscious,False,Image,False,4,4,4,4
1352,sub-01,rh-inferiorparietal,0.5562130177514792,0.025,0.4000000000000001,0.6849330853953102,None + Linear-SVM,unconscious,unconscious,False,Image,False,5,2,3,3
1353,sub-01,rh-inferiorparietal,0.47265625,0.0,0.42857142857142855,0.7009638349717788,None + Linear-SVM,unconscious,unconscious,False,Image,False,5,3,5,3
1354,sub-01,rh-inferiorparietal,0.40484429065743943,-0.1690308509457033,0.375,0.7158704014998556,None + Linear-SVM,unconscious,unconscious,False,Image,False,4,3,6,4
1355,sub-01,rh-inferiorparietal,0.4222222222222223,-0.21821789023599236,0.30769230769230765,0.7080810183715752,None + Linear-SVM,unconscious,unconscious,False,Image,False,4,2,5,4
1356,sub-01,rh-inferiorparietal,0.5357142857142858,-0.16666666666666666,0.3333333333333333,0.6827930215604675,None + Linear-SVM,unconscious,unconscious,False,Image,False,4,2,4,4
1357,sub-01,rh-inferiorparietal,0.3545706371191136,0.044946657497549475,0.5714285714285713,0.7317831581486363,None + Linear-SVM,unconscious,unconscious,False,Image,False,4,6,5,4
1358,sub-01,rh-inferiorparietal,0.5266272189349113,-0.09759000729485333,0.3636363636363636,0.6851407699847912,None + Linear-SVM,unconscious,unconscious,False,Image,False,4,2,3,4
1359,sub-01,rh-inferiorparietal,0.46712802768166084,0.07042952122737638,0.5,0.6992490333483194,None + Linear-SVM,unconscious,unconscious,False,Image,False,5,4,5,3
1360,sub-01,rh-inferiorparietal,0.673469387755102,0.125,0.5,0.6515318356386267,None + Linear-SVM,unconscious,unconscious,False,Image,False,5,3,3,3
1361,sub-01,rh-inferiorparietal,0.510204081632653,0.0,0.4615384615384615,0.6873581358100642,None + Linear-SVM,unconscious,unconscious,False,Image,False,4,3,3,4
1362,sub-01,rh-inferiorparietal,0.29300567107750475,-0.03178208630818641,0.5384615384615385,0.7591878736881401,None + Linear-SVM,unconscious,unconscious,False,Image,False,4,7,8,4
1363,sub-01,rh-inferiorparietal,0.38888888888888884,0.20385887657505022,0.6666666666666666,0.727475159713687,None + Linear-SVM,unconscious,unconscious,False,Image,False,4,7,3,4
1364,sub-01,rh-inferiorparietal,0.4930555555555556,-0.23904572186687872,0.22222222222222224,0.6898053534421259,None + Linear-SVM,unconscious,unconscious,False,Image,False,4,1,3,4
1365,sub-01,rh-inferiorparietal,0.6272189349112427,0.025,0.4000000000000001,0.6659520888867674,None + Linear-SVM,unconscious,unconscious,False,Image,False,5,2,3,3
1366,sub-01,rh-inferiorparietal,0.37244897959183676,-0.5773502691896257,0.15384615384615383,0.7292853902354297,None + Linear-SVM,unconscious,unconscious,False,Image,False,2,1,5,6
1367,sub-01,rh-inferiorparietal,0.52734375,0.0,0.42857142857142855,0.6864047111848539,None + Linear-SVM,unconscious,unconscious,False,Image,False,5,3,5,3
1368,sub-01,rh-inferiorparietal,0.2551984877126654,-0.16265001215808886,0.4166666666666667,0.7922182502686504,None + Linear-SVM,unconscious,unconscious,False,Image,False,4,5,10,4
1369,sub-01,rh-inferiorparietal,0.5255102040816326,0.0,0.4615384615384615,0.6794702681506161,None + Linear-SVM,unconscious,unconscious,False,Image,False,4,3,3,4
1370,sub-01,rh-inferiorparietal,0.441358024691358,0.0,0.5263157894736842,0.7209471748801973,None + Linear-SVM,unconscious,unconscious,False,Image,False,4,5,5,4
1371,sub-01,rh-inferiorparietal,0.3515625,-0.1259881576697424,0.39999999999999997,0.7246487034165727,None + Linear-SVM,unconscious,unconscious,False,Image,False,4,3,5,4
1372,sub-01,rh-inferiorparietal,0.39285714285714285,-0.4583333333333333,0.16666666666666666,0.7241117431567758,None + Linear-SVM,unconscious,unconscious,False,Image,False,3,1,5,5
1373,sub-01,rh-inferiorparietal,0.7000000000000001,-0.16666666666666666,0.0,0.647196347477452,None + Linear-SVM,unconscious,unconscious,False,Image,False,7,0,2,1
1374,sub-01,rh-inferiorparietal,0.41015625,0.0,0.5,0.7418829134302772,None + Linear-SVM,unconscious,unconscious,False,Image,False,4,4,4,4
1375,sub-01,rh-inferiorparietal,0.44970414201183434,-0.09759000729485333,0.3636363636363636,0.7165171403451548,None + Linear-SVM,unconscious,unconscious,False,Image,False,4,2,3,4
1376,sub-01,rh-inferiorparietal,0.4903047091412742,0.07954545454545454,0.5263157894736842,0.7007824296390419,None + Linear-SVM,unconscious,unconscious,False,Image,False,5,5,6,3
1377,sub-01,rh-inferiorparietal,0.46875,0.0,0.42857142857142855,0.7117981957680324,None + Linear-SVM,unconscious,unconscious,False,Image,False,5,3,5,3
1378,sub-01,rh-inferiorparietal,0.5680473372781065,0.025,0.4000000000000001,0.6796103848508129,None + Linear-SVM,unconscious,unconscious,False,Image,False,5,2,3,3
1379,sub-01,rh-inferiorparietal,0.6213017751479291,0.025,0.4000000000000001,0.6664603084578619,None + Linear-SVM,unconscious,unconscious,False,Image,False,5,2,3,3
1380,sub-01,rh-inferiorparietal,0.25617283950617287,-0.55,0.22222222222222224,0.7816846952805593,None + Linear-SVM,unconscious,unconscious,False,Image,False,2,2,8,6
1381,sub-01,rh-inferiorparietal,0.5510204081632653,-0.16666666666666666,0.3333333333333333,0.6927418254676325,None + Linear-SVM,unconscious,unconscious,False,Image,False,4,2,4,4
1382,sub-01,rh-inferiorparietal,0.3828125,-0.2581988897471611,0.28571428571428575,0.7515609269030459,None + Linear-SVM,unconscious,unconscious,False,Image,False,4,2,6,4
1383,sub-01,rh-inferiorparietal,0.4930555555555556,-0.23904572186687872,0.22222222222222224,0.7099005765898628,None + Linear-SVM,unconscious,unconscious,False,Image,False,4,1,3,4
1384,sub-01,rh-inferiorparietal,0.39792387543252594,-0.05555555555555555,0.47058823529411764,0.7221793923774406,None + Linear-SVM,unconscious,unconscious,False,Image,False,4,4,5,4
1385,sub-01,rh-inferiorparietal,0.48046875,-0.13483997249264842,0.3076923076923077,0.6929434095976299,None + Linear-SVM,unconscious,unconscious,False,Image,False,5,2,6,3
1386,sub-01,rh-inferiorparietal,0.5347222222222222,-0.23904572186687872,0.22222222222222224,0.6898428681493374,None + Linear-SVM,unconscious,unconscious,False,Image,False,4,1,3,4
1387,sub-01,rh-inferiorparietal,0.6568047337278107,0.025,0.4000000000000001,0.6611293893097879,None + Linear-SVM,unconscious,unconscious,False,Image,False,5,2,3,3
1388,sub-01,rh-inferiorparietal,0.4444444444444444,-0.07142857142857142,0.42857142857142855,0.709450854246547,None + Linear-SVM,unconscious,unconscious,False,Image,False,4,3,4,4
1389,sub-01,rh-inferiorparietal,0.4133333333333334,-0.3392857142857143,0.2857142857142857,0.7172104316041831,None + Linear-SVM,unconscious,unconscious,False,Image,False,3,2,5,5
1390,sub-01,rh-inferiorparietal,0.3490304709141274,0.044946657497549475,0.5714285714285713,0.7341816418834488,None + Linear-SVM,unconscious,unconscious,False,Image,False,4,6,5,4
1391,sub-01,rh-inferiorparietal,0.3826530612244898,-0.34426518632954817,0.1818181818181818,0.7227313172505877,None + Linear-SVM,unconscious,unconscious,False,Image,False,4,1,5,4
1392,sub-01,rh-inferiorparietal,0.5739644970414202,0.025,0.4000000000000001,0.6870795422054623,None + Linear-SVM,unconscious,unconscious,False,Image,False,5,2,3,3
1393,sub-01,rh-inferiorparietal,0.9027777777777777,0.25819888974716115,0.4,0.5809648020719015,None + Linear-SVM,unconscious,unconscious,False,Image,False,8,1,1,2
1394,sub-01,rh-inferiorparietal,0.6790123456790123,0.4332001127219817,0.6666666666666666,0.6492323344582782,None + Linear-SVM,unconscious,unconscious,False,Image,False,8,5,3,2
1395,sub-01,rh-inferiorparietal,0.6257088846880907,0.5649019553110248,0.8,0.6679226347980495,None + Linear-SVM,unconscious,unconscious,False,Image,False,8,10,3,2
1396,sub-01,rh-inferiorparietal,0.6952908587257618,0.5777777777777777,0.7777777777777778,0.6501619711981128,None + Linear-SVM,unconscious,unconscious,False,Image,False,8,7,2,2
1397,sub-01,rh-inferiorparietal,0.875,0.25819888974716115,0.4,0.5770833306263261,None + Linear-SVM,unconscious,unconscious,False,Image,False,8,1,1,2
1398,sub-01,rh-inferiorparietal,0.7822222222222222,0.4,0.6,0.6281545417049873,None + Linear-SVM,unconscious,unconscious,False,Image,False,8,3,2,2
1399,sub-01,rh-inferiorparietal,0.6666666666666666,0.4332001127219817,0.6666666666666666,0.6589944240573492,None + Linear-SVM,unconscious,unconscious,False,Image,False,8,5,3,2
1400,sub-01,rh-inferiorparietal,0.7466666666666666,0.4,0.6,0.6223137404644327,None + Linear-SVM,unconscious,unconscious,False,Image,False,8,3,2,2
1401,sub-01,rh-inferiorparietal,0.6944444444444444,0.4332001127219817,0.6666666666666666,0.6516351958655129,None + Linear-SVM,unconscious,unconscious,False,Image,False,8,5,3,2
1402,sub-01,rh-inferiorparietal,0.7091412742382271,0.6888888888888889,0.8421052631578948,0.6518182806164237,None + Linear-SVM,unconscious,unconscious,False,Image,False,8,8,1,2
1403,sub-01,rh-inferiorparietal,0.726643598615917,0.5142857142857142,0.7142857142857143,0.6449961490994275,None + Linear-SVM,unconscious,unconscious,False,Image,False,8,5,2,2
1404,sub-01,rh-inferiorparietal,0.79296875,0.4666666666666667,0.6666666666666666,0.6065599493496955,None + Linear-SVM,unconscious,unconscious,False,Image,False,8,4,2,2
1405,sub-01,rh-inferiorparietal,0.5941043083900226,0.4403855060505442,0.7000000000000001,0.6807930673316188,None + Linear-SVM,unconscious,unconscious,False,Image,False,8,7,4,2
1406,sub-01,rh-inferiorparietal,0.8044444444444445,0.4,0.6,0.6212671705556936,None + Linear-SVM,unconscious,unconscious,False,Image,False,8,3,2,2
1407,sub-01,rh-inferiorparietal,0.6897506925207756,0.47193990372426947,0.7058823529411765,0.6475478286845804,None + Linear-SVM,unconscious,unconscious,False,Image,False,8,6,3,2
1408,sub-01,rh-inferiorparietal,0.84375,0.6180700462007377,0.7692307692307692,0.5993415340987989,None + Linear-SVM,unconscious,unconscious,False,Image,False,8,5,1,2
1409,sub-01,rh-inferiorparietal,0.77734375,0.4666666666666667,0.6666666666666666,0.6244077720110813,None + Linear-SVM,unconscious,unconscious,False,Image,False,8,4,2,2
1410,sub-01,rh-inferiorparietal,0.4976,0.3595462477533374,0.7142857142857142,0.7179652948261142,None + Linear-SVM,unconscious,unconscious,False,Image,False,7,10,5,3
1411,sub-01,rh-inferiorparietal,0.6300000000000001,0.502518907629606,0.7368421052631577,0.6737496773534535,None + Linear-SVM,unconscious,unconscious,False,Image,False,8,7,3,2
1412,sub-01,rh-inferiorparietal,0.8061224489795918,0.18856180831641267,0.4444444444444445,0.6088725458418296,None + Linear-SVM,unconscious,unconscious,False,Image,False,7,2,2,3
1413,sub-01,rh-inferiorparietal,0.8533333333333333,0.5773502691896257,0.7272727272727272,0.5960190269052748,None + Linear-SVM,unconscious,unconscious,False,Image,False,8,4,1,2
1414,sub-01,rh-inferiorparietal,0.703125,0.3578300267477955,0.6153846153846153,0.6614743544257624,None + Linear-SVM,unconscious,unconscious,False,Image,False,7,4,2,3
1415,sub-01,rh-inferiorparietal,0.7376543209876543,0.55,0.75,0.6314502619989134,None + Linear-SVM,unconscious,unconscious,False,Image,False,8,6,2,2
1416,sub-01,rh-inferiorparietal,0.49439999999999995,0.29417420270727607,0.6666666666666665,0.727277080125841,None + Linear-SVM,unconscious,unconscious,False,Image,False,7,9,6,3
1417,sub-01,rh-inferiorparietal,0.8046875,0.4666666666666667,0.6666666666666666,0.6111864398502365,None + Linear-SVM,unconscious,unconscious,False,Image,False,8,4,2,2
1418,sub-01,rh-inferiorparietal,0.6799999999999999,0.502518907629606,0.7368421052631577,0.6522516310302662,None + Linear-SVM,unconscious,unconscious,False,Image,False,8,7,3,2
1419,sub-01,rh-inferiorparietal,0.7037037037037037,0.4332001127219817,0.6666666666666666,0.6541203566405209,None + Linear-SVM,unconscious,unconscious,False,Image,False,8,5,3,2
1420,sub-01,rh-inferiorparietal,0.6875,0.2,0.5,0.6530500981406928,None + Linear-SVM,unconscious,unconscious,False,Image,False,7,3,3,3
1421,sub-01,rh-inferiorparietal,0.9375,0.25819888974716115,0.4,0.5628255258890393,None + Linear-SVM,unconscious,unconscious,False,Image,False,8,1,1,2
1422,sub-01,rh-inferiorparietal,0.6049382716049383,0.325,0.625,0.6747107772450165,None + Linear-SVM,unconscious,unconscious,False,Image,False,7,5,3,3
1423,sub-01,rh-inferiorparietal,0.7111111111111111,0.28867513459481287,0.5454545454545454,0.6296608683335361,None + Linear-SVM,unconscious,unconscious,False,Image,False,7,3,2,3
1424,sub-01,rh-inferiorparietal,0.6598639455782314,0.5272727272727272,0.761904761904762,0.66085232416684,None + Linear-SVM,unconscious,unconscious,False,Image,False,8,8,3,2
1425,sub-01,rh-inferiorparietal,0.7006172839506173,0.4332001127219817,0.6666666666666666,0.6516646657994911,None + Linear-SVM,unconscious,unconscious,False,Image,False,8,5,3,2
1426,sub-01,rh-inferiorparietal,0.84,0.4,0.6,0.60144215207572,None + Linear-SVM,unconscious,unconscious,False,Image,False,8,3,2,2
1427,sub-01,rh-inferiorparietal,0.8755555555555555,0.5773502691896257,0.7272727272727272,0.5919184286978619,None + Linear-SVM,unconscious,unconscious,False,Image,False,8,4,1,2
1428,sub-01,rh-inferiorparietal,0.5825,0.2041241452319315,0.5555555555555556,0.7084624128679868,None + Linear-SVM,unconscious,unconscious,False,Image,False,7,5,5,3
1429,sub-01,rh-inferiorparietal,0.75390625,0.4666666666666667,0.6666666666666666,0.6182480718491117,None + Linear-SVM,unconscious,unconscious,False,Image,False,8,4,2,2
1430,sub-01,rh-inferiorparietal,0.5895061728395061,0.20385887657505022,0.5333333333333333,0.6755469927231936,None + Linear-SVM,unconscious,unconscious,False,Image,False,7,4,4,3
1431,sub-01,rh-inferiorparietal,0.7448979591836735,0.18856180831641267,0.4444444444444445,0.6323539146626057,None + Linear-SVM,unconscious,unconscious,False,Image,False,7,2,2,3
1432,sub-01,rh-inferiorparietal,0.6869806094182825,0.36666666666666664,0.6666666666666666,0.6612357921152067,None + Linear-SVM,unconscious,unconscious,False,Image,False,7,6,3,3
1433,sub-01,rh-inferiorparietal,0.712962962962963,0.55,0.75,0.6395508895685116,None + Linear-SVM,unconscious,unconscious,False,Image,False,8,6,2,2
1434,sub-01,rh-inferiorparietal,0.7551020408163266,0.3,0.5,0.6133274451612779,None + Linear-SVM,unconscious,unconscious,False,Image,False,8,2,2,2
1435,sub-01,rh-inferiorparietal,0.8933333333333333,0.5773502691896257,0.7272727272727272,0.5864221314026782,None + Linear-SVM,unconscious,unconscious,False,Image,False,8,4,1,2
1436,sub-01,rh-inferiorparietal,0.726643598615917,0.5142857142857142,0.7142857142857143,0.6522915772212856,None + Linear-SVM,unconscious,unconscious,False,Image,False,8,5,2,2
1437,sub-01,rh-inferiorparietal,0.657439446366782,0.2714285714285714,0.5714285714285714,0.6656510254259788,None + Linear-SVM,unconscious,unconscious,False,Image,False,7,4,3,3
1438,sub-01,rh-inferiorparietal,0.5963718820861679,0.5272727272727272,0.761904761904762,0.6741966758992591,None + Linear-SVM,unconscious,unconscious,False,Image,False,8,8,3,2
1439,sub-01,rh-inferiorparietal,0.6875,0.09759000729485331,0.4615384615384615,0.6542267736963079,None + Linear-SVM,unconscious,unconscious,False,Image,False,6,3,3,4
1440,sub-01,rh-inferiorparietal,0.7511111111111111,0.4,0.6,0.6242448768853948,None + Linear-SVM,unconscious,unconscious,False,Image,False,8,3,2,2
1441,sub-01,rh-inferiorparietal,0.7733333333333333,-0.4193139346887673,0.0,0.6360621740723127,None + Linear-SVM,unconscious,unconscious,False,Image,False,5,0,2,8
1442,sub-01,rh-inferiorparietal,0.5850340136054422,-0.1589409883014377,0.33333333333333326,0.6826163751866,None + Linear-SVM,unconscious,unconscious,False,Image,False,6,3,5,7
1443,sub-01,rh-inferiorparietal,0.5591715976331361,0.0,0.48000000000000004,0.686521222030753,None + Linear-SVM,unconscious,unconscious,False,Image,False,7,6,7,6
1444,sub-01,rh-inferiorparietal,0.5805785123966942,-0.016878989451394443,0.4210526315789474,0.6810618224765352,None + Linear-SVM,unconscious,unconscious,False,Image,False,7,4,5,6
1445,sub-01,rh-inferiorparietal,0.7644444444444445,-0.4193139346887673,0.0,0.6383517902889019,None + Linear-SVM,unconscious,unconscious,False,Image,False,5,0,2,8
1446,sub-01,rh-inferiorparietal,0.6851851851851852,-0.1941450686788302,0.26666666666666666,0.6547560397509398,None + Linear-SVM,unconscious,unconscious,False,Image,False,5,2,3,8
1447,sub-01,rh-inferiorparietal,0.5850340136054422,-0.08492077756084468,0.35294117647058826,0.6843244164128244,None + Linear-SVM,unconscious,unconscious,False,Image,False,7,3,5,6
1448,sub-01,rh-inferiorparietal,0.7407407407407407,0.08770580193070292,0.3636363636363636,0.6507406033995097,None + Linear-SVM,unconscious,unconscious,False,Image,False,9,2,3,4
1449,sub-01,rh-inferiorparietal,0.6643990929705216,0.03739787960033829,0.4444444444444445,0.6680127433646292,None + Linear-SVM,unconscious,unconscious,False,Image,False,7,4,4,6
1450,sub-01,rh-inferiorparietal,0.5537190082644627,-0.09245003270420485,0.39999999999999997,0.6841213076187315,None + Linear-SVM,unconscious,unconscious,False,Image,False,6,4,5,7
1451,sub-01,rh-inferiorparietal,0.605,-0.24232015747572203,0.25,0.6744518906790066,None + Linear-SVM,unconscious,unconscious,False,Image,False,6,2,5,7
1452,sub-01,rh-inferiorparietal,0.6952908587257618,-0.049416621110740085,0.30769230769230765,0.644697395368857,None + Linear-SVM,unconscious,unconscious,False,Image,False,8,2,4,5
1453,sub-01,rh-inferiorparietal,0.5399305555555556,0.16083916083916083,0.5454545454545454,0.6977696036872884,None + Linear-SVM,unconscious,unconscious,False,Image,False,8,6,5,5
1454,sub-01,rh-inferiorparietal,0.6975308641975309,-0.12403473458920847,0.2857142857142857,0.6560387059530436,None + Linear-SVM,unconscious,unconscious,False,Image,False,6,2,3,7
1455,sub-01,rh-inferiorparietal,0.6342975206611571,-0.016878989451394443,0.4210526315789474,0.6722827977734466,None + Linear-SVM,unconscious,unconscious,False,Image,False,7,4,5,6
1456,sub-01,rh-inferiorparietal,0.7867036011080333,0.18531232916527532,0.4615384615384615,0.6394561735370303,None + Linear-SVM,unconscious,unconscious,False,Image,False,9,3,3,4
1457,sub-01,rh-inferiorparietal,0.6509695290858726,-0.03580574370197164,0.37499999999999994,0.6617527027309732,None + Linear-SVM,unconscious,unconscious,False,Image,False,6,3,3,7
1458,sub-01,rh-inferiorparietal,0.43367346938775514,0.005128205128205128,0.5,0.72241683482486,None + Linear-SVM,unconscious,unconscious,False,Image,False,7,7,8,6
1459,sub-01,rh-inferiorparietal,0.5293005671077505,0.0381690510345287,0.47619047619047616,0.6923309048845971,None + Linear-SVM,unconscious,unconscious,False,Image,False,7,5,5,6
1460,sub-01,rh-inferiorparietal,0.6851211072664359,-0.24514516892273003,0.16666666666666666,0.6500136082592994,None + Linear-SVM,unconscious,unconscious,False,Image,False,6,1,3,7
1461,sub-01,rh-inferiorparietal,0.7623456790123457,0.01413506985480439,0.3333333333333333,0.6413738031209533,None + Linear-SVM,unconscious,unconscious,False,Image,False,8,2,3,5
1462,sub-01,rh-inferiorparietal,0.5706371191135734,-0.41773367652300253,0.13333333333333333,0.6840758822337873,None + Linear-SVM,unconscious,unconscious,False,Image,False,5,1,5,8
1463,sub-01,rh-inferiorparietal,0.6643990929705216,0.03739787960033829,0.4444444444444445,0.6627600363139118,None + Linear-SVM,unconscious,unconscious,False,Image,False,7,4,4,6
1464,sub-01,rh-inferiorparietal,0.4094387755102041,-0.07161148740394328,0.4827586206896552,0.7417318469341507,None + Linear-SVM,unconscious,unconscious,False,Image,False,6,7,8,7
1465,sub-01,rh-inferiorparietal,0.7036011080332409,0.18531232916527532,0.4615384615384615,0.6535100267040906,None + Linear-SVM,unconscious,unconscious,False,Image,False,9,3,3,4
1466,sub-01,rh-inferiorparietal,0.6143667296786388,-0.06153846153846154,0.4000000000000001,0.679823527599248,None + Linear-SVM,unconscious,unconscious,False,Image,False,7,4,6,6
1467,sub-01,rh-inferiorparietal,0.5714285714285714,-0.1589409883014377,0.33333333333333326,0.6836695919506822,None + Linear-SVM,unconscious,unconscious,False,Image,False,6,3,5,7
1468,sub-01,rh-inferiorparietal,0.5484764542936289,-0.26257545381445874,0.25,0.6823332937153502,None + Linear-SVM,unconscious,unconscious,False,Image,False,5,2,4,8
1469,sub-01,rh-inferiorparietal,0.84,-0.08006407690254358,0.1818181818181818,0.6200422085090425,None + Linear-SVM,unconscious,unconscious,False,Image,False,5,1,1,8
1470,sub-01,rh-inferiorparietal,0.5623582766439909,-0.08492077756084468,0.35294117647058826,0.696189548214121,None + Linear-SVM,unconscious,unconscious,False,Image,False,7,3,5,6
1471,sub-01,rh-inferiorparietal,0.6296296296296295,-0.05547001962252291,0.3076923076923077,0.6747058877390331,None + Linear-SVM,unconscious,unconscious,False,Image,False,7,2,3,6
1472,sub-01,rh-inferiorparietal,0.6111111111111112,0.07067534927402196,0.47619047619047616,0.6777215206804366,None + Linear-SVM,unconscious,unconscious,False,Image,False,8,5,6,5
1473,sub-01,rh-inferiorparietal,0.5873015873015872,-0.2337367475021143,0.3157894736842105,0.6786830910891282,None + Linear-SVM,unconscious,unconscious,False,Image,False,5,3,5,8
1474,sub-01,rh-inferiorparietal,0.7314814814814815,0.08770580193070292,0.3636363636363636,0.6472478585191737,None + Linear-SVM,unconscious,unconscious,False,Image,False,9,2,3,4
1475,sub-01,rh-inferiorparietal,0.7746913580246915,0.08770580193070292,0.3636363636363636,0.6389151204473603,None + Linear-SVM,unconscious,unconscious,False,Image,False,9,2,3,4
1476,sub-01,rh-inferiorparietal,0.47258979206049145,-0.4153846153846154,0.20000000000000004,0.7198336459378826,None + Linear-SVM,unconscious,unconscious,False,Image,False,5,2,8,8
1477,sub-01,rh-inferiorparietal,0.6814404432132963,-0.03580574370197164,0.37499999999999994,0.6604413003948115,None + Linear-SVM,unconscious,unconscious,False,Image,False,6,3,3,7
1478,sub-01,rh-inferiorparietal,0.5170068027210885,-0.1589409883014377,0.33333333333333326,0.7097910058105722,None + Linear-SVM,unconscious,unconscious,False,Image,False,6,3,5,7
1479,sub-01,rh-inferiorparietal,0.6851211072664359,-0.3105172139687914,0.15384615384615383,0.6662117766273562,None + Linear-SVM,unconscious,unconscious,False,Image,False,5,1,3,8
1480,sub-01,rh-inferiorparietal,0.5661157024793388,-0.016878989451394443,0.4210526315789474,0.6848607933653427,None + Linear-SVM,unconscious,unconscious,False,Image,False,7,4,5,6
1481,sub-01,rh-inferiorparietal,0.6507936507936507,0.2337367475021143,0.5555555555555556,0.6649071012186129,None + Linear-SVM,unconscious,unconscious,False,Image,False,8,5,3,5
1482,sub-01,rh-inferiorparietal,0.7058823529411765,-0.18232322463624387,0.18181818181818182,0.6530728709903686,None + Linear-SVM,unconscious,unconscious,False,Image,False,7,1,3,6
1483,sub-01,rh-inferiorparietal,0.7746913580246915,0.12403473458920847,0.42857142857142855,0.6389207421650297,None + Linear-SVM,unconscious,unconscious,False,Image,False,7,3,2,6
1484,sub-01,rh-inferiorparietal,0.635,0.0316069770620507,0.4444444444444444,0.6705618253073976,None + Linear-SVM,unconscious,unconscious,False,Image,False,6,4,3,7
1485,sub-01,rh-inferiorparietal,0.5549999999999999,-0.3144854510165755,0.23529411764705882,0.6846233382567994,None + Linear-SVM,unconscious,unconscious,False,Image,False,5,2,5,8
1486,sub-01,rh-inferiorparietal,0.5208333333333334,-0.006993006993006993,0.45454545454545453,0.6969025920969362,None + Linear-SVM,unconscious,unconscious,False,Image,False,7,5,6,6
1487,sub-01,rh-inferiorparietal,0.592797783933518,-0.26257545381445874,0.25,0.6769488775776558,None + Linear-SVM,unconscious,unconscious,False,Image,False,5,2,4,8
1488,sub-01,rh-inferiorparietal,0.7314814814814814,-0.05547001962252291,0.3076923076923077,0.6526073448568049,None + Linear-SVM,unconscious,unconscious,False,Image,False,7,2,3,6
1489,sub-01,rh-inferiorparietal,0.6666666666666667,-0.47809144373375745,0.0,0.6570917671832759,None + Linear-SVM,unconscious,unconscious,False,Image,False,3,0,2,4
1490,sub-01,rh-inferiorparietal,0.46222222222222226,0.07142857142857142,0.5333333333333333,0.7190141829565632,None + Linear-SVM,unconscious,unconscious,False,Image,False,4,4,4,3
1491,sub-01,rh-inferiorparietal,0.465,0.24232015747572203,0.6363636363636364,0.7097622644958651,None + Linear-SVM,unconscious,unconscious,False,Image,False,5,7,6,2
1492,sub-01,rh-inferiorparietal,0.52734375,0.2698412698412698,0.6250000000000001,0.6973072688840319,None + Linear-SVM,unconscious,unconscious,False,Image,False,5,5,4,2
1493,sub-01,rh-inferiorparietal,0.6049382716049383,-0.5976143046671968,0.0,0.6678911174407174,None + Linear-SVM,unconscious,unconscious,False,Image,False,2,0,2,5
1494,sub-01,rh-inferiorparietal,0.6111111111111112,-0.02857142857142857,0.4000000000000001,0.6822399228505006,None + Linear-SVM,unconscious,unconscious,False,Image,False,4,2,3,3
1495,sub-01,rh-inferiorparietal,0.5066666666666667,0.21821789023599236,0.5714285714285715,0.7097649784518261,None + Linear-SVM,unconscious,unconscious,False,Image,False,5,4,4,2
1496,sub-01,rh-inferiorparietal,0.5833333333333334,0.11952286093343936,0.4444444444444445,0.6772445370842557,None + Linear-SVM,unconscious,unconscious,False,Image,False,5,2,3,2
1497,sub-01,rh-inferiorparietal,0.4888888888888889,0.07142857142857142,0.5333333333333333,0.7035489067223748,None + Linear-SVM,unconscious,unconscious,False,Image,False,4,4,4,3
1498,sub-01,rh-inferiorparietal,0.4921875,0.23809523809523808,0.6666666666666666,0.7091086472244932,None + Linear-SVM,unconscious,unconscious,False,Image,False,4,6,3,3
1499,sub-01,rh-inferiorparietal,0.5102040816326531,0.0,0.4615384615384615,0.7033984575559353,None + Linear-SVM,unconscious,unconscious,False,Image,False,4,3,4,3
1500,sub-01,rh-inferiorparietal,0.6213017751479291,0.21957751641341997,0.5454545454545454,0.6712703291987945,None + Linear-SVM,unconscious,unconscious,False,Image,False,5,3,3,2
1501,sub-01,rh-inferiorparietal,0.3888888888888889,0.11396057645963795,0.6,0.7339512905176592,None + Linear-SVM,unconscious,unconscious,False,Image,False,4,6,5,3
1502,sub-01,rh-inferiorparietal,0.5694444444444444,-0.02857142857142857,0.4000000000000001,0.6792331803289171,None + Linear-SVM,unconscious,unconscious,False,Image,False,4,2,3,3
1503,sub-01,rh-inferiorparietal,0.48828125,0.16265001215808886,0.5333333333333333,0.7042650938494222,None + Linear-SVM,unconscious,unconscious,False,Image,False,5,4,5,2
1504,sub-01,rh-inferiorparietal,0.7100591715976332,0.21957751641341997,0.5454545454545454,0.6502228852586929,None + Linear-SVM,unconscious,unconscious,False,Image,False,5,3,3,2
1505,sub-01,rh-inferiorparietal,0.5502958579881657,0.07142857142857142,0.5,0.685284393624418,None + Linear-SVM,unconscious,unconscious,False,Image,False,4,3,3,3
1506,sub-01,rh-inferiorparietal,0.2830578512396694,0.035634832254989916,0.56,0.7661440866162654,None + Linear-SVM,unconscious,unconscious,False,Image,False,4,7,8,3
1507,sub-01,rh-inferiorparietal,0.41522491349480967,0.1690308509457033,0.631578947368421,0.7279661216283436,None + Linear-SVM,unconscious,unconscious,False,Image,False,4,6,4,3
1508,sub-01,rh-inferiorparietal,0.5785123966942148,-0.17857142857142858,0.25,0.6802087774368148,None + Linear-SVM,unconscious,unconscious,False,Image,False,4,1,3,3
1509,sub-01,rh-inferiorparietal,0.6319444444444445,0.11952286093343936,0.4444444444444445,0.6658290617497192,None + Linear-SVM,unconscious,unconscious,False,Image,False,5,2,3,2
1510,sub-01,rh-inferiorparietal,0.4378698224852071,-0.23809523809523808,0.3333333333333333,0.7232142847841087,None + Linear-SVM,unconscious,unconscious,False,Image,False,3,2,4,4
1511,sub-01,rh-inferiorparietal,0.5777777777777777,0.21821789023599236,0.5714285714285715,0.6816121990379531,None + Linear-SVM,unconscious,unconscious,False,Image,False,5,4,4,2
1512,sub-01,rh-inferiorparietal,0.2809917355371901,-0.02706659809803834,0.5,0.7893096654519703,None + Linear-SVM,unconscious,unconscious,False,Image,False,4,6,9,3
1513,sub-01,rh-inferiorparietal,0.5798816568047337,0.21957751641341997,0.5454545454545454,0.6773575309545526,None + Linear-SVM,unconscious,unconscious,False,Image,False,5,3,3,2
1514,sub-01,rh-inferiorparietal,0.4844290657439446,0.07042952122737638,0.5555555555555556,0.7167218942819424,None + Linear-SVM,unconscious,unconscious,False,Image,False,4,5,5,3
1515,sub-01,rh-inferiorparietal,0.45333333333333337,-0.05455447255899809,0.42857142857142855,0.7172781150424015,None + Linear-SVM,unconscious,unconscious,False,Image,False,4,3,5,3
1516,sub-01,rh-inferiorparietal,0.46153846153846156,-0.09759000729485333,0.3636363636363636,0.7171895219152545,None + Linear-SVM,unconscious,unconscious,False,Image,False,4,2,4,3
1517,sub-01,rh-inferiorparietal,0.802469135802469,-0.05976143046671968,0.28571428571428575,0.6229041399648944,None + Linear-SVM,unconscious,unconscious,False,Image,False,3,1,1,4
1518,sub-01,rh-inferiorparietal,0.4177777777777778,0.07142857142857142,0.5333333333333333,0.7426082202778402,None + Linear-SVM,unconscious,unconscious,False,Image,False,4,4,4,3
1519,sub-01,rh-inferiorparietal,0.4930555555555556,-0.02857142857142857,0.4000000000000001,0.7096269152521888,None + Linear-SVM,unconscious,unconscious,False,Image,False,4,2,3,3
1520,sub-01,rh-inferiorparietal,0.47530864197530864,0.2548235957188128,0.631578947368421,0.7060108342748175,None + Linear-SVM,unconscious,unconscious,False,Image,False,5,6,5,2
1521,sub-01,rh-inferiorparietal,0.4666666666666667,-0.05455447255899809,0.42857142857142855,0.7112991439601543,None + Linear-SVM,unconscious,unconscious,False,Image,False,4,3,5,3
1522,sub-01,rh-inferiorparietal,0.6180555555555556,-0.02857142857142857,0.4000000000000001,0.6705393436386861,None + Linear-SVM,unconscious,unconscious,False,Image,False,4,2,3,3
1523,sub-01,rh-inferiorparietal,0.7013888888888888,0.11952286093343936,0.4444444444444445,0.6442228602208321,None + Linear-SVM,unconscious,unconscious,False,Image,False,5,2,3,2
1524,sub-01,rh-inferiorparietal,0.31833910034602075,-0.2714285714285714,0.3529411764705882,0.7751480586511638,None + Linear-SVM,unconscious,unconscious,False,Image,False,3,3,7,4
1525,sub-01,rh-inferiorparietal,0.6094674556213018,0.21957751641341997,0.5454545454545454,0.6856734395854739,None + Linear-SVM,unconscious,unconscious,False,Image,False,5,3,3,2
1526,sub-01,rh-inferiorparietal,0.41777777777777775,-0.05455447255899809,0.42857142857142855,0.7422705429683185,None + Linear-SVM,unconscious,unconscious,False,Image,False,4,3,5,3
1527,sub-01,rh-inferiorparietal,0.5785123966942148,-0.17857142857142858,0.25,0.6996644622037165,None + Linear-SVM,unconscious,unconscious,False,Image,False,4,1,3,3
1528,sub-01,rh-inferiorparietal,0.40234375,0.015873015873015872,0.5,0.7280262136701734,None + Linear-SVM,unconscious,unconscious,False,Image,False,4,4,5,3
1529,sub-01,rh-inferiorparietal,0.528888888888889,0.21821789023599236,0.5714285714285715,0.6914352176230326,None + Linear-SVM,unconscious,unconscious,False,Image,False,5,4,4,2
1530,sub-01,rh-inferiorparietal,0.5950413223140496,0.06900655593423542,0.4444444444444445,0.6843957987886179,None + Linear-SVM,unconscious,unconscious,False,Image,False,4,2,2,3
1531,sub-01,rh-inferiorparietal,0.7013888888888888,0.3142857142857143,0.6,0.6517759272972162,None + Linear-SVM,unconscious,unconscious,False,Image,False,5,3,2,2
1532,sub-01,rh-inferiorparietal,0.5,0.14285714285714285,0.5714285714285714,0.7042267037425958,None + Linear-SVM,unconscious,unconscious,False,Image,False,4,4,3,3
1533,sub-01,rh-inferiorparietal,0.43877551020408156,0.0,0.4615384615384615,0.7227694457030387,None + Linear-SVM,unconscious,unconscious,False,Image,False,4,3,4,3
1534,sub-01,rh-inferiorparietal,0.3672839506172839,0.025482359571881278,0.5263157894736842,0.735025684496184,None + Linear-SVM,unconscious,unconscious,False,Image,False,4,5,6,3
1535,sub-01,rh-inferiorparietal,0.47337278106508873,-0.23809523809523808,0.3333333333333333,0.714520146379349,None + Linear-SVM,unconscious,unconscious,False,Image,False,3,2,4,4
1536,sub-01,rh-inferiorparietal,0.6180555555555556,0.11952286093343936,0.4444444444444445,0.6815151548981033,None + Linear-SVM,unconscious,unconscious,False,Image,False,5,2,3,2
1537,sub-01,rh-inferiorparietal,0.7708333333333333,-0.37796447300922725,0.0,0.6328821473047096,None + Linear-SVM,unconscious,unconscious,False,Image,False,5,0,2,5
1538,sub-01,rh-inferiorparietal,0.5401234567901234,-0.15811388300841897,0.28571428571428575,0.6925328552513244,None + Linear-SVM,unconscious,unconscious,False,Image,False,6,2,6,4
1539,sub-01,rh-inferiorparietal,0.5463137996219282,0.13740858372430334,0.5833333333333334,0.6926099162284034,None + Linear-SVM,unconscious,unconscious,False,Image,False,6,7,6,4
1540,sub-01,rh-inferiorparietal,0.5706371191135734,0.044946657497549475,0.47058823529411764,0.684239528921902,None + Linear-SVM,unconscious,unconscious,False,Image,False,6,4,5,4
1541,sub-01,rh-inferiorparietal,0.6875,-0.5291502622129182,0.0,0.6478490448051312,None + Linear-SVM,unconscious,unconscious,False,Image,False,3,0,2,7
1542,sub-01,rh-inferiorparietal,0.6844444444444444,0.0,0.3636363636363636,0.6560654285383369,None + Linear-SVM,unconscious,unconscious,False,Image,False,6,2,3,4
1543,sub-01,rh-inferiorparietal,0.5648148148148149,0.1,0.5,0.6883130234722254,None + Linear-SVM,unconscious,unconscious,False,Image,False,6,4,4,4
1544,sub-01,rh-inferiorparietal,0.6888888888888889,0.0,0.3636363636363636,0.6573331417042,None + Linear-SVM,unconscious,unconscious,False,Image,False,6,2,3,4
1545,sub-01,rh-inferiorparietal,0.6141975308641975,0.1,0.5,0.6802418168794854,None + Linear-SVM,unconscious,unconscious,False,Image,False,6,4,4,4
1546,sub-01,rh-inferiorparietal,0.5789473684210527,0.05555555555555555,0.5263157894736842,0.6842295614801666,None + Linear-SVM,unconscious,unconscious,False,Image,False,5,5,4,5
1547,sub-01,rh-inferiorparietal,0.615916955017301,0.02857142857142857,0.42857142857142855,0.6780093338246087,None + Linear-SVM,unconscious,unconscious,False,Image,False,6,3,4,4
1548,sub-01,rh-inferiorparietal,0.72265625,0.09759000729485331,0.4615384615384615,0.6459190895988045,None + Linear-SVM,unconscious,unconscious,False,Image,False,6,3,3,4
1549,sub-01,rh-inferiorparietal,0.47165532879818595,0.14545454545454545,0.5714285714285713,0.7101377953861304,None + Linear-SVM,unconscious,unconscious,False,Image,False,6,6,5,4
1550,sub-01,rh-inferiorparietal,0.6977777777777778,0.0,0.3636363636363636,0.6551084539388999,None + Linear-SVM,unconscious,unconscious,False,Image,False,6,2,3,4
1551,sub-01,rh-inferiorparietal,0.6094182825484764,0.044946657497549475,0.47058823529411764,0.6741636190002381,None + Linear-SVM,unconscious,unconscious,False,Image,False,6,4,5,4
1552,sub-01,rh-inferiorparietal,0.80859375,0.5163977794943222,0.7142857142857143,0.6305149481301471,None + Linear-SVM,unconscious,unconscious,False,Image,False,7,5,1,3
1553,sub-01,rh-inferiorparietal,0.671875,0.09759000729485331,0.4615384615384615,0.6549074260098469,None + Linear-SVM,unconscious,unconscious,False,Image,False,6,3,3,4
1554,sub-01,rh-inferiorparietal,0.39359999999999995,0.0,0.48,0.7349423768172979,None + Linear-SVM,unconscious,unconscious,False,Image,False,6,6,9,4
1555,sub-01,rh-inferiorparietal,0.4775,-0.10482848367219183,0.3529411764705882,0.7041212808654553,None + Linear-SVM,unconscious,unconscious,False,Image,False,6,3,7,4
1556,sub-01,rh-inferiorparietal,0.6683673469387755,-0.1414213562373095,0.22222222222222224,0.6573376783541834,None + Linear-SVM,unconscious,unconscious,False,Image,False,6,1,3,4
1557,sub-01,rh-inferiorparietal,0.7466666666666667,0.0,0.3636363636363636,0.6413918860780262,None + Linear-SVM,unconscious,unconscious,False,Image,False,6,2,3,4
1558,sub-01,rh-inferiorparietal,0.51953125,-0.42289003161103106,0.15384615384615383,0.6965763500914168,None + Linear-SVM,unconscious,unconscious,False,Image,False,4,1,5,6
1559,sub-01,rh-inferiorparietal,0.6234567901234569,0.1,0.5,0.6692909106638847,None + Linear-SVM,unconscious,unconscious,False,Image,False,6,4,4,4
1560,sub-01,rh-inferiorparietal,0.3904,-0.03268602252303067,0.5185185185185186,0.7514466011598191,None + Linear-SVM,unconscious,unconscious,False,Image,False,5,7,8,5
1561,sub-01,rh-inferiorparietal,0.6484375,0.09759000729485331,0.4615384615384615,0.6618452388713532,None + Linear-SVM,unconscious,unconscious,False,Image,False,6,3,3,4
1562,sub-01,rh-inferiorparietal,0.5549999999999999,0.10050378152592121,0.5263157894736842,0.6950026108940535,None + Linear-SVM,unconscious,unconscious,False,Image,False,6,5,5,4
1563,sub-01,rh-inferiorparietal,0.5401234567901234,-0.025482359571881278,0.39999999999999997,0.6954431745510442,None + Linear-SVM,unconscious,unconscious,False,Image,False,6,3,5,4
1564,sub-01,rh-inferiorparietal,0.53515625,-0.16265001215808886,0.30769230769230765,0.6905115815212718,None + Linear-SVM,unconscious,unconscious,False,Image,False,5,2,4,5
1565,sub-01,rh-inferiorparietal,0.8472222222222222,-0.07559289460184544,0.22222222222222224,0.6185191977119191,None + Linear-SVM,unconscious,unconscious,False,Image,False,4,1,1,6
1566,sub-01,rh-inferiorparietal,0.5185185185185185,0.1,0.5,0.7112677443877091,None + Linear-SVM,unconscious,unconscious,False,Image,False,6,4,4,4
1567,sub-01,rh-inferiorparietal,0.6222222222222222,0.0,0.3636363636363636,0.6812432438871917,None + Linear-SVM,unconscious,unconscious,False,Image,False,6,2,3,4
1568,sub-01,rh-inferiorparietal,0.5668934240362812,0.14545454545454545,0.5714285714285713,0.6857476384304465,None + Linear-SVM,unconscious,unconscious,False,Image,False,6,6,5,4
1569,sub-01,rh-inferiorparietal,0.5802469135802468,-0.125,0.375,0.6873064857887574,None + Linear-SVM,unconscious,unconscious,False,Image,False,5,3,5,5
1570,sub-01,rh-inferiorparietal,0.7288888888888889,0.0,0.3636363636363636,0.6471984011285096,None + Linear-SVM,unconscious,unconscious,False,Image,False,6,2,3,4
1571,sub-01,rh-inferiorparietal,0.8088888888888889,0.18898223650461363,0.5,0.6243660228133854,None + Linear-SVM,unconscious,unconscious,False,Image,False,6,3,2,4
1572,sub-01,rh-inferiorparietal,0.37,-0.30151134457776363,0.3157894736842105,0.7497718678106786,None + Linear-SVM,unconscious,unconscious,False,Image,False,4,3,7,6
1573,sub-01,rh-inferiorparietal,0.69140625,0.09759000729485331,0.4615384615384615,0.659999015859898,None + Linear-SVM,unconscious,unconscious,False,Image,False,6,3,3,4
1574,sub-01,rh-inferiorparietal,0.5061728395061729,-0.125,0.375,0.7115098026911358,None + Linear-SVM,unconscious,unconscious,False,Image,False,5,3,5,5
1575,sub-01,rh-inferiorparietal,0.6479591836734695,-0.22821773229381923,0.2,0.6751771528148444,None + Linear-SVM,unconscious,unconscious,False,Image,False,5,1,3,5
1576,sub-01,rh-inferiorparietal,0.5207756232686981,0.044946657497549475,0.47058823529411764,0.7023068505223536,None + Linear-SVM,unconscious,unconscious,False,Image,False,6,4,5,4
1577,sub-01,rh-inferiorparietal,0.6234567901234568,0.35,0.6666666666666665,0.6688361281971065,None + Linear-SVM,unconscious,unconscious,False,Image,False,6,6,2,4
1578,sub-01,rh-inferiorparietal,0.6887755102040817,0.09128709291752768,0.4,0.6560893454280157,None + Linear-SVM,unconscious,unconscious,False,Image,False,6,2,2,4
1579,sub-01,rh-inferiorparietal,0.8311111111111111,0.28867513459481287,0.5454545454545454,0.6327832775751451,None + Linear-SVM,unconscious,unconscious,False,Image,False,7,3,2,3
1580,sub-01,rh-inferiorparietal,0.5882352941176471,0.07042952122737638,0.5,0.6796149046746849,None + Linear-SVM,unconscious,unconscious,False,Image,False,5,4,3,5
1581,sub-01,rh-inferiorparietal,0.5363321799307958,-0.07042952122737638,0.39999999999999997,0.6932700482216416,None + Linear-SVM,unconscious,unconscious,False,Image,False,5,3,4,5
1582,sub-01,rh-inferiorparietal,0.5124716553287982,0.14545454545454545,0.5714285714285713,0.7012942267828818,None + Linear-SVM,unconscious,unconscious,False,Image,False,6,6,5,4
1583,sub-01,rh-inferiorparietal,0.55859375,-0.2581988897471611,0.28571428571428575,0.6863442590318038,None + Linear-SVM,unconscious,unconscious,False,Image,False,4,2,4,6
1584,sub-01,rh-inferiorparietal,0.7111111111111111,0.1,0.4000000000000001,0.6595416437503376,None + Linear-SVM,unconscious,unconscious,False,Image,False,7,2,3,3
1585,sub-01,rh-inferiorparietal,0.8061224489795918,-0.3535533905932738,0.0,0.6184370797764697,None + Linear-SVM,unconscious,unconscious,False,Image,False,6,0,2,6
1586,sub-01,rh-inferiorparietal,0.6475,-0.041666666666666664,0.375,0.6710451067479151,None + Linear-SVM,unconscious,unconscious,False,Image,False,7,3,5,5
1587,sub-01,rh-inferiorparietal,0.6192,0.1987179487179487,0.6153846153846154,0.6742140158712737,None + Linear-SVM,unconscious,unconscious,False,Image,False,7,8,5,5
1588,sub-01,rh-inferiorparietal,0.6598639455782314,0.027777777777777776,0.4444444444444444,0.6617022501343904,None + Linear-SVM,unconscious,unconscious,False,Image,False,7,4,5,5
1589,sub-01,rh-inferiorparietal,0.846938775510204,-0.3535533905932738,0.0,0.6125983799939971,None + Linear-SVM,unconscious,unconscious,False,Image,False,6,0,2,6
1590,sub-01,rh-inferiorparietal,0.7335640138408304,-0.20658356100321165,0.1818181818181818,0.64849811010467,None + Linear-SVM,unconscious,unconscious,False,Image,False,7,1,4,5
1591,sub-01,rh-inferiorparietal,0.71,0.2041241452319315,0.5555555555555556,0.6655626020839996,None + Linear-SVM,unconscious,unconscious,False,Image,False,7,5,3,5
1592,sub-01,rh-inferiorparietal,0.7820069204152249,0.16735967034880075,0.4615384615384615,0.6396790136214785,None + Linear-SVM,unconscious,unconscious,False,Image,False,7,3,2,5
1593,sub-01,rh-inferiorparietal,0.685,0.08206099398622181,0.47058823529411764,0.6612649085390057,None + Linear-SVM,unconscious,unconscious,False,Image,False,7,4,4,5
1594,sub-01,rh-inferiorparietal,0.616780045351474,-0.05504818825631803,0.4210526315789474,0.6742941732228709,None + Linear-SVM,unconscious,unconscious,False,Image,False,6,4,5,6
1595,sub-01,rh-inferiorparietal,0.6509695290858726,-0.13095238095238096,0.2857142857142857,0.6613309212916159,None + Linear-SVM,unconscious,unconscious,False,Image,False,7,2,5,5
1596,sub-01,rh-inferiorparietal,0.7839506172839507,0.07905694150420949,0.42857142857142855,0.6320425895480704,None + Linear-SVM,unconscious,unconscious,False,Image,False,7,3,3,5
1597,sub-01,rh-inferiorparietal,0.5708884688090737,0.12878787878787878,0.5454545454545454,0.6879872558150327,None + Linear-SVM,unconscious,unconscious,False,Image,False,7,6,5,5
1598,sub-01,rh-inferiorparietal,0.7785467128027681,0.06356417261637282,0.3636363636363636,0.6356679133049714,None + Linear-SVM,unconscious,unconscious,False,Image,False,8,2,3,4
1599,sub-01,rh-inferiorparietal,0.6825396825396826,0.13762047064079508,0.5263157894736842,0.6572718875179527,None + Linear-SVM,unconscious,unconscious,False,Image,False,7,5,4,5
1600,sub-01,rh-inferiorparietal,0.8703703703703703,0.5,0.6666666666666666,0.6186666067923121,None + Linear-SVM,unconscious,unconscious,False,Image,False,10,4,2,2
1601,sub-01,rh-inferiorparietal,0.7253086419753086,0.07905694150420949,0.42857142857142855,0.6404204380195002,None + Linear-SVM,unconscious,unconscious,False,Image,False,7,3,3,5
1602,sub-01,rh-inferiorparietal,0.44855967078189296,-0.033149677206589796,0.5,0.717404289783961,None + Linear-SVM,unconscious,unconscious,False,Image,False,6,7,8,6
1603,sub-01,rh-inferiorparietal,0.6074380165289256,0.18257418583505536,0.5714285714285713,0.6813692587256329,None + Linear-SVM,unconscious,unconscious,False,Image,False,7,6,4,5
1604,sub-01,rh-inferiorparietal,0.75,0.0,0.3333333333333333,0.6339109576649884,None + Linear-SVM,unconscious,unconscious,False,Image,False,6,2,2,6
1605,sub-01,rh-inferiorparietal,0.8408304498269896,0.16735967034880075,0.4615384615384615,0.621448651405546,None + Linear-SVM,unconscious,unconscious,False,Image,False,7,3,2,5
1606,sub-01,rh-inferiorparietal,0.5370370370370371,-0.3952847075210474,0.14285714285714288,0.677022209741936,None + Linear-SVM,unconscious,unconscious,False,Image,False,5,1,5,7
1607,sub-01,rh-inferiorparietal,0.7324999999999999,0.08206099398622181,0.47058823529411764,0.6421206354820942,None + Linear-SVM,unconscious,unconscious,False,Image,False,7,4,4,5
1608,sub-01,rh-inferiorparietal,0.44581618655692734,0.05,0.5185185185185186,0.7332337466976185,None + Linear-SVM,unconscious,unconscious,False,Image,False,7,7,8,5
1609,sub-01,rh-inferiorparietal,0.7962962962962963,0.2357022603955158,0.5333333333333333,0.6329505371352251,None + Linear-SVM,unconscious,unconscious,False,Image,False,7,4,2,5
1610,sub-01,rh-inferiorparietal,0.6322314049586777,0.08333333333333333,0.5,0.6699201660359523,None + Linear-SVM,unconscious,unconscious,False,Image,False,7,5,5,5
1611,sub-01,rh-inferiorparietal,0.625,-0.041666666666666664,0.375,0.672289842127948,None + Linear-SVM,unconscious,unconscious,False,Image,False,7,3,5,5
1612,sub-01,rh-inferiorparietal,0.6296296296296297,-0.15811388300841897,0.28571428571428575,0.6647831045243938,None + Linear-SVM,unconscious,unconscious,False,Image,False,6,2,4,6
1613,sub-01,rh-inferiorparietal,0.8622448979591837,0.0,0.0,0.6049708311070171,None + Linear-SVM,unconscious,unconscious,False,Image,False,12,0,2,0
1614,sub-01,rh-inferiorparietal,0.625,0.08206099398622181,0.47058823529411764,0.6868333171147257,None + Linear-SVM,unconscious,unconscious,False,Image,False,7,4,4,5
1615,sub-01,rh-inferiorparietal,0.7474048442906573,0.378489059622558,0.5,0.6485306578657034,None + Linear-SVM,unconscious,unconscious,False,Image,False,11,2,3,1
1616,sub-01,rh-inferiorparietal,0.6616257088846881,0.30303030303030304,0.6363636363636364,0.6670355349937298,None + Linear-SVM,unconscious,unconscious,False,Image,False,8,7,4,4
1617,sub-01,rh-inferiorparietal,0.6325,-0.12309149097933272,0.35294117647058826,0.6670068840518908,None + Linear-SVM,unconscious,unconscious,False,Image,False,6,3,5,6
1618,sub-01,rh-inferiorparietal,0.7923875432525951,0.16735967034880075,0.4615384615384615,0.6276045309485374,None + Linear-SVM,unconscious,unconscious,False,Image,False,7,3,2,5
1619,sub-01,rh-inferiorparietal,0.8546712802768165,0.16735967034880075,0.4615384615384615,0.6109574373074116,None + Linear-SVM,unconscious,unconscious,False,Image,False,7,3,2,5
1620,sub-01,rh-inferiorparietal,0.4380165289256198,-0.3651483716701107,0.28571428571428564,0.721231137582129,None + Linear-SVM,unconscious,unconscious,False,Image,False,4,3,7,8
1621,sub-01,rh-inferiorparietal,0.7592592592592593,0.07905694150420949,0.42857142857142855,0.6455101298259055,None + Linear-SVM,unconscious,unconscious,False,Image,False,7,3,3,5
1622,sub-01,rh-inferiorparietal,0.5675000000000001,-0.041666666666666664,0.375,0.6883569033559914,None + Linear-SVM,unconscious,unconscious,False,Image,False,7,3,5,5
1623,sub-01,rh-inferiorparietal,0.75,-0.14907119849998599,0.2,0.6501581715610236,None + Linear-SVM,unconscious,unconscious,False,Image,False,7,1,3,5
1624,sub-01,rh-inferiorparietal,0.6167800453514739,0.11322770341445958,0.47058823529411764,0.6724686264139392,None + Linear-SVM,unconscious,unconscious,False,Image,False,8,4,5,4
1625,sub-01,rh-inferiorparietal,0.745,0.5790660241435861,0.7142857142857143,0.6501812549352866,None + Linear-SVM,unconscious,unconscious,False,Image,False,11,5,3,1
1626,sub-01,rh-inferiorparietal,0.78125,0.07273929674533079,0.36363636363636365,0.6379691855103864,None + Linear-SVM,unconscious,unconscious,False,Image,False,7,2,2,5
1627,sub-01,rh-inferiorparietal,0.875432525951557,0.3337119062359573,0.5454545454545454,0.614829783255478,None + Linear-SVM,unconscious,unconscious,False,Image,False,9,3,2,3
1628,sub-01,rh-inferiorparietal,0.6648199445983379,0.011631052629980886,0.39999999999999997,0.6611633550159519,None + Linear-SVM,unconscious,unconscious,False,Image,False,7,3,4,5
1629,sub-01,rh-inferiorparietal,0.6149584487534626,-0.06900655593423542,0.375,0.6674489816948087,None + Linear-SVM,unconscious,unconscious,False,Image,False,6,3,4,6
1630,sub-01,rh-inferiorparietal,0.6162570888468808,0.21374668579336073,0.5714285714285713,0.6825433291084474,None + Linear-SVM,unconscious,unconscious,False,Image,False,8,6,5,4
1631,sub-01,rh-inferiorparietal,0.654320987654321,-0.15811388300841897,0.28571428571428575,0.6638251077448797,None + Linear-SVM,unconscious,unconscious,False,Image,False,6,2,4,6
1632,sub-01,rh-inferiorparietal,0.7577854671280276,-0.015430334996209192,0.3333333333333333,0.6411221440926994,None + Linear-SVM,unconscious,unconscious,False,Image,False,7,2,3,5
1633,sub-01,rh-inferiorparietal,0.7407407407407407,-0.3779644730092272,0.0,0.6394218699807749,None + Linear-SVM,unconscious,unconscious,False,Image,False,4,0,2,3
1634,sub-01,rh-inferiorparietal,0.4888888888888889,0.19642857142857142,0.625,0.7103882317320012,None + Linear-SVM,unconscious,unconscious,False,Image,False,4,5,3,3
1635,sub-01,rh-inferiorparietal,0.45999999999999996,0.24232015747572203,0.6363636363636364,0.7082325542129441,None + Linear-SVM,unconscious,unconscious,False,Image,False,5,7,6,2
1636,sub-01,rh-inferiorparietal,0.53515625,0.16265001215808886,0.5333333333333333,0.6946536556997994,None + Linear-SVM,unconscious,unconscious,False,Image,False,5,4,5,2
1637,sub-01,rh-inferiorparietal,0.7160493827160495,-0.3779644730092272,0.0,0.6380612350307477,None + Linear-SVM,unconscious,unconscious,False,Image,False,4,0,2,3
1638,sub-01,rh-inferiorparietal,0.625,0.1690308509457033,0.5454545454545454,0.6736991059565701,None + Linear-SVM,unconscious,unconscious,False,Image,False,4,3,2,3
1639,sub-01,rh-inferiorparietal,0.5066666666666667,0.3392857142857143,0.6666666666666666,0.703264120445007,None + Linear-SVM,unconscious,unconscious,False,Image,False,5,5,3,2
1640,sub-01,rh-inferiorparietal,0.6527777777777778,0.3142857142857143,0.6,0.664499056794554,None + Linear-SVM,unconscious,unconscious,False,Image,False,5,3,2,2
1641,sub-01,rh-inferiorparietal,0.5244444444444445,0.21821789023599236,0.5714285714285715,0.6957873459460097,None + Linear-SVM,unconscious,unconscious,False,Image,False,5,4,4,2
1642,sub-01,rh-inferiorparietal,0.49609375,0.3578300267477955,0.7368421052631577,0.7037875560131683,None + Linear-SVM,unconscious,unconscious,False,Image,False,4,7,2,3
1643,sub-01,rh-inferiorparietal,0.5408163265306123,0.14285714285714285,0.5714285714285714,0.6965583436284649,None + Linear-SVM,unconscious,unconscious,False,Image,False,4,4,3,3
1644,sub-01,rh-inferiorparietal,0.6627218934911243,0.38095238095238093,0.6666666666666666,0.6598971873060316,None + Linear-SVM,unconscious,unconscious,False,Image,False,5,4,2,2
1645,sub-01,rh-inferiorparietal,0.41975308641975306,0.2548235957188128,0.631578947368421,0.7290844934001517,None + Linear-SVM,unconscious,unconscious,False,Image,False,5,6,5,2
1646,sub-01,rh-inferiorparietal,0.625,0.11952286093343936,0.4444444444444445,0.666390734016702,None + Linear-SVM,unconscious,unconscious,False,Image,False,5,2,3,2
1647,sub-01,rh-inferiorparietal,0.53515625,0.2698412698412698,0.6250000000000001,0.6911868716575389,None + Linear-SVM,unconscious,unconscious,False,Image,False,5,5,4,2
1648,sub-01,rh-inferiorparietal,0.7455621301775148,0.38095238095238093,0.6666666666666666,0.6394448941761355,None + Linear-SVM,unconscious,unconscious,False,Image,False,5,4,2,2
1649,sub-01,rh-inferiorparietal,0.6094674556213018,0.21957751641341997,0.5454545454545454,0.670449870123125,None + Linear-SVM,unconscious,unconscious,False,Image,False,5,3,3,2
1650,sub-01,rh-inferiorparietal,0.3429752066115702,0.2255549841503195,0.7142857142857142,0.7548873670493101,None + Linear-SVM,unconscious,unconscious,False,Image,False,4,10,5,3
1651,sub-01,rh-inferiorparietal,0.4290657439446367,0.2714285714285714,0.7,0.7247187744543939,None + Linear-SVM,unconscious,unconscious,False,Image,False,4,7,3,3
1652,sub-01,rh-inferiorparietal,0.628099173553719,-0.03857583749052298,0.28571428571428575,0.6680025254599892,None + Linear-SVM,unconscious,unconscious,False,Image,False,5,1,3,2
1653,sub-01,rh-inferiorparietal,0.7152777777777778,0.3142857142857143,0.6,0.6459806504135593,None + Linear-SVM,unconscious,unconscious,False,Image,False,5,3,2,2
1654,sub-01,rh-inferiorparietal,0.4733727810650888,-0.23809523809523808,0.3333333333333333,0.7130269986337748,None + Linear-SVM,unconscious,unconscious,False,Image,False,3,2,4,4
1655,sub-01,rh-inferiorparietal,0.5822222222222222,0.21821789023599236,0.5714285714285715,0.6797568360063975,None + Linear-SVM,unconscious,unconscious,False,Image,False,5,4,4,2
1656,sub-01,rh-inferiorparietal,0.3078512396694215,0.035634832254989916,0.56,0.7851562979230557,None + Linear-SVM,unconscious,unconscious,False,Image,False,4,7,8,3
1657,sub-01,rh-inferiorparietal,0.6390532544378698,0.38095238095238093,0.6666666666666666,0.6643245390382038,None + Linear-SVM,unconscious,unconscious,False,Image,False,5,4,2,2
1658,sub-01,rh-inferiorparietal,0.5121107266435987,0.1690308509457033,0.631578947368421,0.7095388301173207,None + Linear-SVM,unconscious,unconscious,False,Image,False,4,6,4,3
1659,sub-01,rh-inferiorparietal,0.4977777777777779,0.19642857142857142,0.625,0.7111834449445626,None + Linear-SVM,unconscious,unconscious,False,Image,False,4,5,3,3
1660,sub-01,rh-inferiorparietal,0.48520710059171596,-0.09759000729485333,0.3636363636363636,0.7112209963618823,None + Linear-SVM,unconscious,unconscious,False,Image,False,4,2,4,3
1661,sub-01,rh-inferiorparietal,0.7777777777777778,-0.05976143046671968,0.28571428571428575,0.6201665358413629,None + Linear-SVM,unconscious,unconscious,False,Image,False,3,1,1,4
1662,sub-01,rh-inferiorparietal,0.45333333333333337,0.07142857142857142,0.5333333333333333,0.7300414886296345,None + Linear-SVM,unconscious,unconscious,False,Image,False,4,4,4,3
1663,sub-01,rh-inferiorparietal,0.5555555555555556,-0.02857142857142857,0.4000000000000001,0.6950912270621856,None + Linear-SVM,unconscious,unconscious,False,Image,False,4,2,3,3
1664,sub-01,rh-inferiorparietal,0.49382716049382713,0.34188172937891387,0.7000000000000001,0.7002854352888093,None + Linear-SVM,unconscious,unconscious,False,Image,False,5,7,4,2
1665,sub-01,rh-inferiorparietal,0.52,0.07142857142857142,0.5333333333333333,0.7016034497847604,None + Linear-SVM,unconscious,unconscious,False,Image,False,4,4,4,3
1666,sub-01,rh-inferiorparietal,0.6597222222222222,0.3142857142857143,0.6,0.6587966661767616,None + Linear-SVM,unconscious,unconscious,False,Image,False,5,3,2,2
1667,sub-01,rh-inferiorparietal,0.7291666666666666,0.3142857142857143,0.6,0.6385474962293182,None + Linear-SVM,unconscious,unconscious,False,Image,False,5,3,2,2
1668,sub-01,rh-inferiorparietal,0.3529411764705882,-0.2714285714285714,0.3529411764705882,0.7664210147796435,None + Linear-SVM,unconscious,unconscious,False,Image,False,3,3,7,4
1669,sub-01,rh-inferiorparietal,0.650887573964497,0.21957751641341997,0.5454545454545454,0.668977923876425,None + Linear-SVM,unconscious,unconscious,False,Image,False,5,3,3,2
1670,sub-01,rh-inferiorparietal,0.44,0.07142857142857142,0.5333333333333333,0.7342636060761332,None + Linear-SVM,unconscious,unconscious,False,Image,False,4,4,4,3
1671,sub-01,rh-inferiorparietal,0.6115702479338843,0.06900655593423542,0.4444444444444445,0.6863160341258793,None + Linear-SVM,unconscious,unconscious,False,Image,False,4,2,2,3
1672,sub-01,rh-inferiorparietal,0.4609375,0.015873015873015872,0.5,0.7109152362947607,None + Linear-SVM,unconscious,unconscious,False,Image,False,4,4,5,3
1673,sub-01,rh-inferiorparietal,0.5733333333333334,0.4642857142857143,0.75,0.6813416836775564,None + Linear-SVM,unconscious,unconscious,False,Image,False,5,6,2,2
1674,sub-01,rh-inferiorparietal,0.6280991735537189,0.06900655593423542,0.4444444444444445,0.670846829882894,None + Linear-SVM,unconscious,unconscious,False,Image,False,4,2,2,3
1675,sub-01,rh-inferiorparietal,0.736111111111111,0.3142857142857143,0.6,0.6386355381812304,None + Linear-SVM,unconscious,unconscious,False,Image,False,5,3,2,2
1676,sub-01,rh-inferiorparietal,0.5204081632653061,0.14285714285714285,0.5714285714285714,0.6970093481689643,None + Linear-SVM,unconscious,unconscious,False,Image,False,4,4,3,3
1677,sub-01,rh-inferiorparietal,0.5,0.0,0.4615384615384615,0.7111292326207838,None + Linear-SVM,unconscious,unconscious,False,Image,False,4,3,4,3
1678,sub-01,rh-inferiorparietal,0.44753086419753085,0.34188172937891387,0.7000000000000001,0.7185854176928159,None + Linear-SVM,unconscious,unconscious,False,Image,False,5,7,4,2
1679,sub-01,rh-inferiorparietal,0.5562130177514792,-0.09759000729485333,0.3636363636363636,0.7007331624911809,None + Linear-SVM,unconscious,unconscious,False,Image,False,4,2,4,3
1680,sub-01,rh-inferiorparietal,0.6180555555555556,0.11952286093343936,0.4444444444444445,0.6723117112723779,None + Linear-SVM,unconscious,unconscious,False,Image,False,5,2,3,2
1681,sub-01,rh-inferiorparietal,0.671875,-0.4472135954999579,0.0,0.6589271322874198,None + Linear-SVM,unconscious,unconscious,False,Image,False,3,0,2,3
1682,sub-01,rh-inferiorparietal,0.423469387755102,-0.09128709291752768,0.3333333333333333,0.72955554017946,None + Linear-SVM,unconscious,unconscious,False,Image,False,4,2,6,2
1683,sub-01,rh-inferiorparietal,0.445983379501385,0.1207011373963169,0.5714285714285714,0.7130099345894226,None + Linear-SVM,unconscious,unconscious,False,Image,False,4,6,7,2
1684,sub-01,rh-inferiorparietal,0.47111111111111115,0.21821789023599236,0.6250000000000001,0.7050042453248473,None + Linear-SVM,unconscious,unconscious,False,Image,False,4,5,4,2
1685,sub-01,rh-inferiorparietal,0.671875,-0.4472135954999579,0.0,0.6651391500252826,None + Linear-SVM,unconscious,unconscious,False,Image,False,3,0,2,3
1686,sub-01,rh-inferiorparietal,0.5537190082644627,-0.14907119849998599,0.25,0.6934182044814737,None + Linear-SVM,unconscious,unconscious,False,Image,False,4,1,4,2
1687,sub-01,rh-inferiorparietal,0.423469387755102,0.04303314829119352,0.4615384615384615,0.7317517645381227,None + Linear-SVM,unconscious,unconscious,False,Image,False,4,3,5,2
1688,sub-01,rh-inferiorparietal,0.578512396694215,0.06900655593423542,0.4444444444444445,0.6830523228737833,None + Linear-SVM,unconscious,unconscious,False,Image,False,4,2,3,2
1689,sub-01,rh-inferiorparietal,0.5051020408163265,0.16666666666666666,0.5714285714285715,0.7088844517749449,None + Linear-SVM,unconscious,unconscious,False,Image,False,4,4,4,2
1690,sub-01,rh-inferiorparietal,0.4666666666666666,-0.12309149097933272,0.30769230769230765,0.7202185566004612,None + Linear-SVM,unconscious,unconscious,False,Image,False,4,2,7,2
1691,sub-01,rh-inferiorparietal,0.47337278106508873,-0.05143444998736397,0.36363636363636365,0.7150243447523189,None + Linear-SVM,unconscious,unconscious,False,Image,False,4,2,5,2
1692,sub-01,rh-inferiorparietal,0.6666666666666666,0.1690308509457033,0.5454545454545454,0.6630313293616443,None + Linear-SVM,unconscious,unconscious,False,Image,False,4,3,3,2
1693,sub-01,rh-inferiorparietal,0.3737024221453288,0.2030905986149808,0.631578947368421,0.7412581419614854,None + Linear-SVM,unconscious,unconscious,False,Image,False,4,6,5,2
1694,sub-01,rh-inferiorparietal,0.6363636363636364,0.06900655593423542,0.4444444444444445,0.6740224491270865,None + Linear-SVM,unconscious,unconscious,False,Image,False,4,2,3,2
1695,sub-01,rh-inferiorparietal,0.5111111111111111,0.21821789023599236,0.6250000000000001,0.6935713687810633,None + Linear-SVM,unconscious,unconscious,False,Image,False,4,5,4,2
1696,sub-01,rh-inferiorparietal,0.7013888888888888,0.3333333333333333,0.6666666666666666,0.6459282046492173,None + Linear-SVM,unconscious,unconscious,False,Image,False,4,4,2,2
1697,sub-01,rh-inferiorparietal,0.5694444444444444,0.1690308509457033,0.5454545454545454,0.6838946913401086,None + Linear-SVM,unconscious,unconscious,False,Image,False,4,3,3,2
1698,sub-01,rh-inferiorparietal,0.28798185941043086,0.062017367294604234,0.5217391304347827,0.7697064957279561,None + Linear-SVM,unconscious,unconscious,False,Image,False,4,6,9,2
1699,sub-01,rh-inferiorparietal,0.37890625,0.06666666666666667,0.5,0.7368167072559385,None + Linear-SVM,unconscious,unconscious,False,Image,False,4,4,6,2
1700,sub-01,rh-inferiorparietal,0.61,0.16666666666666666,0.5,0.676289946482538,None + Linear-SVM,unconscious,unconscious,False,Image,False,4,2,2,2
1701,sub-01,rh-inferiorparietal,0.6942148760330579,0.06900655593423542,0.4444444444444445,0.6536329512791696,None + Linear-SVM,unconscious,unconscious,False,Image,False,4,2,3,2
1702,sub-01,rh-inferiorparietal,0.4166666666666667,-0.1690308509457033,0.3636363636363636,0.735448446824206,None + Linear-SVM,unconscious,unconscious,False,Image,False,3,2,4,3
1703,sub-01,rh-inferiorparietal,0.5510204081632653,0.16666666666666666,0.5714285714285715,0.691012516785488,None + Linear-SVM,unconscious,unconscious,False,Image,False,4,4,4,2
1704,sub-01,rh-inferiorparietal,0.2834467120181406,0.09128709291752768,0.6666666666666665,0.8004043676909001,None + Linear-SVM,unconscious,unconscious,False,Image,False,3,9,6,3
1705,sub-01,rh-inferiorparietal,0.5902777777777778,0.1690308509457033,0.5454545454545454,0.6722442038161752,None + Linear-SVM,unconscious,unconscious,False,Image,False,4,3,3,2
1706,sub-01,rh-inferiorparietal,0.48046875,0.06666666666666667,0.5,0.7170123918942054,None + Linear-SVM,unconscious,unconscious,False,Image,False,4,4,6,2
1707,sub-01,rh-inferiorparietal,0.4387755102040816,0.04303314829119352,0.4615384615384615,0.7251602132742699,None + Linear-SVM,unconscious,unconscious,False,Image,False,4,3,5,2
1708,sub-01,rh-inferiorparietal,0.3958333333333333,-0.1690308509457033,0.3636363636363636,0.7349458866927986,None + Linear-SVM,unconscious,unconscious,False,Image,False,3,2,4,3
1709,sub-01,rh-inferiorparietal,0.8125,0.0,0.3333333333333333,0.6253407676000147,None + Linear-SVM,unconscious,unconscious,False,Image,False,3,1,1,3
1710,sub-01,rh-inferiorparietal,0.4030612244897959,0.16666666666666666,0.5714285714285715,0.7525704894427043,None + Linear-SVM,unconscious,unconscious,False,Image,False,4,4,4,2
1711,sub-01,rh-inferiorparietal,0.5041322314049587,0.06900655593423542,0.4444444444444445,0.7197248434792838,None + Linear-SVM,unconscious,unconscious,False,Image,False,4,2,3,2
1712,sub-01,rh-inferiorparietal,0.49134948096885817,0.29012942659282975,0.7000000000000001,0.7061830310841004,None + Linear-SVM,unconscious,unconscious,False,Image,False,4,7,4,2
1713,sub-01,rh-inferiorparietal,0.4948979591836734,0.04303314829119352,0.4615384615384615,0.7118004597276771,None + Linear-SVM,unconscious,unconscious,False,Image,False,4,3,5,2
1714,sub-01,rh-inferiorparietal,0.6528925619834711,0.06900655593423542,0.4444444444444445,0.6663468979395485,None + Linear-SVM,unconscious,unconscious,False,Image,False,4,2,3,2
1715,sub-01,rh-inferiorparietal,0.6776859504132231,0.06900655593423542,0.4444444444444445,0.6529421820850296,None + Linear-SVM,unconscious,unconscious,False,Image,False,4,2,3,2
1716,sub-01,rh-inferiorparietal,0.27734375,-0.09759000729485331,0.47058823529411764,0.7912499141073092,None + Linear-SVM,unconscious,unconscious,False,Image,False,3,4,6,3
1717,sub-01,rh-inferiorparietal,0.6180555555555556,0.1690308509457033,0.5454545454545454,0.6841689226491838,None + Linear-SVM,unconscious,unconscious,False,Image,False,4,3,3,2
1718,sub-01,rh-inferiorparietal,0.3979591836734694,-0.125,0.42857142857142855,0.7577793058992729,None + Linear-SVM,unconscious,unconscious,False,Image,False,3,3,5,3
1719,sub-01,rh-inferiorparietal,0.56,-0.0890870806374748,0.28571428571428575,0.7137848170883957,None + Linear-SVM,unconscious,unconscious,False,Image,False,4,1,3,2
1720,sub-01,rh-inferiorparietal,0.4488888888888889,0.1111111111111111,0.5333333333333333,0.7237325172322472,None + Linear-SVM,unconscious,unconscious,False,Image,False,4,4,5,2
1721,sub-01,rh-inferiorparietal,0.5510204081632653,0.28867513459481287,0.6666666666666666,0.6826438162558678,None + Linear-SVM,unconscious,unconscious,False,Image,False,4,5,3,2
1722,sub-01,rh-inferiorparietal,0.5900000000000001,0.16666666666666666,0.5,0.6862962561076216,None + Linear-SVM,unconscious,unconscious,False,Image,False,4,2,2,2
1723,sub-01,rh-inferiorparietal,0.768595041322314,0.4485426135725303,0.6666666666666665,0.6445929063847012,None + Linear-SVM,unconscious,unconscious,False,Image,False,5,3,2,1
1724,sub-01,rh-inferiorparietal,0.48520710059171596,0.09759000729485333,0.5,0.7069029457017281,None + Linear-SVM,unconscious,unconscious,False,Image,False,4,3,4,2
1725,sub-01,rh-inferiorparietal,0.44378698224852076,0.09759000729485333,0.5,0.7225917533493813,None + Linear-SVM,unconscious,unconscious,False,Image,False,4,3,4,2
1726,sub-01,rh-inferiorparietal,0.4083044982698962,0.2030905986149808,0.631578947368421,0.729969223504225,None + Linear-SVM,unconscious,unconscious,False,Image,False,4,6,5,2
1727,sub-01,rh-inferiorparietal,0.4791666666666667,-0.1690308509457033,0.3636363636363636,0.7175034060354832,None + Linear-SVM,unconscious,unconscious,False,Image,False,3,2,4,3
1728,sub-01,rh-inferiorparietal,0.6528925619834711,0.26666666666666666,0.6,0.6799533199595358,None + Linear-SVM,unconscious,unconscious,False,Image,False,4,3,2,2
1729,sub-01,rh-inferiorparietal,0.7962962962962963,-0.3535533905932738,0.0,0.6336657520848606,None + Linear-SVM,unconscious,unconscious,False,Image,False,7,0,2,9
1730,sub-01,rh-inferiorparietal,0.625,-0.11826247919781652,0.3157894736842105,0.6766470080195345,None + Linear-SVM,unconscious,unconscious,False,Image,False,8,3,5,8
1731,sub-01,rh-inferiorparietal,0.6468489892984541,0.10047961905856255,0.5185185185185186,0.6710795920090419,None + Linear-SVM,unconscious,unconscious,False,Image,False,9,7,6,7
1732,sub-01,rh-inferiorparietal,0.6832,0.11342410894527007,0.4761904761904762,0.6621138281205182,None + Linear-SVM,unconscious,unconscious,False,Image,False,9,5,4,7
1733,sub-01,rh-inferiorparietal,0.7561728395061729,-0.44320263021395917,0.0,0.6372941005182777,None + Linear-SVM,unconscious,unconscious,False,Image,False,5,0,2,11
1734,sub-01,rh-inferiorparietal,0.7188208616780045,-0.3091410387156351,0.13333333333333333,0.6514416964379708,None + Linear-SVM,unconscious,unconscious,False,Image,False,7,1,4,9
1735,sub-01,rh-inferiorparietal,0.6631944444444444,0.11952286093343936,0.4444444444444445,0.6678578085868258,None + Linear-SVM,unconscious,unconscious,False,Image,False,10,4,4,6
1736,sub-01,rh-inferiorparietal,0.7460317460317459,0.021926450482675733,0.3076923076923077,0.6492660094961178,None + Linear-SVM,unconscious,unconscious,False,Image,False,10,2,3,6
1737,sub-01,rh-inferiorparietal,0.7135416666666666,0.05913123959890826,0.4210526315789474,0.6598281213073046,None + Linear-SVM,unconscious,unconscious,False,Image,False,9,4,4,7
1738,sub-01,rh-inferiorparietal,0.6384000000000001,0.05337605126836238,0.4545454545454546,0.6688523040045365,None + Linear-SVM,unconscious,unconscious,False,Image,False,8,5,4,8
1739,sub-01,rh-inferiorparietal,0.6578449905482042,-0.0657951694959769,0.33333333333333326,0.6646457008366327,None + Linear-SVM,unconscious,unconscious,False,Image,False,8,3,4,8
1740,sub-01,rh-inferiorparietal,0.75,-0.09435641951204965,0.26666666666666666,0.6376023839783072,None + Linear-SVM,unconscious,unconscious,False,Image,False,9,2,4,7
1741,sub-01,rh-inferiorparietal,0.5843621399176955,0.016854996561581053,0.43478260869565216,0.6823406916359406,None + Linear-SVM,unconscious,unconscious,False,Image,False,9,5,6,7
1742,sub-01,rh-inferiorparietal,0.7346938775510204,-0.032274861218395144,0.2857142857142857,0.6481219083695026,None + Linear-SVM,unconscious,unconscious,False,Image,False,9,2,3,7
1743,sub-01,rh-inferiorparietal,0.6703999999999999,0.006715191366878169,0.39999999999999997,0.6638477976490545,None + Linear-SVM,unconscious,unconscious,False,Image,False,9,4,5,7
1744,sub-01,rh-inferiorparietal,0.8243801652892562,0.23904572186687875,0.4615384615384615,0.6300703373752214,None + Linear-SVM,unconscious,unconscious,False,Image,False,12,3,3,4
1745,sub-01,rh-inferiorparietal,0.7334710743801652,0.05590169943749474,0.37499999999999994,0.6450925517580395,None + Linear-SVM,unconscious,unconscious,False,Image,False,9,3,3,7
1746,sub-01,rh-inferiorparietal,0.49947970863683666,-0.03333333333333333,0.4666666666666667,0.7053532744733451,None + Linear-SVM,unconscious,unconscious,False,Image,False,8,7,8,8
1747,sub-01,rh-inferiorparietal,0.5872781065088757,0.060993754559283325,0.45454545454545453,0.6789999496638294,None + Linear-SVM,unconscious,unconscious,False,Image,False,9,5,5,7
1748,sub-01,rh-inferiorparietal,0.7175,-0.15309310892394865,0.16666666666666666,0.6477116425026722,None + Linear-SVM,unconscious,unconscious,False,Image,False,9,1,3,7
1749,sub-01,rh-inferiorparietal,0.800453514739229,0.021926450482675733,0.3076923076923077,0.6336069773490638,None + Linear-SVM,unconscious,unconscious,False,Image,False,10,2,3,6
1750,sub-01,rh-inferiorparietal,0.5971074380165289,-0.2608745973749754,0.2222222222222222,0.675874310969558,None + Linear-SVM,unconscious,unconscious,False,Image,False,6,2,4,10
1751,sub-01,rh-inferiorparietal,0.720486111111111,0.05913123959890826,0.4210526315789474,0.6532818765042719,None + Linear-SVM,unconscious,unconscious,False,Image,False,9,4,4,7
1752,sub-01,rh-inferiorparietal,0.45057232049947976,-0.09583333333333334,0.45161290322580644,0.729492327985578,None + Linear-SVM,unconscious,unconscious,False,Image,False,7,7,8,9
1753,sub-01,rh-inferiorparietal,0.7685950413223142,0.3125,0.5,0.6420685741313841,None + Linear-SVM,unconscious,unconscious,False,Image,False,13,3,3,3
1754,sub-01,rh-inferiorparietal,0.6449704142011834,0.060993754559283325,0.45454545454545453,0.6666689332524816,None + Linear-SVM,unconscious,unconscious,False,Image,False,9,5,5,7
1755,sub-01,rh-inferiorparietal,0.6458333333333334,-0.11826247919781652,0.3157894736842105,0.6699184322321786,None + Linear-SVM,unconscious,unconscious,False,Image,False,8,3,5,8
1756,sub-01,rh-inferiorparietal,0.640495867768595,-0.09435641951204965,0.26666666666666666,0.6695145975940014,None + Linear-SVM,unconscious,unconscious,False,Image,False,9,2,4,7
1757,sub-01,rh-inferiorparietal,0.8672839506172839,-0.125,0.14285714285714285,0.6195419107869654,None + Linear-SVM,unconscious,unconscious,False,Image,False,5,1,1,11
1758,sub-01,rh-inferiorparietal,0.6180555555555556,0.05913123959890826,0.4210526315789474,0.6887567668091195,None + Linear-SVM,unconscious,unconscious,False,Image,False,9,4,4,7
1759,sub-01,rh-inferiorparietal,0.6780045351473922,-0.032274861218395144,0.2857142857142857,0.6704577052493983,None + Linear-SVM,unconscious,unconscious,False,Image,False,9,2,3,7
1760,sub-01,rh-inferiorparietal,0.6584362139917695,0.1685499656158105,0.5217391304347826,0.6659572045221038,None + Linear-SVM,unconscious,unconscious,False,Image,False,10,6,5,6
1761,sub-01,rh-inferiorparietal,0.59375,-0.2988071523335984,0.2727272727272727,0.6767020585565408,None + Linear-SVM,unconscious,unconscious,False,Image,False,5,3,5,11
1762,sub-01,rh-inferiorparietal,0.7551020408163265,-0.032274861218395144,0.2857142857142857,0.6398314862980412,None + Linear-SVM,unconscious,unconscious,False,Image,False,9,2,3,7
1763,sub-01,rh-inferiorparietal,0.7913832199546486,0.08528028654224416,0.37499999999999994,0.6369378615524566,None + Linear-SVM,unconscious,unconscious,False,Image,False,8,3,2,8
1764,sub-01,rh-inferiorparietal,0.49260355029585795,-0.31622776601683794,0.2608695652173913,0.7078367705868737,None + Linear-SVM,unconscious,unconscious,False,Image,False,6,3,7,10
1765,sub-01,rh-inferiorparietal,0.7479338842975207,-0.05590169943749474,0.3333333333333333,0.6523804737086315,None + Linear-SVM,unconscious,unconscious,False,Image,False,7,3,3,9
1766,sub-01,rh-inferiorparietal,0.5555555555555556,-0.1767766952966369,0.3,0.7008411656936483,None + Linear-SVM,unconscious,unconscious,False,Image,False,7,3,5,9
1767,sub-01,rh-inferiorparietal,0.7050000000000001,-0.30151134457776363,0.13333333333333333,0.6654271295206935,None + Linear-SVM,unconscious,unconscious,False,Image,False,6,1,3,10
1768,sub-01,rh-inferiorparietal,0.6368,-0.05337605126836238,0.380952380952381,0.6756163561358116,None + Linear-SVM,unconscious,unconscious,False,Image,False,8,4,5,8
1769,sub-01,rh-inferiorparietal,0.703125,0.0,0.35294117647058826,0.6536427829689249,None + Linear-SVM,unconscious,unconscious,False,Image,False,10,3,5,6
1770,sub-01,rh-inferiorparietal,0.7625,-0.10206207261596577,0.25,0.6456678801487928,None + Linear-SVM,unconscious,unconscious,False,Image,False,6,2,2,10
1771,sub-01,rh-inferiorparietal,0.8412698412698413,0.19364916731037085,0.42857142857142855,0.6276652635813826,None + Linear-SVM,unconscious,unconscious,False,Image,False,10,3,2,6
1772,sub-01,rh-inferiorparietal,0.6843100189035917,-0.0657951694959769,0.33333333333333326,0.6601670584982875,None + Linear-SVM,unconscious,unconscious,False,Image,False,8,3,4,8
1773,sub-01,rh-inferiorparietal,0.5879017013232514,-0.31252705510589024,0.2105263157894737,0.6846860245752977,None + Linear-SVM,unconscious,unconscious,False,Image,False,6,2,5,10
1774,sub-01,rh-inferiorparietal,0.5953360768175583,0.016854996561581053,0.43478260869565216,0.6850565869811106,None + Linear-SVM,unconscious,unconscious,False,Image,False,9,5,6,7
1775,sub-01,rh-inferiorparietal,0.634297520661157,-0.2041241452319315,0.23529411764705885,0.667395758982096,None + Linear-SVM,unconscious,unconscious,False,Image,False,7,2,4,9
1776,sub-01,rh-inferiorparietal,0.7596371882086168,-0.032274861218395144,0.2857142857142857,0.6482301545628927,None + Linear-SVM,unconscious,unconscious,False,Image,False,9,2,3,7
1777,sub-01,rh-inferiorparietal,0.743801652892562,-0.43033148291193524,0.0,0.6327760081239849,None + Linear-SVM,unconscious,unconscious,False,Image,False,4,0,2,5
1778,sub-01,rh-inferiorparietal,0.5813148788927336,0.2916666666666667,0.625,0.6869478700054014,None + Linear-SVM,unconscious,unconscious,False,Image,False,6,5,3,3
1779,sub-01,rh-inferiorparietal,0.5413223140495869,0.2773500981126146,0.6666666666666667,0.695972413136281,None + Linear-SVM,unconscious,unconscious,False,Image,False,6,8,5,3
1780,sub-01,rh-inferiorparietal,0.5833333333333333,0.22360679774997896,0.5882352941176471,0.6825756073300197,None + Linear-SVM,unconscious,unconscious,False,Image,False,6,5,4,3
1781,sub-01,rh-inferiorparietal,0.7024793388429752,-0.43033148291193524,0.0,0.6358622747467432,None + Linear-SVM,unconscious,unconscious,False,Image,False,4,0,2,5
1782,sub-01,rh-inferiorparietal,0.6632653061224489,-0.04303314829119352,0.3636363636363636,0.6644841968602522,None + Linear-SVM,unconscious,unconscious,False,Image,False,5,2,3,4
1783,sub-01,rh-inferiorparietal,0.5674740484429066,0.29012942659282975,0.5714285714285715,0.6874400009911684,None + Linear-SVM,unconscious,unconscious,False,Image,False,7,4,4,2
1784,sub-01,rh-inferiorparietal,0.7040816326530612,0.37777777777777777,0.6,0.6564319716694114,None + Linear-SVM,unconscious,unconscious,False,Image,False,7,3,2,2
1785,sub-01,rh-inferiorparietal,0.5570934256055363,0.05555555555555555,0.5,0.6845323422233667,None + Linear-SVM,unconscious,unconscious,False,Image,False,5,4,4,4
1786,sub-01,rh-inferiorparietal,0.5246913580246914,-0.11396057645963795,0.375,0.6938672159563727,None + Linear-SVM,unconscious,unconscious,False,Image,False,5,3,6,4
1787,sub-01,rh-inferiorparietal,0.60546875,-0.015873015873015872,0.42857142857142855,0.6782936521283913,None + Linear-SVM,unconscious,unconscious,False,Image,False,5,3,4,4
1788,sub-01,rh-inferiorparietal,0.72,0.32732683535398854,0.6153846153846153,0.6461175887684225,None + Linear-SVM,unconscious,unconscious,False,Image,False,6,4,2,3
1789,sub-01,rh-inferiorparietal,0.45999999999999996,0.21212121212121213,0.6,0.7167084603784264,None + Linear-SVM,unconscious,unconscious,False,Image,False,6,6,5,3
1790,sub-01,rh-inferiorparietal,0.6938775510204082,0.14907119849998599,0.5,0.6539885538332385,None + Linear-SVM,unconscious,unconscious,False,Image,False,5,3,2,4
1791,sub-01,rh-inferiorparietal,0.6049382716049383,0.1111111111111111,0.5555555555555556,0.6757620502096554,None + Linear-SVM,unconscious,unconscious,False,Image,False,5,5,4,4
1792,sub-01,rh-inferiorparietal,0.8177777777777777,0.5773502691896257,0.7272727272727272,0.6264770802127473,None + Linear-SVM,unconscious,unconscious,False,Image,False,8,4,2,1
1793,sub-01,rh-inferiorparietal,0.6355555555555555,0.05455447255899809,0.4615384615384615,0.6650038240227105,None + Linear-SVM,unconscious,unconscious,False,Image,False,5,3,3,4
1794,sub-01,rh-inferiorparietal,0.3871527777777778,0.021591675854376522,0.5384615384615385,0.7439615606165949,None + Linear-SVM,unconscious,unconscious,False,Image,False,5,7,8,4
1795,sub-01,rh-inferiorparietal,0.4875346260387811,0.05555555555555555,0.5263157894736842,0.7072774329259794,None + Linear-SVM,unconscious,unconscious,False,Image,False,5,5,5,4
1796,sub-01,rh-inferiorparietal,0.6863905325443787,0.05143444998736397,0.4,0.6583326409327573,None + Linear-SVM,unconscious,unconscious,False,Image,False,5,2,2,4
1797,sub-01,rh-inferiorparietal,0.7193877551020408,0.14907119849998599,0.5,0.6452603749541697,None + Linear-SVM,unconscious,unconscious,False,Image,False,5,3,2,4
1798,sub-01,rh-inferiorparietal,0.5422222222222223,-0.21821789023599236,0.30769230769230765,0.6963126867233294,None + Linear-SVM,unconscious,unconscious,False,Image,False,4,2,4,5
1799,sub-01,rh-inferiorparietal,0.6574394463667821,0.408491223118783,0.6666666666666666,0.664970365877097,None + Linear-SVM,unconscious,unconscious,False,Image,False,7,5,3,2
1800,sub-01,rh-inferiorparietal,0.3819444444444444,-0.04364357804719848,0.48,0.7586040721035464,None + Linear-SVM,unconscious,unconscious,False,Image,False,5,6,9,4
1801,sub-01,rh-inferiorparietal,0.6488888888888888,0.28867513459481287,0.5454545454545454,0.6538786500307783,None + Linear-SVM,unconscious,unconscious,False,Image,False,7,3,3,2
1802,sub-01,rh-inferiorparietal,0.5595567867036011,0.05555555555555555,0.5263157894736842,0.6883914921048411,None + Linear-SVM,unconscious,unconscious,False,Image,False,5,5,5,4
1803,sub-01,rh-inferiorparietal,0.5259515570934257,-0.07042952122737638,0.39999999999999997,0.6995331538614538,None + Linear-SVM,unconscious,unconscious,False,Image,False,5,3,5,4
1804,sub-01,rh-inferiorparietal,0.56,-0.21821789023599236,0.30769230769230765,0.695424643175557,None + Linear-SVM,unconscious,unconscious,False,Image,False,4,2,4,5
1805,sub-01,rh-inferiorparietal,0.8347107438016529,-0.04303314829119352,0.25,0.6105686345431235,None + Linear-SVM,unconscious,unconscious,False,Image,False,4,1,1,5
1806,sub-01,rh-inferiorparietal,0.5190311418685121,0.1690308509457033,0.5333333333333333,0.7106011175344458,None + Linear-SVM,unconscious,unconscious,False,Image,False,6,4,4,3
1807,sub-01,rh-inferiorparietal,0.6122448979591837,0.18856180831641267,0.4444444444444445,0.6813363066650375,None + Linear-SVM,unconscious,unconscious,False,Image,False,7,2,3,2
1808,sub-01,rh-inferiorparietal,0.5549999999999999,0.30151134457776363,0.6666666666666666,0.6876427236676136,None + Linear-SVM,unconscious,unconscious,False,Image,False,6,7,4,3
1809,sub-01,rh-inferiorparietal,0.5501730103806228,-0.07042952122737638,0.39999999999999997,0.69137419017545,None + Linear-SVM,unconscious,unconscious,False,Image,False,5,3,5,4
1810,sub-01,rh-inferiorparietal,0.7142857142857142,0.06666666666666667,0.4000000000000001,0.651197568751486,None + Linear-SVM,unconscious,unconscious,False,Image,False,6,2,3,3
1811,sub-01,rh-inferiorparietal,0.7295918367346939,0.14907119849998599,0.5,0.6343263367942905,None + Linear-SVM,unconscious,unconscious,False,Image,False,5,3,2,4
1812,sub-01,rh-inferiorparietal,0.40997229916897504,-0.15555555555555556,0.4210526315789474,0.741227784840888,None + Linear-SVM,unconscious,unconscious,False,Image,False,4,4,6,5
1813,sub-01,rh-inferiorparietal,0.6577777777777778,0.05455447255899809,0.4615384615384615,0.6599897975805574,None + Linear-SVM,unconscious,unconscious,False,Image,False,5,3,3,4
1814,sub-01,rh-inferiorparietal,0.5017301038062284,-0.07042952122737638,0.39999999999999997,0.7139078559600022,None + Linear-SVM,unconscious,unconscious,False,Image,False,5,3,5,4
1815,sub-01,rh-inferiorparietal,0.6153846153846154,-0.2828894749305018,0.2,0.6781156922853223,None + Linear-SVM,unconscious,unconscious,False,Image,False,4,1,3,5
1816,sub-01,rh-inferiorparietal,0.5246913580246914,0.0,0.47058823529411764,0.7002379771465725,None + Linear-SVM,unconscious,unconscious,False,Image,False,5,4,5,4
1817,sub-01,rh-inferiorparietal,0.6539792387543253,0.5277777777777778,0.75,0.6644856809381496,None + Linear-SVM,unconscious,unconscious,False,Image,False,7,6,2,2
1818,sub-01,rh-inferiorparietal,0.6745562130177515,0.05143444998736397,0.4,0.6583704221227197,None + Linear-SVM,unconscious,unconscious,False,Image,False,5,2,2,4
1819,sub-01,rh-inferiorparietal,0.7602040816326531,0.37777777777777777,0.6,0.6372960547621087,None + Linear-SVM,unconscious,unconscious,False,Image,False,7,3,2,2
1820,sub-01,rh-inferiorparietal,0.59375,0.09759000729485331,0.4615384615384615,0.6812342840017687,None + Linear-SVM,unconscious,unconscious,False,Image,False,6,3,4,3
1821,sub-01,rh-inferiorparietal,0.546875,-0.015873015873015872,0.42857142857142855,0.6965302662353061,None + Linear-SVM,unconscious,unconscious,False,Image,False,5,3,4,4
1822,sub-01,rh-inferiorparietal,0.49,0.21212121212121213,0.6,0.7118901868384885,None + Linear-SVM,unconscious,unconscious,False,Image,False,6,6,5,3
1823,sub-01,rh-inferiorparietal,0.5599999999999999,-0.21821789023599236,0.30769230769230765,0.6967240887385363,None + Linear-SVM,unconscious,unconscious,False,Image,False,4,2,4,5
1824,sub-01,rh-inferiorparietal,0.6479591836734695,-0.04303314829119352,0.3636363636363636,0.6684984342326449,None + Linear-SVM,unconscious,unconscious,False,Image,False,5,2,3,4
1825,sub-01,rh-inferiorparietal,0.7777777777777778,-0.37796447300922725,0.0,0.6304756609192921,None + Linear-SVM,unconscious,unconscious,False,Image,False,5,0,2,5
1826,sub-01,rh-inferiorparietal,0.574074074074074,0.20385887657505022,0.5333333333333333,0.6875574652374782,None + Linear-SVM,unconscious,unconscious,False,Image,False,7,4,4,3
1827,sub-01,rh-inferiorparietal,0.5444234404536862,0.4885638532419674,0.7500000000000001,0.6942829244121012,None + Linear-SVM,unconscious,unconscious,False,Image,False,8,9,4,2
1828,sub-01,rh-inferiorparietal,0.5844875346260388,0.044946657497549475,0.47058823529411764,0.6885159632750765,None + Linear-SVM,unconscious,unconscious,False,Image,False,6,4,5,4
1829,sub-01,rh-inferiorparietal,0.7777777777777778,-0.37796447300922725,0.0,0.6332811266219492,None + Linear-SVM,unconscious,unconscious,False,Image,False,5,0,2,5
1830,sub-01,rh-inferiorparietal,0.6933333333333334,0.0,0.3636363636363636,0.6593740643540491,None + Linear-SVM,unconscious,unconscious,False,Image,False,6,2,3,4
1831,sub-01,rh-inferiorparietal,0.6049382716049383,0.22360679774997896,0.5882352941176471,0.6815310993970535,None + Linear-SVM,unconscious,unconscious,False,Image,False,6,5,3,4
1832,sub-01,rh-inferiorparietal,0.7155555555555556,0.4,0.6,0.6509314027202371,None + Linear-SVM,unconscious,unconscious,False,Image,False,8,3,2,2
1833,sub-01,rh-inferiorparietal,0.6141975308641976,0.325,0.625,0.6759812990538063,None + Linear-SVM,unconscious,unconscious,False,Image,False,7,5,3,3
1834,sub-01,rh-inferiorparietal,0.6232686980609419,0.2584432806109095,0.5882352941176471,0.6828862867446625,None + Linear-SVM,unconscious,unconscious,False,Image,False,7,5,4,3
1835,sub-01,rh-inferiorparietal,0.6228373702422145,0.1690308509457033,0.5333333333333333,0.6798218383498728,None + Linear-SVM,unconscious,unconscious,False,Image,False,6,4,3,4
1836,sub-01,rh-inferiorparietal,0.72265625,0.3578300267477955,0.6153846153846153,0.6471174161648955,None + Linear-SVM,unconscious,unconscious,False,Image,False,7,4,2,3
1837,sub-01,rh-inferiorparietal,0.5056689342403629,0.23636363636363636,0.6363636363636364,0.7064685805826223,None + Linear-SVM,unconscious,unconscious,False,Image,False,6,7,4,4
1838,sub-01,rh-inferiorparietal,0.7066666666666667,0.18898223650461363,0.5,0.6528343322107525,None + Linear-SVM,unconscious,unconscious,False,Image,False,6,3,2,4
1839,sub-01,rh-inferiorparietal,0.6066481994459834,0.2584432806109095,0.5882352941176471,0.6789142110375669,None + Linear-SVM,unconscious,unconscious,False,Image,False,7,5,4,3
1840,sub-01,rh-inferiorparietal,0.8125,0.6180700462007377,0.7692307692307692,0.6304072112048377,None + Linear-SVM,unconscious,unconscious,False,Image,False,8,5,1,2
1841,sub-01,rh-inferiorparietal,0.71484375,0.3578300267477955,0.6153846153846153,0.6613403472096828,None + Linear-SVM,unconscious,unconscious,False,Image,False,7,4,2,3
1842,sub-01,rh-inferiorparietal,0.4,0.13074409009212268,0.5925925925925926,0.7362542855812282,None + Linear-SVM,unconscious,unconscious,False,Image,False,6,8,7,4
1843,sub-01,rh-inferiorparietal,0.55,0.30151134457776363,0.631578947368421,0.7018096321602341,None + Linear-SVM,unconscious,unconscious,False,Image,False,7,6,4,3
1844,sub-01,rh-inferiorparietal,0.7244897959183674,0.09128709291752768,0.4,0.65345671240835,None + Linear-SVM,unconscious,unconscious,False,Image,False,6,2,2,4
1845,sub-01,rh-inferiorparietal,0.7777777777777778,0.4,0.6,0.6393073574514272,None + Linear-SVM,unconscious,unconscious,False,Image,False,8,3,2,2
1846,sub-01,rh-inferiorparietal,0.5234375,-0.3578300267477955,0.26666666666666666,0.6894240711624812,None + Linear-SVM,unconscious,unconscious,False,Image,False,3,2,4,7
1847,sub-01,rh-inferiorparietal,0.6450617283950617,0.325,0.625,0.6700918118951891,None + Linear-SVM,unconscious,unconscious,False,Image,False,7,5,3,3
1848,sub-01,rh-inferiorparietal,0.40479999999999994,0.13074409009212268,0.5925925925925926,0.7528204241194544,None + Linear-SVM,unconscious,unconscious,False,Image,False,6,8,7,4
1849,sub-01,rh-inferiorparietal,0.6796875,0.3133397807202561,0.5454545454545454,0.6533577276276286,None + Linear-SVM,unconscious,unconscious,False,Image,False,8,3,3,2
1850,sub-01,rh-inferiorparietal,0.5900000000000001,0.2,0.6,0.6919014973136292,None + Linear-SVM,unconscious,unconscious,False,Image,False,6,6,4,4
1851,sub-01,rh-inferiorparietal,0.5648148148148149,-0.025482359571881278,0.39999999999999997,0.6884483520441625,None + Linear-SVM,unconscious,unconscious,False,Image,False,6,3,5,4
1852,sub-01,rh-inferiorparietal,0.578125,0.034815531191139566,0.3636363636363636,0.6875638123478582,None + Linear-SVM,unconscious,unconscious,False,Image,False,7,2,4,3
1853,sub-01,rh-inferiorparietal,0.8263888888888888,-0.15811388300841897,0.2,0.6170105149580104,None + Linear-SVM,unconscious,unconscious,False,Image,False,3,1,1,7
1854,sub-01,rh-inferiorparietal,0.537037037037037,0.1,0.5,0.706538467129932,None + Linear-SVM,unconscious,unconscious,False,Image,False,6,4,4,4
1855,sub-01,rh-inferiorparietal,0.6577777777777778,0.21320071635561041,0.4444444444444445,0.672028205949825,None + Linear-SVM,unconscious,unconscious,False,Image,False,8,2,3,2
1856,sub-01,rh-inferiorparietal,0.5782312925170068,0.42727272727272725,0.7272727272727273,0.6854276301391355,None + Linear-SVM,unconscious,unconscious,False,Image,False,7,8,3,3
1857,sub-01,rh-inferiorparietal,0.558641975308642,-0.025482359571881278,0.39999999999999997,0.6875337659480363,None + Linear-SVM,unconscious,unconscious,False,Image,False,6,3,5,4
1858,sub-01,rh-inferiorparietal,0.7155555555555555,0.4,0.6,0.6495630381073643,None + Linear-SVM,unconscious,unconscious,False,Image,False,8,3,2,2
1859,sub-01,rh-inferiorparietal,0.7955555555555556,0.4,0.6,0.6323195090970732,None + Linear-SVM,unconscious,unconscious,False,Image,False,8,3,2,2
1860,sub-01,rh-inferiorparietal,0.40499999999999997,-0.30151134457776363,0.3157894736842105,0.7402449089722418,None + Linear-SVM,unconscious,unconscious,False,Image,False,4,3,7,6
1861,sub-01,rh-inferiorparietal,0.6796875,0.09759000729485331,0.4615384615384615,0.6590405303923195,None + Linear-SVM,unconscious,unconscious,False,Image,False,6,3,3,4
1862,sub-01,rh-inferiorparietal,0.5092592592592593,0.1,0.5,0.7104397292702229,None + Linear-SVM,unconscious,unconscious,False,Image,False,6,4,4,4
1863,sub-01,rh-inferiorparietal,0.6734693877551021,-0.1414213562373095,0.22222222222222224,0.6658138890712773,None + Linear-SVM,unconscious,unconscious,False,Image,False,6,1,3,4
1864,sub-01,rh-inferiorparietal,0.5180055401662049,0.26257545381445874,0.5333333333333333,0.6912916332523629,None + Linear-SVM,unconscious,unconscious,False,Image,False,8,4,5,2
1865,sub-01,rh-inferiorparietal,0.6512345679012346,0.55,0.75,0.6669870847232569,None + Linear-SVM,unconscious,unconscious,False,Image,False,8,6,2,2
1866,sub-01,rh-inferiorparietal,0.7142857142857143,0.18856180831641267,0.4444444444444445,0.6516690156069336,None + Linear-SVM,unconscious,unconscious,False,Image,False,7,2,2,3
1867,sub-01,rh-inferiorparietal,0.7866666666666666,0.4,0.6,0.6333898011607585,None + Linear-SVM,unconscious,unconscious,False,Image,False,8,3,2,2
1868,sub-01,rh-inferiorparietal,0.6332179930795848,0.1690308509457033,0.5333333333333333,0.677618216778971,None + Linear-SVM,unconscious,unconscious,False,Image,False,6,4,3,4
1869,sub-01,rh-inferiorparietal,0.546712802768166,-0.07042952122737638,0.39999999999999997,0.6937575804226315,None + Linear-SVM,unconscious,unconscious,False,Image,False,5,3,4,5
1870,sub-01,rh-inferiorparietal,0.5238095238095237,0.33636363636363636,0.6666666666666666,0.7043439916881017,None + Linear-SVM,unconscious,unconscious,False,Image,False,7,7,4,3
1871,sub-01,rh-inferiorparietal,0.5703125,-0.16265001215808886,0.30769230769230765,0.682985110018109,None + Linear-SVM,unconscious,unconscious,False,Image,False,5,2,4,5
1872,sub-01,rh-inferiorparietal,0.7066666666666668,0.4,0.6,0.6538275187256738,None + Linear-SVM,unconscious,unconscious,False,Image,False,8,3,2,2
1873,sub-01,rh-inferiorparietal,0.6,-0.5,0.0,0.6753542750182573,None + Linear-SVM,unconscious,unconscious,False,Image,False,3,0,2,5
1874,sub-01,rh-inferiorparietal,0.37109375,-0.3779644730092272,0.26666666666666666,0.7241563552879291,None + Linear-SVM,unconscious,unconscious,False,Image,False,3,2,6,5
1875,sub-01,rh-inferiorparietal,0.41496598639455784,-0.11322770341445958,0.4545454545454546,0.7155294415125801,None + Linear-SVM,unconscious,unconscious,False,Image,False,4,5,8,4
1876,sub-01,rh-inferiorparietal,0.4809688581314879,0.07042952122737638,0.5,0.7030379319703322,None + Linear-SVM,unconscious,unconscious,False,Image,False,5,4,5,3
1877,sub-01,rh-inferiorparietal,0.56,-0.5,0.0,0.6801415381538007,None + Linear-SVM,unconscious,unconscious,False,Image,False,3,0,2,5
1878,sub-01,rh-inferiorparietal,0.49704142011834324,-0.4147575310031266,0.1818181818181818,0.6948412454565168,None + Linear-SVM,unconscious,unconscious,False,Image,False,3,1,4,5
1879,sub-01,rh-inferiorparietal,0.4140625,0.0,0.5,0.7244067350358325,None + Linear-SVM,unconscious,unconscious,False,Image,False,4,4,4,4
1880,sub-01,rh-inferiorparietal,0.5680473372781065,0.025,0.4000000000000001,0.6844668350825527,None + Linear-SVM,unconscious,unconscious,False,Image,False,5,2,3,3
1881,sub-01,rh-inferiorparietal,0.4921875,-0.1259881576697424,0.39999999999999997,0.7043950867600547,None + Linear-SVM,unconscious,unconscious,False,Image,False,4,3,5,4
1882,sub-01,rh-inferiorparietal,0.4152249134948097,-0.408491223118783,0.25,0.7147805517322359,None + Linear-SVM,unconscious,unconscious,False,Image,False,3,2,7,5
1883,sub-01,rh-inferiorparietal,0.43555555555555553,-0.3392857142857143,0.2857142857142857,0.7139477012105516,None + Linear-SVM,unconscious,unconscious,False,Image,False,3,2,5,5
1884,sub-01,rh-inferiorparietal,0.5255102040816326,-0.16666666666666666,0.3333333333333333,0.6842643648205173,None + Linear-SVM,unconscious,unconscious,False,Image,False,4,2,4,4
1885,sub-01,rh-inferiorparietal,0.3656509695290859,-0.2584432806109095,0.39999999999999997,0.7300319480651482,None + Linear-SVM,unconscious,unconscious,False,Image,False,3,4,7,5
1886,sub-01,rh-inferiorparietal,0.5207100591715976,-0.4147575310031266,0.1818181818181818,0.6847614251802434,None + Linear-SVM,unconscious,unconscious,False,Image,False,3,1,4,5
1887,sub-01,rh-inferiorparietal,0.4463667820069204,-0.04351941398892446,0.4,0.7059342776030652,None + Linear-SVM,unconscious,unconscious,False,Image,False,5,3,6,3
1888,sub-01,rh-inferiorparietal,0.7040816326530612,0.28867513459481287,0.6153846153846153,0.6528582327161595,None + Linear-SVM,unconscious,unconscious,False,Image,False,5,4,2,3
1889,sub-01,rh-inferiorparietal,0.45408163265306123,-0.4583333333333333,0.16666666666666666,0.6993702920434394,None + Linear-SVM,unconscious,unconscious,False,Image,False,3,1,5,5
1890,sub-01,rh-inferiorparietal,0.28355387523629494,-0.349697526139891,0.33333333333333337,0.762817498735062,None + Linear-SVM,unconscious,unconscious,False,Image,False,3,4,11,5
1891,sub-01,rh-inferiorparietal,0.33024691358024694,-0.325,0.33333333333333326,0.7343092249371668,None + Linear-SVM,unconscious,unconscious,False,Image,False,3,3,7,5
1892,sub-01,rh-inferiorparietal,0.5555555555555556,-0.23904572186687872,0.22222222222222224,0.6870640005144518,None + Linear-SVM,unconscious,unconscious,False,Image,False,4,1,3,4
1893,sub-01,rh-inferiorparietal,0.6331360946745562,0.025,0.4000000000000001,0.6666761976408537,None + Linear-SVM,unconscious,unconscious,False,Image,False,5,2,3,3
1894,sub-01,rh-inferiorparietal,0.413265306122449,-0.6454972243679028,0.0,0.7310749779042992,None + Linear-SVM,unconscious,unconscious,False,Image,False,3,0,6,5
1895,sub-01,rh-inferiorparietal,0.5078125,-0.1259881576697424,0.39999999999999997,0.6911959240498025,None + Linear-SVM,unconscious,unconscious,False,Image,False,4,3,5,4
1896,sub-01,rh-inferiorparietal,0.2873345935727788,-0.349697526139891,0.33333333333333337,0.7833434386652907,None + Linear-SVM,unconscious,unconscious,False,Image,False,3,4,11,5
1897,sub-01,rh-inferiorparietal,0.5051020408163265,-0.16666666666666666,0.3333333333333333,0.6890747553920594,None + Linear-SVM,unconscious,unconscious,False,Image,False,4,2,4,4
1898,sub-01,rh-inferiorparietal,0.4567901234567901,-0.22360679774997896,0.4210526315789474,0.7231562744379587,None + Linear-SVM,unconscious,unconscious,False,Image,False,3,4,6,5
1899,sub-01,rh-inferiorparietal,0.3984375,-0.2581988897471611,0.28571428571428575,0.7246799013552434,None + Linear-SVM,unconscious,unconscious,False,Image,False,4,2,6,4
1900,sub-01,rh-inferiorparietal,0.3979591836734694,-0.6454972243679028,0.0,0.7236501588760815,None + Linear-SVM,unconscious,unconscious,False,Image,False,3,0,6,5
1901,sub-01,rh-inferiorparietal,0.76,-0.10206207261596577,0.25,0.6476811367458299,None + Linear-SVM,unconscious,unconscious,False,Image,False,3,1,1,5
1902,sub-01,rh-inferiorparietal,0.3828125,-0.1259881576697424,0.39999999999999997,0.743859973994648,None + Linear-SVM,unconscious,unconscious,False,Image,False,4,3,5,4
1903,sub-01,rh-inferiorparietal,0.46153846153846156,-0.3,0.20000000000000004,0.7176965046021846,None + Linear-SVM,unconscious,unconscious,False,Image,False,4,1,4,4
1904,sub-01,rh-inferiorparietal,0.44321329639889195,-0.044946657497549475,0.5,0.7079246304123213,None + Linear-SVM,unconscious,unconscious,False,Image,False,4,5,6,4
1905,sub-01,rh-inferiorparietal,0.44921875,-0.25,0.375,0.723447394306646,None + Linear-SVM,unconscious,unconscious,False,Image,False,3,3,5,5
1906,sub-01,rh-inferiorparietal,0.5739644970414202,-0.21957751641341997,0.3333333333333333,0.6814608906705873,None + Linear-SVM,unconscious,unconscious,False,Image,False,3,2,3,5
1907,sub-01,rh-inferiorparietal,0.5976331360946745,-0.09759000729485333,0.3636363636363636,0.6647309746024828,None + Linear-SVM,unconscious,unconscious,False,Image,False,4,2,3,4
1908,sub-01,rh-inferiorparietal,0.2777777777777778,-0.6933752452815364,0.0,0.7801792108564171,None + Linear-SVM,unconscious,unconscious,False,Image,False,3,0,10,5
1909,sub-01,rh-inferiorparietal,0.5561224489795918,-0.04303314829119352,0.3636363636363636,0.6909538693219804,None + Linear-SVM,unconscious,unconscious,False,Image,False,5,2,4,3
1910,sub-01,rh-inferiorparietal,0.37109375,-0.5163977794943222,0.14285714285714288,0.7485757203194621,None + Linear-SVM,unconscious,unconscious,False,Image,False,3,1,7,5
1911,sub-01,rh-inferiorparietal,0.5277777777777777,-0.3535533905932738,0.2,0.7083263046666256,None + Linear-SVM,unconscious,unconscious,False,Image,False,3,1,3,5
1912,sub-01,rh-inferiorparietal,0.4152249134948097,-0.04351941398892446,0.4,0.7269964194861009,None + Linear-SVM,unconscious,unconscious,False,Image,False,5,3,6,3
1913,sub-01,rh-inferiorparietal,0.5078125,-0.1259881576697424,0.39999999999999997,0.6911223183423869,None + Linear-SVM,unconscious,unconscious,False,Image,False,4,3,5,4
1914,sub-01,rh-inferiorparietal,0.5694444444444444,-0.23904572186687872,0.22222222222222224,0.6924452427214672,None + Linear-SVM,unconscious,unconscious,False,Image,False,4,1,3,4
1915,sub-01,rh-inferiorparietal,0.5917159763313609,0.025,0.4000000000000001,0.6645473148434079,None + Linear-SVM,unconscious,unconscious,False,Image,False,5,2,3,3
1916,sub-01,rh-inferiorparietal,0.4444444444444444,-0.3392857142857143,0.2857142857142857,0.7090039473721131,None + Linear-SVM,unconscious,unconscious,False,Image,False,3,2,5,5
1917,sub-01,rh-inferiorparietal,0.42666666666666664,-0.3392857142857143,0.2857142857142857,0.7224988807066459,None + Linear-SVM,unconscious,unconscious,False,Image,False,3,2,5,5
1918,sub-01,rh-inferiorparietal,0.34072022160664817,-0.2584432806109095,0.39999999999999997,0.7355674947524818,None + Linear-SVM,unconscious,unconscious,False,Image,False,3,4,7,5
1919,sub-01,rh-inferiorparietal,0.3877551020408163,-0.4583333333333333,0.16666666666666666,0.7244839665690836,None + Linear-SVM,unconscious,unconscious,False,Image,False,3,1,5,5
1920,sub-01,rh-inferiorparietal,0.591715976331361,-0.21957751641341997,0.3333333333333333,0.6901859826366739,None + Linear-SVM,unconscious,unconscious,False,Image,False,3,2,3,5
1921,sub-01,rh-inferiorparietal,0.7272727272727273,-0.5163977794943223,0.0,0.6305996992848466,None + Linear-SVM,unconscious,unconscious,False,Image,False,3,0,2,6
1922,sub-01,rh-inferiorparietal,0.5501730103806228,0.05555555555555555,0.5,0.6868738946873819,None + Linear-SVM,unconscious,unconscious,False,Image,False,5,4,4,4
1923,sub-01,rh-inferiorparietal,0.5640495867768596,0.20254787341673333,0.608695652173913,0.6872423512556659,None + Linear-SVM,unconscious,unconscious,False,Image,False,6,7,6,3
1924,sub-01,rh-inferiorparietal,0.5771604938271605,0.0,0.47058823529411764,0.6770070580179457,None + Linear-SVM,unconscious,unconscious,False,Image,False,5,4,5,4
1925,sub-01,rh-inferiorparietal,0.7190082644628101,-0.5163977794943223,0.0,0.6342045898945738,None + Linear-SVM,unconscious,unconscious,False,Image,False,3,0,2,6
1926,sub-01,rh-inferiorparietal,0.6275510204081632,-0.04303314829119352,0.3636363636363636,0.6657496101866407,None + Linear-SVM,unconscious,unconscious,False,Image,False,5,2,3,4
1927,sub-01,rh-inferiorparietal,0.6055363321799307,0.29012942659282975,0.5714285714285715,0.6867773482503194,None + Linear-SVM,unconscious,unconscious,False,Image,False,7,4,4,2
1928,sub-01,rh-inferiorparietal,0.75,0.37777777777777777,0.6,0.6526607014967357,None + Linear-SVM,unconscious,unconscious,False,Image,False,7,3,2,2
1929,sub-01,rh-inferiorparietal,0.6055363321799307,0.05555555555555555,0.5,0.6769112717005179,None + Linear-SVM,unconscious,unconscious,False,Image,False,5,4,4,4
1930,sub-01,rh-inferiorparietal,0.5123456790123457,-0.11396057645963795,0.375,0.688577651088851,None + Linear-SVM,unconscious,unconscious,False,Image,False,5,3,6,4
1931,sub-01,rh-inferiorparietal,0.5546875,-0.2698412698412698,0.2857142857142857,0.6821144838424155,None + Linear-SVM,unconscious,unconscious,False,Image,False,4,2,5,5
1932,sub-01,rh-inferiorparietal,0.7555555555555555,0.16666666666666666,0.5,0.639874216232652,None + Linear-SVM,unconscious,unconscious,False,Image,False,6,3,3,3
1933,sub-01,rh-inferiorparietal,0.48,0.10050378152592121,0.5714285714285713,0.7085516070336013,None + Linear-SVM,unconscious,unconscious,False,Image,False,5,6,5,4
1934,sub-01,rh-inferiorparietal,0.6785714285714285,-0.04303314829119352,0.3636363636363636,0.6537709165314131,None + Linear-SVM,unconscious,unconscious,False,Image,False,5,2,3,4
1935,sub-01,rh-inferiorparietal,0.5925925925925927,0.22360679774997896,0.5882352941176471,0.6771307148117084,None + Linear-SVM,unconscious,unconscious,False,Image,False,6,5,4,3
1936,sub-01,rh-inferiorparietal,0.8133333333333334,0.4444444444444444,0.6666666666666666,0.6302206744201193,None + Linear-SVM,unconscious,unconscious,False,Image,False,7,4,2,2
1937,sub-01,rh-inferiorparietal,0.6222222222222222,-0.1111111111111111,0.3333333333333333,0.6556146705055291,None + Linear-SVM,unconscious,unconscious,False,Image,False,5,2,4,4
1938,sub-01,rh-inferiorparietal,0.3680555555555556,0.021591675854376522,0.5384615384615385,0.7411117135320707,None + Linear-SVM,unconscious,unconscious,False,Image,False,5,7,8,4
1939,sub-01,rh-inferiorparietal,0.4847645429362881,-0.044946657497549475,0.4444444444444445,0.7047398594114812,None + Linear-SVM,unconscious,unconscious,False,Image,False,5,4,6,4
1940,sub-01,rh-inferiorparietal,0.6568047337278107,-0.08333333333333333,0.25,0.6517627903199539,None + Linear-SVM,unconscious,unconscious,False,Image,False,6,1,3,3
1941,sub-01,rh-inferiorparietal,0.7602040816326531,0.25819888974716115,0.5454545454545454,0.6306560435901114,None + Linear-SVM,unconscious,unconscious,False,Image,False,6,3,2,3
1942,sub-01,rh-inferiorparietal,0.4933333333333333,-0.3888888888888889,0.16666666666666666,0.6953615556048895,None + Linear-SVM,unconscious,unconscious,False,Image,False,4,1,5,5
1943,sub-01,rh-inferiorparietal,0.6747404844290658,0.408491223118783,0.6666666666666666,0.6586224142468312,None + Linear-SVM,unconscious,unconscious,False,Image,False,7,5,3,2
1944,sub-01,rh-inferiorparietal,0.3628472222222222,-0.08606629658238706,0.5185185185185186,0.7590735385059251,None + Linear-SVM,unconscious,unconscious,False,Image,False,4,7,8,5
1945,sub-01,rh-inferiorparietal,0.7111111111111111,0.43082021842766455,0.6,0.647237351863599,None + Linear-SVM,unconscious,unconscious,False,Image,False,8,3,3,1
1946,sub-01,rh-inferiorparietal,0.556786703601108,0.05555555555555555,0.5263157894736842,0.6919124322876659,None + Linear-SVM,unconscious,unconscious,False,Image,False,5,5,5,4
1947,sub-01,rh-inferiorparietal,0.5294117647058824,-0.18055555555555555,0.375,0.6888450087481448,None + Linear-SVM,unconscious,unconscious,False,Image,False,4,3,5,5
1948,sub-01,rh-inferiorparietal,0.5288888888888889,-0.21821789023599236,0.30769230769230765,0.6866687923178731,None + Linear-SVM,unconscious,unconscious,False,Image,False,4,2,4,5
1949,sub-01,rh-inferiorparietal,0.8760330578512396,-0.04303314829119352,0.25,0.6065580587093412,None + Linear-SVM,unconscious,unconscious,False,Image,False,4,1,1,5
1950,sub-01,rh-inferiorparietal,0.5501730103806228,0.1690308509457033,0.5333333333333333,0.706480290289792,None + Linear-SVM,unconscious,unconscious,False,Image,False,6,4,4,3
1951,sub-01,rh-inferiorparietal,0.6020408163265306,-0.04303314829119352,0.3636363636363636,0.6882691650367702,None + Linear-SVM,unconscious,unconscious,False,Image,False,5,2,3,4
1952,sub-01,rh-inferiorparietal,0.58,0.21212121212121213,0.6,0.6841540379435596,None + Linear-SVM,unconscious,unconscious,False,Image,False,6,6,5,3
1953,sub-01,rh-inferiorparietal,0.5467128027681661,-0.18055555555555555,0.375,0.6899414978443429,None + Linear-SVM,unconscious,unconscious,False,Image,False,4,3,5,5
1954,sub-01,rh-inferiorparietal,0.7295918367346939,0.06666666666666667,0.4000000000000001,0.6414266959619308,None + Linear-SVM,unconscious,unconscious,False,Image,False,6,2,3,3
1955,sub-01,rh-inferiorparietal,0.8010204081632654,0.04303314829119352,0.4615384615384615,0.6181170529804968,None + Linear-SVM,unconscious,unconscious,False,Image,False,4,3,2,5
1956,sub-01,rh-inferiorparietal,0.3213296398891967,-0.47193990372426947,0.22222222222222224,0.7568181652255263,None + Linear-SVM,unconscious,unconscious,False,Image,False,3,2,8,6
1957,sub-01,rh-inferiorparietal,0.7155555555555556,0.16666666666666666,0.5,0.6545229094690784,None + Linear-SVM,unconscious,unconscious,False,Image,False,6,3,3,3
1958,sub-01,rh-inferiorparietal,0.4705882352941177,-0.3098898934004561,0.26666666666666666,0.7181561532638115,None + Linear-SVM,unconscious,unconscious,False,Image,False,4,2,6,5
1959,sub-01,rh-inferiorparietal,0.668639053254438,-0.2828894749305018,0.2,0.6728555525631138,None + Linear-SVM,unconscious,unconscious,False,Image,False,4,1,3,5
1960,sub-01,rh-inferiorparietal,0.5277777777777778,0.0,0.47058823529411764,0.6979510616810055,None + Linear-SVM,unconscious,unconscious,False,Image,False,5,4,5,4
1961,sub-01,rh-inferiorparietal,0.6678200692041523,0.408491223118783,0.6666666666666666,0.6600956160438012,None + Linear-SVM,unconscious,unconscious,False,Image,False,7,5,3,2
1962,sub-01,rh-inferiorparietal,0.7159763313609468,0.05143444998736397,0.4,0.651561619277124,None + Linear-SVM,unconscious,unconscious,False,Image,False,5,2,2,4
1963,sub-01,rh-inferiorparietal,0.8163265306122449,0.37777777777777777,0.6,0.6262167591731698,None + Linear-SVM,unconscious,unconscious,False,Image,False,7,3,2,2
1964,sub-01,rh-inferiorparietal,0.5703125,-0.16265001215808886,0.30769230769230765,0.6768256474564973,None + Linear-SVM,unconscious,unconscious,False,Image,False,5,2,5,4
1965,sub-01,rh-inferiorparietal,0.50390625,-0.2698412698412698,0.2857142857142857,0.6900682525384445,None + Linear-SVM,unconscious,unconscious,False,Image,False,4,2,5,5
1966,sub-01,rh-inferiorparietal,0.495,0.10050378152592121,0.5714285714285713,0.7072618158705587,None + Linear-SVM,unconscious,unconscious,False,Image,False,5,6,5,4
1967,sub-01,rh-inferiorparietal,0.5466666666666666,-0.21821789023599236,0.30769230769230765,0.6903331550318623,None + Linear-SVM,unconscious,unconscious,False,Image,False,4,2,4,5
1968,sub-01,rh-inferiorparietal,0.7040816326530612,0.06666666666666667,0.4000000000000001,0.658686677773689,None + Linear-SVM,unconscious,unconscious,False,Image,False,6,2,3,3
1969,sub-01,rh-inferiorparietal,0.653061224489796,-0.4,0.0,0.6649152752933691,None + Linear-SVM,unconscious,unconscious,False,Image,False,3,0,2,2
1970,sub-01,rh-inferiorparietal,0.35502958579881655,-0.025,0.4615384615384615,0.7369557821114386,None + Linear-SVM,unconscious,unconscious,False,Image,False,3,3,5,2
1971,sub-01,rh-inferiorparietal,0.404320987654321,0.12403473458920847,0.6363636363636364,0.7252148220770999,None + Linear-SVM,unconscious,unconscious,False,Image,False,3,7,6,2
1972,sub-01,rh-inferiorparietal,0.42857142857142855,0.04303314829119352,0.5333333333333333,0.7150468278552837,None + Linear-SVM,unconscious,unconscious,False,Image,False,3,4,5,2
1973,sub-01,rh-inferiorparietal,0.653061224489796,-0.4,0.0,0.671817213175861,None + Linear-SVM,unconscious,unconscious,False,Image,False,3,0,2,2
1974,sub-01,rh-inferiorparietal,0.51,0.0,0.4444444444444445,0.7059849822894368,None + Linear-SVM,unconscious,unconscious,False,Image,False,3,2,3,2
1975,sub-01,rh-inferiorparietal,0.39644970414201186,0.09759000729485333,0.5714285714285715,0.7290170766792625,None + Linear-SVM,unconscious,unconscious,False,Image,False,3,4,4,2
1976,sub-01,rh-inferiorparietal,0.55,0.2182178902359924,0.5,0.6928750323375473,None + Linear-SVM,unconscious,unconscious,False,Image,False,4,2,3,1
1977,sub-01,rh-inferiorparietal,0.4497041420118343,0.09759000729485333,0.5714285714285715,0.7149199483297994,None + Linear-SVM,unconscious,unconscious,False,Image,False,3,4,4,2
1978,sub-01,rh-inferiorparietal,0.44387755102040816,0.25819888974716115,0.7058823529411765,0.7246373926535926,None + Linear-SVM,unconscious,unconscious,False,Image,False,3,6,3,2
1979,sub-01,rh-inferiorparietal,0.42361111111111105,-0.11952286093343936,0.36363636363636365,0.7192514907256919,None + Linear-SVM,unconscious,unconscious,False,Image,False,3,2,5,2
1980,sub-01,rh-inferiorparietal,0.5537190082644627,-0.06900655593423542,0.4,0.6798031938049358,None + Linear-SVM,unconscious,unconscious,False,Image,False,3,2,4,2
1981,sub-01,rh-inferiorparietal,0.31640625,0.13483997249264842,0.631578947368421,0.7505723004013919,None + Linear-SVM,unconscious,unconscious,False,Image,False,3,6,5,2
1982,sub-01,rh-inferiorparietal,0.55,0.0,0.4444444444444445,0.6868155135725745,None + Linear-SVM,unconscious,unconscious,False,Image,False,3,2,3,2
1983,sub-01,rh-inferiorparietal,0.4642857142857143,0.04303314829119352,0.5333333333333333,0.7097990929693646,None + Linear-SVM,unconscious,unconscious,False,Image,False,3,4,5,2
1984,sub-01,rh-inferiorparietal,0.6859504132231405,0.3105295017040594,0.6,0.6528034200341555,None + Linear-SVM,unconscious,unconscious,False,Image,False,4,3,3,1
1985,sub-01,rh-inferiorparietal,0.49586776859504134,-0.06900655593423542,0.4,0.6982035105434977,None + Linear-SVM,unconscious,unconscious,False,Image,False,3,2,4,2
1986,sub-01,rh-inferiorparietal,0.24250000000000002,0.058025885318565944,0.5833333333333334,0.7812461886717915,None + Linear-SVM,unconscious,unconscious,False,Image,False,3,7,8,2
1987,sub-01,rh-inferiorparietal,0.3422222222222222,0.09449111825230681,0.588235294117647,0.745816437228924,None + Linear-SVM,unconscious,unconscious,False,Image,False,3,5,5,2
1988,sub-01,rh-inferiorparietal,0.5308641975308642,-0.15811388300841897,0.28571428571428575,0.695440672973164,None + Linear-SVM,unconscious,unconscious,False,Image,False,3,1,3,2
1989,sub-01,rh-inferiorparietal,0.66,0.2182178902359924,0.5,0.657686043813291,None + Linear-SVM,unconscious,unconscious,False,Image,False,4,2,3,1
1990,sub-01,rh-inferiorparietal,0.3884297520661157,-0.5163977794943223,0.0,0.745351055253093,None + Linear-SVM,unconscious,unconscious,False,Image,False,3,0,6,2
1991,sub-01,rh-inferiorparietal,0.5443786982248521,0.09759000729485333,0.5714285714285715,0.6915193963923563,None + Linear-SVM,unconscious,unconscious,False,Image,False,3,4,4,2
1992,sub-01,rh-inferiorparietal,0.2275,-0.12598815766974242,0.3809523809523809,0.8163631157467736,None + Linear-SVM,unconscious,unconscious,False,Image,False,3,4,11,2
1993,sub-01,rh-inferiorparietal,0.5785123966942148,0.1,0.5454545454545454,0.6794001206319434,None + Linear-SVM,unconscious,unconscious,False,Image,False,3,3,3,2
1994,sub-01,rh-inferiorparietal,0.4444444444444445,0.0,0.5,0.7317958381348814,None + Linear-SVM,unconscious,unconscious,False,Image,False,3,4,6,2
1995,sub-01,rh-inferiorparietal,0.42011834319526625,-0.025,0.4615384615384615,0.7314220017654444,None + Linear-SVM,unconscious,unconscious,False,Image,False,3,3,5,2
1996,sub-01,rh-inferiorparietal,0.4049586776859504,-0.06900655593423542,0.4,0.7367949869837634,None + Linear-SVM,unconscious,unconscious,False,Image,False,3,2,4,2
1997,sub-01,rh-inferiorparietal,0.8163265306122448,0.09128709291752768,0.4,0.6324495247758032,None + Linear-SVM,unconscious,unconscious,False,Image,False,3,1,1,2
1998,sub-01,rh-inferiorparietal,0.3846153846153846,0.09759000729485333,0.5714285714285715,0.7584658473509589,None + Linear-SVM,unconscious,unconscious,False,Image,False,3,4,4,2
1999,sub-01,rh-inferiorparietal,0.49,0.0,0.4444444444444445,0.7283428392252397,None + Linear-SVM,unconscious,unconscious,False,Image,False,3,2,3,2
2000,sub-01,rh-inferiorparietal,0.43359375,0.13483997249264842,0.631578947368421,0.7183978756816587,None + Linear-SVM,unconscious,unconscious,False,Image,False,3,6,5,2
2001,sub-01,rh-inferiorparietal,0.4378698224852071,-0.025,0.4615384615384615,0.7255011846706825,None + Linear-SVM,unconscious,unconscious,False,Image,False,3,3,5,2
2002,sub-01,rh-inferiorparietal,0.62,0.0,0.4444444444444445,0.6760564909118271,None + Linear-SVM,unconscious,unconscious,False,Image,False,3,2,3,2
2003,sub-01,rh-inferiorparietal,0.6699999999999999,0.2,0.6,0.6492925154258831,None + Linear-SVM,unconscious,unconscious,False,Image,False,3,3,2,2
2004,sub-01,rh-inferiorparietal,0.28888888888888886,-0.35355339059327373,0.15384615384615383,0.8024741315775795,None + Linear-SVM,unconscious,unconscious,False,Image,False,3,1,9,2
2005,sub-01,rh-inferiorparietal,0.5867768595041323,0.1,0.5454545454545454,0.6886068831137082,None + Linear-SVM,unconscious,unconscious,False,Image,False,3,3,3,2
2006,sub-01,rh-inferiorparietal,0.35502958579881655,-0.025,0.4615384615384615,0.7599772395070394,None + Linear-SVM,unconscious,unconscious,False,Image,False,3,3,5,2
2007,sub-01,rh-inferiorparietal,0.49382716049382713,-0.15811388300841897,0.28571428571428575,0.7255502898905181,None + Linear-SVM,unconscious,unconscious,False,Image,False,3,1,3,2
2008,sub-01,rh-inferiorparietal,0.44387755102040816,0.04303314829119352,0.5333333333333333,0.7341340025812009,None + Linear-SVM,unconscious,unconscious,False,Image,False,3,4,5,2
2009,sub-01,rh-inferiorparietal,0.47337278106508873,0.3,0.6153846153846154,0.6950835794639395,None + Linear-SVM,unconscious,unconscious,False,Image,False,4,4,4,1
2010,sub-01,rh-inferiorparietal,0.5308641975308642,-0.15811388300841897,0.28571428571428575,0.6937215474521304,None + Linear-SVM,unconscious,unconscious,False,Image,False,3,1,3,2
2011,sub-01,rh-inferiorparietal,0.67,0.408248290463863,0.6666666666666665,0.6569522991252237,None + Linear-SVM,unconscious,unconscious,False,Image,False,4,3,2,1
2012,sub-01,rh-inferiorparietal,0.4375,0.02857142857142857,0.5,0.7218265613305087,None + Linear-SVM,unconscious,unconscious,False,Image,False,3,3,4,2
2013,sub-01,rh-inferiorparietal,0.4097222222222222,0.02857142857142857,0.5,0.7326262115295946,None + Linear-SVM,unconscious,unconscious,False,Image,False,3,3,4,2
2014,sub-01,rh-inferiorparietal,0.359375,0.13483997249264842,0.631578947368421,0.7429804713549382,None + Linear-SVM,unconscious,unconscious,False,Image,False,3,6,5,2
2015,sub-01,rh-inferiorparietal,0.4380165289256198,-0.06900655593423542,0.4,0.7344831638370962,None + Linear-SVM,unconscious,unconscious,False,Image,False,3,2,4,2
2016,sub-01,rh-inferiorparietal,0.54,0.0,0.4444444444444445,0.6970203942973161,None + Linear-SVM,unconscious,unconscious,False,Image,False,3,2,3,2
2017,sub-01,rh-inferiorparietal,0.703125,-0.3333333333333333,0.0,0.6730775806481512,None + Linear-SVM,unconscious,unconscious,False,Image,False,4,0,2,2
2018,sub-01,rh-inferiorparietal,0.3826530612244898,-0.09128709291752768,0.3333333333333333,0.7397754539945993,None + Linear-SVM,unconscious,unconscious,False,Image,False,4,2,6,2
2019,sub-01,rh-inferiorparietal,0.39889196675900274,0.1207011373963169,0.5714285714285714,0.7267013467900079,None + Linear-SVM,unconscious,unconscious,False,Image,False,4,6,7,2
2020,sub-01,rh-inferiorparietal,0.42666666666666664,0.05455447255899809,0.5882352941176471,0.7216856384038187,None + Linear-SVM,unconscious,unconscious,False,Image,False,3,5,4,3
2021,sub-01,rh-inferiorparietal,0.5,-0.5773502691896258,0.0,0.6920369714397855,None + Linear-SVM,unconscious,unconscious,False,Image,False,2,0,2,4
2022,sub-01,rh-inferiorparietal,0.5206611570247934,-0.14907119849998599,0.25,0.7077217306290173,None + Linear-SVM,unconscious,unconscious,False,Image,False,4,1,4,2
2023,sub-01,rh-inferiorparietal,0.35714285714285715,0.04303314829119352,0.4615384615384615,0.7411562576170371,None + Linear-SVM,unconscious,unconscious,False,Image,False,4,3,5,2
2024,sub-01,rh-inferiorparietal,0.5206611570247933,0.06900655593423542,0.4444444444444445,0.6958810521680446,None + Linear-SVM,unconscious,unconscious,False,Image,False,4,2,3,2
2025,sub-01,rh-inferiorparietal,0.41326530612244894,0.16666666666666666,0.5714285714285715,0.7192408244584957,None + Linear-SVM,unconscious,unconscious,False,Image,False,4,4,4,2
2026,sub-01,rh-inferiorparietal,0.3911111111111111,-0.12309149097933272,0.30769230769230765,0.7291800480050435,None + Linear-SVM,unconscious,unconscious,False,Image,False,4,2,7,2
2027,sub-01,rh-inferiorparietal,0.4319526627218935,-0.05143444998736397,0.36363636363636365,0.7182396703195633,None + Linear-SVM,unconscious,unconscious,False,Image,False,4,2,5,2
2028,sub-01,rh-inferiorparietal,0.5555555555555556,0.1690308509457033,0.5454545454545454,0.686671556033574,None + Linear-SVM,unconscious,unconscious,False,Image,False,4,3,3,2
2029,sub-01,rh-inferiorparietal,0.3079584775086506,0.04351941398892446,0.6,0.7547081891018819,None + Linear-SVM,unconscious,unconscious,False,Image,False,3,6,5,3
2030,sub-01,rh-inferiorparietal,0.4958677685950414,0.06900655593423542,0.4444444444444445,0.6976852018431633,None + Linear-SVM,unconscious,unconscious,False,Image,False,4,2,3,2
2031,sub-01,rh-inferiorparietal,0.4222222222222223,0.1111111111111111,0.5333333333333333,0.7235653462020701,None + Linear-SVM,unconscious,unconscious,False,Image,False,4,4,5,2
2032,sub-01,rh-inferiorparietal,0.6736111111111112,0.3333333333333333,0.6666666666666666,0.6619958082393554,None + Linear-SVM,unconscious,unconscious,False,Image,False,4,4,2,2
2033,sub-01,rh-inferiorparietal,0.4930555555555556,-0.19245008972987526,0.2222222222222222,0.7040514261763687,None + Linear-SVM,unconscious,unconscious,False,Image,False,4,1,5,2
2034,sub-01,rh-inferiorparietal,0.23582766439909297,-0.09128709291752768,0.5,0.7823288023366546,None + Linear-SVM,unconscious,unconscious,False,Image,False,3,6,9,3
2035,sub-01,rh-inferiorparietal,0.3046875,0.09759000729485331,0.631578947368421,0.7520389722687351,None + Linear-SVM,unconscious,unconscious,False,Image,False,3,6,4,3
2036,sub-01,rh-inferiorparietal,0.49,-0.0890870806374748,0.28571428571428575,0.7056801103052165,None + Linear-SVM,unconscious,unconscious,False,Image,False,4,1,3,2
2037,sub-01,rh-inferiorparietal,0.5950413223140496,0.06900655593423542,0.4444444444444445,0.6822710209296772,None + Linear-SVM,unconscious,unconscious,False,Image,False,4,2,3,2
2038,sub-01,rh-inferiorparietal,0.32638888888888884,-0.3333333333333333,0.3333333333333333,0.7460043867975373,None + Linear-SVM,unconscious,unconscious,False,Image,False,2,2,4,4
2039,sub-01,rh-inferiorparietal,0.5,0.04303314829119352,0.4615384615384615,0.708263261131786,None + Linear-SVM,unconscious,unconscious,False,Image,False,4,3,5,2
2040,sub-01,rh-inferiorparietal,0.22675736961451248,-0.09128709291752768,0.5,0.8146457006446075,None + Linear-SVM,unconscious,unconscious,False,Image,False,3,6,9,3
2041,sub-01,rh-inferiorparietal,0.5138888888888888,0.1690308509457033,0.5454545454545454,0.6959984329052595,None + Linear-SVM,unconscious,unconscious,False,Image,False,4,3,3,2
2042,sub-01,rh-inferiorparietal,0.40234375,0.0,0.5555555555555556,0.7355078682566333,None + Linear-SVM,unconscious,unconscious,False,Image,False,3,5,5,3
2043,sub-01,rh-inferiorparietal,0.29591836734693877,-0.28867513459481287,0.39999999999999997,0.7507798325229613,None + Linear-SVM,unconscious,unconscious,False,Image,False,2,3,5,4
2044,sub-01,rh-inferiorparietal,0.3680555555555556,-0.1690308509457033,0.3636363636363636,0.7423605889080159,None + Linear-SVM,unconscious,unconscious,False,Image,False,3,2,4,3
2045,sub-01,rh-inferiorparietal,0.65625,-0.2182178902359924,0.0,0.6544144936113746,None + Linear-SVM,unconscious,unconscious,False,Image,False,5,0,2,1
2046,sub-01,rh-inferiorparietal,0.34183673469387754,0.0,0.5333333333333333,0.7577226049505718,None + Linear-SVM,unconscious,unconscious,False,Image,False,3,4,4,3
2047,sub-01,rh-inferiorparietal,0.4049586776859504,-0.1,0.4000000000000001,0.7397335520016217,None + Linear-SVM,unconscious,unconscious,False,Image,False,3,2,3,3
2048,sub-01,rh-inferiorparietal,0.4325259515570934,0.11769797726729993,0.5555555555555556,0.7214354774741406,None + Linear-SVM,unconscious,unconscious,False,Image,False,4,5,6,2
2049,sub-01,rh-inferiorparietal,0.37755102040816324,-0.125,0.42857142857142855,0.7335611386512421,None + Linear-SVM,unconscious,unconscious,False,Image,False,3,3,5,3
2050,sub-01,rh-inferiorparietal,0.5619834710743802,0.06900655593423542,0.4444444444444445,0.6888340163772847,None + Linear-SVM,unconscious,unconscious,False,Image,False,4,2,3,2
2051,sub-01,rh-inferiorparietal,0.6446280991735538,0.06900655593423542,0.4444444444444445,0.6652033792938343,None + Linear-SVM,unconscious,unconscious,False,Image,False,4,2,3,2
2052,sub-01,rh-inferiorparietal,0.19921875,-0.4666666666666667,0.25,0.8005099200112391,None + Linear-SVM,unconscious,unconscious,False,Image,False,2,2,8,4
2053,sub-01,rh-inferiorparietal,0.5277777777777778,0.1690308509457033,0.5454545454545454,0.7027565722710959,None + Linear-SVM,unconscious,unconscious,False,Image,False,4,3,3,2
2054,sub-01,rh-inferiorparietal,0.3163265306122449,-0.125,0.42857142857142855,0.7677387785265449,None + Linear-SVM,unconscious,unconscious,False,Image,False,3,3,5,3
2055,sub-01,rh-inferiorparietal,0.44,-0.25,0.25,0.7377748231488385,None + Linear-SVM,unconscious,unconscious,False,Image,False,3,1,3,3
2056,sub-01,rh-inferiorparietal,0.3555555555555555,0.1111111111111111,0.5333333333333333,0.7464815718580857,None + Linear-SVM,unconscious,unconscious,False,Image,False,4,4,5,2
2057,sub-01,rh-inferiorparietal,0.4591836734693878,0.16666666666666666,0.5714285714285715,0.7024667644611745,None + Linear-SVM,unconscious,unconscious,False,Image,False,4,4,4,2
2058,sub-01,rh-inferiorparietal,0.53,0.0,0.4444444444444445,0.7041572602776123,None + Linear-SVM,unconscious,unconscious,False,Image,False,3,2,2,3
2059,sub-01,rh-inferiorparietal,0.6859504132231404,0.26666666666666666,0.6,0.6684741101396012,None + Linear-SVM,unconscious,unconscious,False,Image,False,4,3,2,2
2060,sub-01,rh-inferiorparietal,0.4556213017751479,0.07142857142857142,0.5714285714285714,0.721204343681478,None + Linear-SVM,unconscious,unconscious,False,Image,False,3,4,3,3
2061,sub-01,rh-inferiorparietal,0.3609467455621302,-0.07142857142857142,0.4615384615384615,0.7434774991653865,None + Linear-SVM,unconscious,unconscious,False,Image,False,3,3,4,3
2062,sub-01,rh-inferiorparietal,0.33564013840830453,0.030303030303030304,0.4705882352941177,0.7468711265374385,None + Linear-SVM,unconscious,unconscious,False,Image,False,4,4,7,2
2063,sub-01,rh-inferiorparietal,0.3680555555555556,-0.1690308509457033,0.3636363636363636,0.737651970509711,None + Linear-SVM,unconscious,unconscious,False,Image,False,3,2,4,3
2064,sub-01,rh-inferiorparietal,0.5619834710743802,0.06900655593423542,0.4444444444444445,0.701273720760036,None + Linear-SVM,unconscious,unconscious,False,Image,False,4,2,3,2
2065,sub-01,rh-inferiorparietal,0.6944444444444445,-0.4472135954999579,0.0,0.6359708483795796,None + Linear-SVM,unconscious,unconscious,False,Image,False,4,0,2,6
2066,sub-01,rh-inferiorparietal,0.5061728395061729,-0.125,0.375,0.696990495267637,None + Linear-SVM,unconscious,unconscious,False,Image,False,5,3,5,5
2067,sub-01,rh-inferiorparietal,0.5765595463137996,0.46923076923076923,0.7692307692307693,0.6829239933873031,None + Linear-SVM,unconscious,unconscious,False,Image,False,7,10,3,3
2068,sub-01,rh-inferiorparietal,0.5512465373961218,0.044946657497549475,0.47058823529411764,0.683103140991525,None + Linear-SVM,unconscious,unconscious,False,Image,False,6,4,5,4
2069,sub-01,rh-inferiorparietal,0.6666666666666666,-0.5291502622129182,0.0,0.6380559450963018,None + Linear-SVM,unconscious,unconscious,False,Image,False,3,0,2,7
2070,sub-01,rh-inferiorparietal,0.6666666666666666,-0.09449111825230681,0.3333333333333333,0.6542489148352025,None + Linear-SVM,unconscious,unconscious,False,Image,False,5,2,3,5
2071,sub-01,rh-inferiorparietal,0.5679012345679012,0.20385887657505022,0.5333333333333333,0.6905570603494811,None + Linear-SVM,unconscious,unconscious,False,Image,False,7,4,4,3
2072,sub-01,rh-inferiorparietal,0.7377777777777779,0.4,0.6,0.6461856334116579,None + Linear-SVM,unconscious,unconscious,False,Image,False,8,3,2,2
2073,sub-01,rh-inferiorparietal,0.5864197530864197,0.20385887657505022,0.5333333333333333,0.6766348035495983,None + Linear-SVM,unconscious,unconscious,False,Image,False,7,4,4,3
2074,sub-01,rh-inferiorparietal,0.5152354570637119,0.044946657497549475,0.47058823529411764,0.6918802202349724,None + Linear-SVM,unconscious,unconscious,False,Image,False,6,4,5,4
2075,sub-01,rh-inferiorparietal,0.5536332179930796,-0.21428571428571427,0.2857142857142857,0.6774740367298167,None + Linear-SVM,unconscious,unconscious,False,Image,False,5,2,5,5
2076,sub-01,rh-inferiorparietal,0.7109375,0.3578300267477955,0.6153846153846153,0.6410847528819977,None + Linear-SVM,unconscious,unconscious,False,Image,False,7,4,2,3
2077,sub-01,rh-inferiorparietal,0.4965986394557823,0.14545454545454545,0.5714285714285713,0.7042931727349183,None + Linear-SVM,unconscious,unconscious,False,Image,False,6,6,5,4
2078,sub-01,rh-inferiorparietal,0.6577777777777778,0.1,0.4000000000000001,0.656520903481833,None + Linear-SVM,unconscious,unconscious,False,Image,False,7,2,3,3
2079,sub-01,rh-inferiorparietal,0.6066481994459834,0.2584432806109095,0.5882352941176471,0.6729479763498936,None + Linear-SVM,unconscious,unconscious,False,Image,False,7,5,4,3
2080,sub-01,rh-inferiorparietal,0.7734375,0.4666666666666667,0.6666666666666666,0.6311170803851109,None + Linear-SVM,unconscious,unconscious,False,Image,False,8,4,2,2
2081,sub-01,rh-inferiorparietal,0.61328125,0.0,0.42857142857142855,0.6640760862446538,None + Linear-SVM,unconscious,unconscious,False,Image,False,5,3,3,5
2082,sub-01,rh-inferiorparietal,0.3968,-0.09869275424396534,0.4615384615384615,0.7384894664172975,None + Linear-SVM,unconscious,unconscious,False,Image,False,5,6,9,5
2083,sub-01,rh-inferiorparietal,0.49000000000000005,0.0,0.4444444444444445,0.7035483670157399,None + Linear-SVM,unconscious,unconscious,False,Image,False,6,4,6,4
2084,sub-01,rh-inferiorparietal,0.6530612244897959,0.055048188256318034,0.28571428571428575,0.6558285205674645,None + Linear-SVM,unconscious,unconscious,False,Image,False,8,1,3,2
2085,sub-01,rh-inferiorparietal,0.7466666666666667,0.28867513459481287,0.5454545454545454,0.6335998488592796,None + Linear-SVM,unconscious,unconscious,False,Image,False,7,3,2,3
2086,sub-01,rh-inferiorparietal,0.52734375,-0.42289003161103106,0.15384615384615383,0.6917303871404656,None + Linear-SVM,unconscious,unconscious,False,Image,False,4,1,5,6
2087,sub-01,rh-inferiorparietal,0.6419753086419753,0.20385887657505022,0.5333333333333333,0.6614071562196489,None + Linear-SVM,unconscious,unconscious,False,Image,False,7,4,4,3
2088,sub-01,rh-inferiorparietal,0.3712,-0.09869275424396534,0.4615384615384615,0.7612020930936092,None + Linear-SVM,unconscious,unconscious,False,Image,False,5,6,9,5
2089,sub-01,rh-inferiorparietal,0.6796875,0.3133397807202561,0.5454545454545454,0.6475707774313024,None + Linear-SVM,unconscious,unconscious,False,Image,False,8,3,3,2
2090,sub-01,rh-inferiorparietal,0.5925,0.2041241452319315,0.5555555555555556,0.6832744011590766,None + Linear-SVM,unconscious,unconscious,False,Image,False,7,5,5,3
2091,sub-01,rh-inferiorparietal,0.5277777777777777,-0.125,0.375,0.6873698148618147,None + Linear-SVM,unconscious,unconscious,False,Image,False,5,3,5,5
2092,sub-01,rh-inferiorparietal,0.546875,-0.2581988897471611,0.28571428571428575,0.6842751562646211,None + Linear-SVM,unconscious,unconscious,False,Image,False,4,2,4,6
2093,sub-01,rh-inferiorparietal,0.8125,-0.15811388300841897,0.2,0.6113981098845346,None + Linear-SVM,unconscious,unconscious,False,Image,False,3,1,1,7
2094,sub-01,rh-inferiorparietal,0.5401234567901234,0.1,0.5,0.7111413331989171,None + Linear-SVM,unconscious,unconscious,False,Image,False,6,4,4,4
2095,sub-01,rh-inferiorparietal,0.64,0.21320071635561041,0.4444444444444445,0.674889475411434,None + Linear-SVM,unconscious,unconscious,False,Image,False,8,2,3,2
2096,sub-01,rh-inferiorparietal,0.5963718820861678,0.42727272727272725,0.7272727272727273,0.6810889636667385,None + Linear-SVM,unconscious,unconscious,False,Image,False,7,8,3,3
2097,sub-01,rh-inferiorparietal,0.5339506172839505,-0.125,0.375,0.6918855560769624,None + Linear-SVM,unconscious,unconscious,False,Image,False,5,3,5,5
2098,sub-01,rh-inferiorparietal,0.7022222222222222,0.18898223650461363,0.5,0.6466810971217526,None + Linear-SVM,unconscious,unconscious,False,Image,False,6,3,2,4
2099,sub-01,rh-inferiorparietal,0.7644444444444445,0.28867513459481287,0.5454545454545454,0.6208460625837263,None + Linear-SVM,unconscious,unconscious,False,Image,False,7,3,2,3
2100,sub-01,rh-inferiorparietal,0.375,-0.4,0.3,0.748970340039922,None + Linear-SVM,unconscious,unconscious,False,Image,False,3,3,7,7
2101,sub-01,rh-inferiorparietal,0.6640625,0.0,0.42857142857142855,0.6597594627209569,None + Linear-SVM,unconscious,unconscious,False,Image,False,5,3,3,5
2102,sub-01,rh-inferiorparietal,0.441358024691358,-0.22360679774997896,0.35294117647058826,0.7315870929052886,None + Linear-SVM,unconscious,unconscious,False,Image,False,4,3,5,6
2103,sub-01,rh-inferiorparietal,0.6428571428571429,-0.22821773229381923,0.2,0.6688829275010659,None + Linear-SVM,unconscious,unconscious,False,Image,False,5,1,3,5
2104,sub-01,rh-inferiorparietal,0.5401662049861495,0.044946657497549475,0.47058823529411764,0.7008741003663919,None + Linear-SVM,unconscious,unconscious,False,Image,False,6,4,5,4
2105,sub-01,rh-inferiorparietal,0.6882716049382716,0.4332001127219817,0.6666666666666666,0.665529378487014,None + Linear-SVM,unconscious,unconscious,False,Image,False,8,5,3,2
2106,sub-01,rh-inferiorparietal,0.6938775510204082,0.0,0.36363636363636365,0.6560195828916496,None + Linear-SVM,unconscious,unconscious,False,Image,False,5,2,2,5
2107,sub-01,rh-inferiorparietal,0.7644444444444445,0.4,0.6,0.6307078124506158,None + Linear-SVM,unconscious,unconscious,False,Image,False,8,3,2,2
2108,sub-01,rh-inferiorparietal,0.5674740484429066,-0.07042952122737638,0.39999999999999997,0.6788538457318574,None + Linear-SVM,unconscious,unconscious,False,Image,False,5,3,4,5
2109,sub-01,rh-inferiorparietal,0.5536332179930796,-0.07042952122737638,0.39999999999999997,0.6904886939363979,None + Linear-SVM,unconscious,unconscious,False,Image,False,5,3,4,5
2110,sub-01,rh-inferiorparietal,0.5306122448979591,0.33636363636363636,0.6666666666666666,0.7000499637728058,None + Linear-SVM,unconscious,unconscious,False,Image,False,7,7,4,3
2111,sub-01,rh-inferiorparietal,0.5390625,-0.2581988897471611,0.28571428571428575,0.6900014430061024,None + Linear-SVM,unconscious,unconscious,False,Image,False,4,2,4,6
2112,sub-01,rh-inferiorparietal,0.7066666666666667,0.09449111825230681,0.4615384615384615,0.6540142322804227,None + Linear-SVM,unconscious,unconscious,False,Image,False,5,3,2,5
2113,sub-01,rh-inferiorparietal,0.40625,-0.5773502691896258,0.0,0.7074234276815149,None + Linear-SVM,unconscious,unconscious,False,Image,False,2,0,2,4
2114,sub-01,rh-inferiorparietal,0.30612244897959184,-0.28867513459481287,0.39999999999999997,0.7479803606280173,None + Linear-SVM,unconscious,unconscious,False,Image,False,2,3,5,4
2115,sub-01,rh-inferiorparietal,0.3213296398891967,-0.03580574370197164,0.5454545454545455,0.7378500619807997,None + Linear-SVM,unconscious,unconscious,False,Image,False,3,6,7,3
2116,sub-01,rh-inferiorparietal,0.31555555555555553,0.0,0.42857142857142855,0.7447765958108108,None + Linear-SVM,unconscious,unconscious,False,Image,False,4,3,6,2
2117,sub-01,rh-inferiorparietal,0.375,-0.5773502691896258,0.0,0.7174197044070696,None + Linear-SVM,unconscious,unconscious,False,Image,False,2,0,2,4
2118,sub-01,rh-inferiorparietal,0.36363636363636365,-0.4666666666666667,0.20000000000000004,0.725515432038988,None + Linear-SVM,unconscious,unconscious,False,Image,False,2,1,4,4
2119,sub-01,rh-inferiorparietal,0.336734693877551,0.16666666666666666,0.5714285714285715,0.7494893353582236,None + Linear-SVM,unconscious,unconscious,False,Image,False,4,4,4,2
2120,sub-01,rh-inferiorparietal,0.4462809917355372,-0.1,0.4000000000000001,0.7125232209020165,None + Linear-SVM,unconscious,unconscious,False,Image,False,3,2,3,3
2121,sub-01,rh-inferiorparietal,0.3571428571428571,0.04303314829119352,0.4615384615384615,0.7322520733219201,None + Linear-SVM,unconscious,unconscious,False,Image,False,4,3,5,2
2122,sub-01,rh-inferiorparietal,0.26222222222222225,-0.4444444444444444,0.26666666666666666,0.7455968750690742,None + Linear-SVM,unconscious,unconscious,False,Image,False,2,2,7,4
2123,sub-01,rh-inferiorparietal,0.3195266272189349,-0.21957751641341997,0.3333333333333333,0.7391517367730043,None + Linear-SVM,unconscious,unconscious,False,Image,False,3,2,5,3
2124,sub-01,rh-inferiorparietal,0.3958333333333333,-0.1690308509457033,0.3636363636363636,0.7178320072024292,None + Linear-SVM,unconscious,unconscious,False,Image,False,3,2,4,3
2125,sub-01,rh-inferiorparietal,0.2906574394463668,-0.13241022442571243,0.4444444444444444,0.7565982527868187,None + Linear-SVM,unconscious,unconscious,False,Image,False,3,4,7,3
2126,sub-01,rh-inferiorparietal,0.39669421487603307,-0.3105295017040594,0.22222222222222224,0.7191347490017519,None + Linear-SVM,unconscious,unconscious,False,Image,False,3,1,4,3
2127,sub-01,rh-inferiorparietal,0.3511111111111111,0.0,0.42857142857142855,0.7329103995686795,None + Linear-SVM,unconscious,unconscious,False,Image,False,4,3,6,2
2128,sub-01,rh-inferiorparietal,0.5833333333333334,0.3333333333333333,0.6666666666666666,0.6835443577516435,None + Linear-SVM,unconscious,unconscious,False,Image,False,4,4,2,2
2129,sub-01,rh-inferiorparietal,0.3402777777777778,-0.1690308509457033,0.3636363636363636,0.7245464473371411,None + Linear-SVM,unconscious,unconscious,False,Image,False,3,2,4,3
2130,sub-01,rh-inferiorparietal,0.1927437641723356,-0.2412090756622109,0.48,0.7868586773363487,None + Linear-SVM,unconscious,unconscious,False,Image,False,2,6,9,4
2131,sub-01,rh-inferiorparietal,0.2265625,-0.2581988897471611,0.4444444444444445,0.7642532790454761,None + Linear-SVM,unconscious,unconscious,False,Image,False,2,4,6,4
2132,sub-01,rh-inferiorparietal,0.36,-0.25,0.25,0.7277595495927294,None + Linear-SVM,unconscious,unconscious,False,Image,False,3,1,3,3
2133,sub-01,rh-inferiorparietal,0.47107438016528924,0.06900655593423542,0.4444444444444445,0.695580755454407,None + Linear-SVM,unconscious,unconscious,False,Image,False,4,2,3,2
2134,sub-01,rh-inferiorparietal,0.3055555555555556,-0.7071067811865476,0.0,0.7584796427046578,None + Linear-SVM,unconscious,unconscious,False,Image,False,2,0,6,4
2135,sub-01,rh-inferiorparietal,0.423469387755102,0.0,0.5333333333333333,0.7185544832765333,None + Linear-SVM,unconscious,unconscious,False,Image,False,3,4,4,3
2136,sub-01,rh-inferiorparietal,0.17460317460317462,-0.3721042037676254,0.3478260869565218,0.8230121384955172,None + Linear-SVM,unconscious,unconscious,False,Image,False,2,4,11,4
2137,sub-01,rh-inferiorparietal,0.41666666666666674,0.1690308509457033,0.5454545454545454,0.7148269784204655,None + Linear-SVM,unconscious,unconscious,False,Image,False,4,3,3,2
2138,sub-01,rh-inferiorparietal,0.359375,-0.09759000729485331,0.47058823529411764,0.7475662912506393,None + Linear-SVM,unconscious,unconscious,False,Image,False,3,4,6,3
2139,sub-01,rh-inferiorparietal,0.3061224489795918,-0.28867513459481287,0.39999999999999997,0.753285244138244,None + Linear-SVM,unconscious,unconscious,False,Image,False,2,3,5,4
2140,sub-01,rh-inferiorparietal,0.3194444444444444,-0.50709255283711,0.1818181818181818,0.7560086010995182,None + Linear-SVM,unconscious,unconscious,False,Image,False,2,1,5,4
2141,sub-01,rh-inferiorparietal,0.546875,-0.3333333333333333,0.0,0.6799999892223746,None + Linear-SVM,unconscious,unconscious,False,Image,False,4,0,2,2
2142,sub-01,rh-inferiorparietal,0.26530612244897955,-0.125,0.42857142857142855,0.7761718953067869,None + Linear-SVM,unconscious,unconscious,False,Image,False,3,3,5,3
2143,sub-01,rh-inferiorparietal,0.36363636363636365,-0.1,0.4000000000000001,0.751553263249279,None + Linear-SVM,unconscious,unconscious,False,Image,False,3,2,3,3
2144,sub-01,rh-inferiorparietal,0.34602076124567477,0.11769797726729993,0.5555555555555556,0.7330383943225185,None + Linear-SVM,unconscious,unconscious,False,Image,False,4,5,6,2
2145,sub-01,rh-inferiorparietal,0.3826530612244898,-0.28867513459481287,0.39999999999999997,0.7446892759888862,None + Linear-SVM,unconscious,unconscious,False,Image,False,2,3,5,4
2146,sub-01,rh-inferiorparietal,0.4380165289256198,-0.1,0.4000000000000001,0.7086961357608885,None + Linear-SVM,unconscious,unconscious,False,Image,False,3,2,3,3
2147,sub-01,rh-inferiorparietal,0.5041322314049587,0.06900655593423542,0.4444444444444445,0.6934312281154085,None + Linear-SVM,unconscious,unconscious,False,Image,False,4,2,3,2
2148,sub-01,rh-inferiorparietal,0.203125,-0.4666666666666667,0.25,0.8099401045658584,None + Linear-SVM,unconscious,unconscious,False,Image,False,2,2,8,4
2149,sub-01,rh-inferiorparietal,0.4305555555555556,0.0,0.4,0.7190210665456148,None + Linear-SVM,unconscious,unconscious,False,Image,False,4,2,4,2
2150,sub-01,rh-inferiorparietal,0.23979591836734693,-0.5594309277855158,0.15384615384615385,0.7851922560156771,None + Linear-SVM,unconscious,unconscious,False,Image,False,2,1,7,4
2151,sub-01,rh-inferiorparietal,0.32,-0.408248290463863,0.22222222222222224,0.7511794002171719,None + Linear-SVM,unconscious,unconscious,False,Image,False,2,1,3,4
2152,sub-01,rh-inferiorparietal,0.3288888888888889,-0.05455447255899809,0.5,0.7543421329938585,None + Linear-SVM,unconscious,unconscious,False,Image,False,3,4,5,3
2153,sub-01,rh-inferiorparietal,0.4336734693877551,0.16666666666666666,0.5714285714285715,0.7208157311268809,None + Linear-SVM,unconscious,unconscious,False,Image,False,4,4,4,2
2154,sub-01,rh-inferiorparietal,0.45999999999999996,-0.0890870806374748,0.28571428571428575,0.7224187580987637,None + Linear-SVM,unconscious,unconscious,False,Image,False,4,1,3,2
2155,sub-01,rh-inferiorparietal,0.47107438016528924,0.06900655593423542,0.4444444444444445,0.6912397423673634,None + Linear-SVM,unconscious,unconscious,False,Image,False,4,2,3,2
2156,sub-01,rh-inferiorparietal,0.3195266272189349,-0.5367450401216932,0.16666666666666666,0.7339304306257384,None + Linear-SVM,unconscious,unconscious,False,Image,False,2,1,6,4
2157,sub-01,rh-inferiorparietal,0.3431952662721893,-0.38095238095238093,0.30769230769230765,0.7488821333546324,None + Linear-SVM,unconscious,unconscious,False,Image,False,2,2,5,4
2158,sub-01,rh-inferiorparietal,0.23529411764705885,-0.13241022442571243,0.4444444444444444,0.7651653359768912,None + Linear-SVM,unconscious,unconscious,False,Image,False,3,4,7,3
2159,sub-01,rh-inferiorparietal,0.3333333333333333,-0.3333333333333333,0.3333333333333333,0.7552714137409077,None + Linear-SVM,unconscious,unconscious,False,Image,False,2,2,4,4
2160,sub-01,rh-inferiorparietal,0.4380165289256198,-0.1,0.4000000000000001,0.7186592605564237,None + Linear-SVM,unconscious,unconscious,False,Image,False,3,2,3,3
2161,sub-01,rh-inferiorparietal,0.7024793388429753,-0.5163977794943223,0.0,0.6494321223898658,None + Linear-SVM,unconscious,unconscious,False,Image,False,3,0,2,6
2162,sub-01,rh-inferiorparietal,0.4809688581314879,-0.18055555555555555,0.375,0.7057544928771109,None + Linear-SVM,unconscious,unconscious,False,Image,False,4,3,5,5
2163,sub-01,rh-inferiorparietal,0.4690082644628099,0.016878989451394443,0.5217391304347826,0.7043907766898257,None + Linear-SVM,unconscious,unconscious,False,Image,False,5,6,7,4
2164,sub-01,rh-inferiorparietal,0.5308641975308642,-0.1111111111111111,0.4444444444444444,0.6948472843820772,None + Linear-SVM,unconscious,unconscious,False,Image,False,4,4,5,5
2165,sub-01,rh-inferiorparietal,0.7024793388429752,-0.6236095644623235,0.0,0.6474370470063997,None + Linear-SVM,unconscious,unconscious,False,Image,False,2,0,2,7
2166,sub-01,rh-inferiorparietal,0.5867346938775511,-0.34426518632954817,0.1818181818181818,0.6733485459095724,None + Linear-SVM,unconscious,unconscious,False,Image,False,4,1,4,5
2167,sub-01,rh-inferiorparietal,0.5640138408304498,0.1690308509457033,0.5333333333333333,0.6995359724728463,None + Linear-SVM,unconscious,unconscious,False,Image,False,6,4,4,3
2168,sub-01,rh-inferiorparietal,0.6683673469387755,-0.04303314829119352,0.3636363636363636,0.6724509210247499,None + Linear-SVM,unconscious,unconscious,False,Image,False,5,2,3,4
2169,sub-01,rh-inferiorparietal,0.602076124567474,0.05555555555555555,0.5,0.6863238736973706,None + Linear-SVM,unconscious,unconscious,False,Image,False,5,4,4,4
2170,sub-01,rh-inferiorparietal,0.49074074074074076,-0.22360679774997896,0.35294117647058826,0.6963266078363527,None + Linear-SVM,unconscious,unconscious,False,Image,False,4,3,6,5
2171,sub-01,rh-inferiorparietal,0.55078125,-0.015873015873015872,0.42857142857142855,0.6879919855522207,None + Linear-SVM,unconscious,unconscious,False,Image,False,5,3,4,4
2172,sub-01,rh-inferiorparietal,0.7066666666666667,0.28867513459481287,0.5454545454545454,0.6565049142670581,None + Linear-SVM,unconscious,unconscious,False,Image,False,7,3,3,2
2173,sub-01,rh-inferiorparietal,0.45249999999999996,0.10050378152592121,0.5714285714285713,0.7213633438992908,None + Linear-SVM,unconscious,unconscious,False,Image,False,5,6,5,4
2174,sub-01,rh-inferiorparietal,0.6785714285714286,0.18856180831641267,0.4444444444444445,0.6635378529837045,None + Linear-SVM,unconscious,unconscious,False,Image,False,7,2,3,2
2175,sub-01,rh-inferiorparietal,0.5493827160493827,0.11396057645963795,0.5,0.6889208619069529,None + Linear-SVM,unconscious,unconscious,False,Image,False,6,4,5,3
2176,sub-01,rh-inferiorparietal,0.7955555555555556,0.4444444444444444,0.6666666666666666,0.6453209873377849,None + Linear-SVM,unconscious,unconscious,False,Image,False,7,4,2,2
2177,sub-01,rh-inferiorparietal,0.64,0.05455447255899809,0.4615384615384615,0.6695295949309052,None + Linear-SVM,unconscious,unconscious,False,Image,False,5,3,3,4
2178,sub-01,rh-inferiorparietal,0.3229166666666667,0.021591675854376522,0.5384615384615385,0.7490527244194229,None + Linear-SVM,unconscious,unconscious,False,Image,False,5,7,8,4
2179,sub-01,rh-inferiorparietal,0.4681440443213296,-0.05555555555555555,0.5,0.7124919978274684,None + Linear-SVM,unconscious,unconscious,False,Image,False,4,5,5,5
2180,sub-01,rh-inferiorparietal,0.6449704142011834,-0.08333333333333333,0.25,0.6672047485973208,None + Linear-SVM,unconscious,unconscious,False,Image,False,6,1,3,3
2181,sub-01,rh-inferiorparietal,0.7448979591836735,0.25819888974716115,0.5454545454545454,0.6520508747382697,None + Linear-SVM,unconscious,unconscious,False,Image,False,6,3,2,3
2182,sub-01,rh-inferiorparietal,0.42222222222222217,-0.600099198148979,0.14285714285714288,0.7039255951641203,None + Linear-SVM,unconscious,unconscious,False,Image,False,2,1,5,7
2183,sub-01,rh-inferiorparietal,0.6228373702422145,0.1690308509457033,0.5333333333333333,0.6754342988162458,None + Linear-SVM,unconscious,unconscious,False,Image,False,6,4,4,3
2184,sub-01,rh-inferiorparietal,0.3263888888888889,-0.15114173098063566,0.4615384615384615,0.7705680866975445,None + Linear-SVM,unconscious,unconscious,False,Image,False,4,6,9,5
2185,sub-01,rh-inferiorparietal,0.6711111111111111,0.28867513459481287,0.5454545454545454,0.66661216613824,None + Linear-SVM,unconscious,unconscious,False,Image,False,7,3,3,2
2186,sub-01,rh-inferiorparietal,0.5346260387811634,-0.044946657497549475,0.4444444444444445,0.7016060372603887,None + Linear-SVM,unconscious,unconscious,False,Image,False,5,4,6,4
2187,sub-01,rh-inferiorparietal,0.46020761245674746,-0.2916666666666667,0.35294117647058826,0.7076365376870225,None + Linear-SVM,unconscious,unconscious,False,Image,False,3,3,5,6
2188,sub-01,rh-inferiorparietal,0.5111111111111111,-0.21821789023599236,0.30769230769230765,0.6954512452792199,None + Linear-SVM,unconscious,unconscious,False,Image,False,4,2,4,5
2189,sub-01,rh-inferiorparietal,0.8264462809917354,0.0,0.0,0.6268841260035404,None + Linear-SVM,unconscious,unconscious,False,Image,False,9,0,2,0
2190,sub-01,rh-inferiorparietal,0.5570934256055363,0.1690308509457033,0.5333333333333333,0.7116143734171889,None + Linear-SVM,unconscious,unconscious,False,Image,False,6,4,4,3
2191,sub-01,rh-inferiorparietal,0.6683673469387754,0.3373495424699933,0.5,0.6815953817767684,None + Linear-SVM,unconscious,unconscious,False,Image,False,8,2,3,1
2192,sub-01,rh-inferiorparietal,0.5425,0.21212121212121213,0.6,0.6953646316106631,None + Linear-SVM,unconscious,unconscious,False,Image,False,6,6,5,3
2193,sub-01,rh-inferiorparietal,0.5190311418685122,-0.2916666666666667,0.35294117647058826,0.7002514835707481,None + Linear-SVM,unconscious,unconscious,False,Image,False,3,3,5,6
2194,sub-01,rh-inferiorparietal,0.7040816326530612,0.06666666666666667,0.4000000000000001,0.6594826938232691,None + Linear-SVM,unconscious,unconscious,False,Image,False,6,2,3,3
2195,sub-01,rh-inferiorparietal,0.7755102040816326,-0.06666666666666667,0.42857142857142855,0.6381207171878988,None + Linear-SVM,unconscious,unconscious,False,Image,False,3,3,2,6
2196,sub-01,rh-inferiorparietal,0.2853185595567867,-0.5777777777777777,0.2105263157894737,0.7608424609279762,None + Linear-SVM,unconscious,unconscious,False,Image,False,2,2,8,7
2197,sub-01,rh-inferiorparietal,0.68,-0.05455447255899809,0.42857142857142855,0.666043785983376,None + Linear-SVM,unconscious,unconscious,False,Image,False,4,3,3,5
2198,sub-01,rh-inferiorparietal,0.4221453287197232,-0.3098898934004561,0.26666666666666666,0.7292614585051351,None + Linear-SVM,unconscious,unconscious,False,Image,False,4,2,6,5
2199,sub-01,rh-inferiorparietal,0.6449704142011834,-0.2828894749305018,0.2,0.6842730592300286,None + Linear-SVM,unconscious,unconscious,False,Image,False,4,1,3,5
2200,sub-01,rh-inferiorparietal,0.5092592592592593,0.0,0.47058823529411764,0.7031161956093435,None + Linear-SVM,unconscious,unconscious,False,Image,False,5,4,5,4
2201,sub-01,rh-inferiorparietal,0.6366782006920415,0.408491223118783,0.6666666666666666,0.6766173842557263,None + Linear-SVM,unconscious,unconscious,False,Image,False,7,5,3,2
2202,sub-01,rh-inferiorparietal,0.6923076923076923,0.03042903097250923,0.28571428571428575,0.6655689335214833,None + Linear-SVM,unconscious,unconscious,False,Image,False,7,1,3,2
2203,sub-01,rh-inferiorparietal,0.8112244897959184,0.37777777777777777,0.6,0.6437376077434951,None + Linear-SVM,unconscious,unconscious,False,Image,False,7,3,2,2
2204,sub-01,rh-inferiorparietal,0.50390625,-0.2698412698412698,0.2857142857142857,0.6913741373976465,None + Linear-SVM,unconscious,unconscious,False,Image,False,4,2,5,5
2205,sub-01,rh-inferiorparietal,0.46484375,-0.2698412698412698,0.2857142857142857,0.7042445456465278,None + Linear-SVM,unconscious,unconscious,False,Image,False,4,2,5,5
2206,sub-01,rh-inferiorparietal,0.45749999999999996,0.010101010101010102,0.5,0.7202131566041556,None + Linear-SVM,unconscious,unconscious,False,Image,False,5,5,6,4
2207,sub-01,rh-inferiorparietal,0.52,-0.4444444444444444,0.26666666666666666,0.6996718968693865,None + Linear-SVM,unconscious,unconscious,False,Image,False,2,2,4,7
2208,sub-01,rh-inferiorparietal,0.6734693877551021,-0.04303314829119352,0.3636363636363636,0.6713394829619521,None + Linear-SVM,unconscious,unconscious,False,Image,False,5,2,3,4
2209,sub-01,rh-inferiorparietal,0.66,-0.5,0.0,0.6682800576846732,None + Linear-SVM,unconscious,unconscious,False,Image,False,3,0,2,5
2210,sub-01,rh-inferiorparietal,0.42578125,-0.1259881576697424,0.39999999999999997,0.7224280952739424,None + Linear-SVM,unconscious,unconscious,False,Image,False,4,3,5,4
2211,sub-01,rh-inferiorparietal,0.42630385487528344,0.009615384615384616,0.4761904761904762,0.713685077842207,None + Linear-SVM,unconscious,unconscious,False,Image,False,5,5,8,3
2212,sub-01,rh-inferiorparietal,0.4705882352941177,-0.05555555555555555,0.47058823529411764,0.710001174805578,None + Linear-SVM,unconscious,unconscious,False,Image,False,4,4,5,4
2213,sub-01,rh-inferiorparietal,0.63,-0.5,0.0,0.6741761743861763,None + Linear-SVM,unconscious,unconscious,False,Image,False,3,0,2,5
2214,sub-01,rh-inferiorparietal,0.5266272189349113,-0.3,0.20000000000000004,0.6918277156260371,None + Linear-SVM,unconscious,unconscious,False,Image,False,4,1,4,4
2215,sub-01,rh-inferiorparietal,0.44921875,0.0,0.5,0.7145548086462266,None + Linear-SVM,unconscious,unconscious,False,Image,False,4,4,4,4
2216,sub-01,rh-inferiorparietal,0.5976331360946746,0.025,0.4000000000000001,0.6825030194320832,None + Linear-SVM,unconscious,unconscious,False,Image,False,5,2,3,3
2217,sub-01,rh-inferiorparietal,0.50390625,-0.1259881576697424,0.39999999999999997,0.7031506149441134,None + Linear-SVM,unconscious,unconscious,False,Image,False,4,3,5,4
2218,sub-01,rh-inferiorparietal,0.4359861591695502,-0.1690308509457033,0.375,0.7141186288157616,None + Linear-SVM,unconscious,unconscious,False,Image,False,4,3,6,4
2219,sub-01,rh-inferiorparietal,0.4711111111111111,-0.21821789023599236,0.30769230769230765,0.7071694631047964,None + Linear-SVM,unconscious,unconscious,False,Image,False,4,2,5,4
2220,sub-01,rh-inferiorparietal,0.5714285714285714,-0.16666666666666666,0.3333333333333333,0.6813015489723686,None + Linear-SVM,unconscious,unconscious,False,Image,False,4,2,4,4
2221,sub-01,rh-inferiorparietal,0.371191135734072,0.044946657497549475,0.5714285714285713,0.7328173319827774,None + Linear-SVM,unconscious,unconscious,False,Image,False,4,6,5,4
2222,sub-01,rh-inferiorparietal,0.591715976331361,-0.09759000729485333,0.3636363636363636,0.6817178828924167,None + Linear-SVM,unconscious,unconscious,False,Image,False,4,2,3,4
2223,sub-01,rh-inferiorparietal,0.5017301038062284,0.07042952122737638,0.5,0.6993556778991692,None + Linear-SVM,unconscious,unconscious,False,Image,False,5,4,5,3
2224,sub-01,rh-inferiorparietal,0.7193877551020409,0.125,0.5,0.6526598830147424,None + Linear-SVM,unconscious,unconscious,False,Image,False,5,3,3,3
2225,sub-01,rh-inferiorparietal,0.5204081632653061,-0.16666666666666666,0.3333333333333333,0.6916275230898998,None + Linear-SVM,unconscious,unconscious,False,Image,False,4,2,4,4
2226,sub-01,rh-inferiorparietal,0.2816635160680529,-0.16265001215808886,0.4166666666666667,0.7639294211821586,None + Linear-SVM,unconscious,unconscious,False,Image,False,4,5,10,4
2227,sub-01,rh-inferiorparietal,0.3734567901234568,-0.1,0.4444444444444445,0.7295460691008672,None + Linear-SVM,unconscious,unconscious,False,Image,False,4,4,6,4
2228,sub-01,rh-inferiorparietal,0.5625,-0.23904572186687872,0.22222222222222224,0.6853662221767826,None + Linear-SVM,unconscious,unconscious,False,Image,False,4,1,3,4
2229,sub-01,rh-inferiorparietal,0.650887573964497,0.025,0.4000000000000001,0.6701197224707515,None + Linear-SVM,unconscious,unconscious,False,Image,False,5,2,3,3
2230,sub-01,rh-inferiorparietal,0.40816326530612246,-0.5773502691896257,0.15384615384615383,0.7246097349896041,None + Linear-SVM,unconscious,unconscious,False,Image,False,2,1,5,6
2231,sub-01,rh-inferiorparietal,0.5234375,-0.1259881576697424,0.39999999999999997,0.6939874811600613,None + Linear-SVM,unconscious,unconscious,False,Image,False,4,3,5,4
2232,sub-01,rh-inferiorparietal,0.2741020793950851,-0.349697526139891,0.33333333333333337,0.7850280992716125,None + Linear-SVM,unconscious,unconscious,False,Image,False,3,4,11,5
2233,sub-01,rh-inferiorparietal,0.5153061224489796,0.125,0.5,0.6883869207420166,None + Linear-SVM,unconscious,unconscious,False,Image,False,5,3,3,3
2234,sub-01,rh-inferiorparietal,0.4444444444444444,-0.1,0.4444444444444445,0.7250493744206518,None + Linear-SVM,unconscious,unconscious,False,Image,False,4,4,6,4
2235,sub-01,rh-inferiorparietal,0.421875,-0.2581988897471611,0.28571428571428575,0.7182936355721866,None + Linear-SVM,unconscious,unconscious,False,Image,False,4,2,6,4
2236,sub-01,rh-inferiorparietal,0.43367346938775514,-0.28867513459481287,0.30769230769230765,0.7223262574711775,None + Linear-SVM,unconscious,unconscious,False,Image,False,3,2,4,5
2237,sub-01,rh-inferiorparietal,0.8200000000000001,-0.2182178902359924,0.22222222222222224,0.644941692557952,None + Linear-SVM,unconscious,unconscious,False,Image,False,2,1,1,6
2238,sub-01,rh-inferiorparietal,0.43359375,0.0,0.5,0.7382725152360448,None + Linear-SVM,unconscious,unconscious,False,Image,False,4,4,4,4
2239,sub-01,rh-inferiorparietal,0.4792899408284023,-0.09759000729485333,0.3636363636363636,0.7157455064125836,None + Linear-SVM,unconscious,unconscious,False,Image,False,4,2,3,4
2240,sub-01,rh-inferiorparietal,0.47368421052631576,-0.044946657497549475,0.5,0.7100233980421763,None + Linear-SVM,unconscious,unconscious,False,Image,False,4,5,6,4
2241,sub-01,rh-inferiorparietal,0.4765625,-0.1259881576697424,0.39999999999999997,0.7151181240721404,None + Linear-SVM,unconscious,unconscious,False,Image,False,4,3,5,4
2242,sub-01,rh-inferiorparietal,0.6272189349112426,0.025,0.4000000000000001,0.6798780916506646,None + Linear-SVM,unconscious,unconscious,False,Image,False,5,2,3,3
2243,sub-01,rh-inferiorparietal,0.6627218934911243,0.025,0.4000000000000001,0.6594293584350642,None + Linear-SVM,unconscious,unconscious,False,Image,False,5,2,3,3
2244,sub-01,rh-inferiorparietal,0.25617283950617287,-0.55,0.22222222222222224,0.7818967475733463,None + Linear-SVM,unconscious,unconscious,False,Image,False,2,2,8,6
2245,sub-01,rh-inferiorparietal,0.6173469387755102,-0.04303314829119352,0.3636363636363636,0.684102480187799,None + Linear-SVM,unconscious,unconscious,False,Image,False,5,2,4,3
2246,sub-01,rh-inferiorparietal,0.36328125,-0.5163977794943222,0.14285714285714288,0.7509726496439354,None + Linear-SVM,unconscious,unconscious,False,Image,False,3,1,7,5
2247,sub-01,rh-inferiorparietal,0.5069444444444444,-0.47809144373375745,0.18181818181818182,0.7114282772613724,None + Linear-SVM,unconscious,unconscious,False,Image,False,2,1,3,6
2248,sub-01,rh-inferiorparietal,0.4463667820069205,-0.05555555555555555,0.47058823529411764,0.7242627601792436,None + Linear-SVM,unconscious,unconscious,False,Image,False,4,4,5,4
2249,sub-01,rh-inferiorparietal,0.51171875,-0.1259881576697424,0.39999999999999997,0.6928474635088926,None + Linear-SVM,unconscious,unconscious,False,Image,False,4,3,5,4
2250,sub-01,rh-inferiorparietal,0.6111111111111112,-0.23904572186687872,0.22222222222222224,0.6826793522748339,None + Linear-SVM,unconscious,unconscious,False,Image,False,4,1,3,4
2251,sub-01,rh-inferiorparietal,0.6863905325443787,0.15811388300841897,0.4444444444444445,0.6565423465023763,None + Linear-SVM,unconscious,unconscious,False,Image,False,6,2,3,2
2252,sub-01,rh-inferiorparietal,0.4711111111111111,-0.21821789023599236,0.30769230769230765,0.703911935066292,None + Linear-SVM,unconscious,unconscious,False,Image,False,4,2,5,4
2253,sub-01,rh-inferiorparietal,0.4222222222222222,-0.3392857142857143,0.2857142857142857,0.7207772665639609,None + Linear-SVM,unconscious,unconscious,False,Image,False,3,2,5,5
2254,sub-01,rh-inferiorparietal,0.39335180055401653,-0.044946657497549475,0.5,0.7283632829026359,None + Linear-SVM,unconscious,unconscious,False,Image,False,4,5,6,4
2255,sub-01,rh-inferiorparietal,0.45408163265306123,-0.28867513459481287,0.30769230769230765,0.7160997180190175,None + Linear-SVM,unconscious,unconscious,False,Image,False,3,2,4,5
2256,sub-01,rh-inferiorparietal,0.6035502958579881,-0.09759000729485333,0.3636363636363636,0.6865646412558323,None + Linear-SVM,unconscious,unconscious,False,Image,False,4,2,3,4
2257,sub-01,rh-inferiorparietal,0.62,-0.6123724356957946,0.0,0.6710947705297372,None + Linear-SVM,unconscious,unconscious,False,Image,False,2,0,2,6
2258,sub-01,rh-inferiorparietal,0.46484375,-0.1259881576697424,0.39999999999999997,0.7219979423172107,None + Linear-SVM,unconscious,unconscious,False,Image,False,4,3,5,4
2259,sub-01,rh-inferiorparietal,0.4489795918367347,0.08492077756084468,0.5454545454545455,0.7134741599487355,None + Linear-SVM,unconscious,unconscious,False,Image,False,5,6,7,3
2260,sub-01,rh-inferiorparietal,0.46366782006920415,0.07042952122737638,0.5,0.7121931712782734,None + Linear-SVM,unconscious,unconscious,False,Image,False,5,4,5,3
2261,sub-01,rh-inferiorparietal,0.6,-0.7637626158259734,0.0,0.6767135616374342,None + Linear-SVM,unconscious,unconscious,False,Image,False,1,0,2,7
2262,sub-01,rh-inferiorparietal,0.5088757396449703,-0.4147575310031266,0.1818181818181818,0.6976506900844797,None + Linear-SVM,unconscious,unconscious,False,Image,False,3,1,4,5
2263,sub-01,rh-inferiorparietal,0.4375,0.0,0.42857142857142855,0.7231245155612009,None + Linear-SVM,unconscious,unconscious,False,Image,False,5,3,5,3
2264,sub-01,rh-inferiorparietal,0.5976331360946746,0.025,0.4000000000000001,0.6845480471321645,None + Linear-SVM,unconscious,unconscious,False,Image,False,5,2,3,3
2265,sub-01,rh-inferiorparietal,0.484375,0.0,0.5,0.7093604502285671,None + Linear-SVM,unconscious,unconscious,False,Image,False,4,4,4,4
2266,sub-01,rh-inferiorparietal,0.4048442906574395,-0.29012942659282975,0.26666666666666666,0.71925630797586,None + Linear-SVM,unconscious,unconscious,False,Image,False,4,2,7,4
2267,sub-01,rh-inferiorparietal,0.4488888888888889,-0.3392857142857143,0.2857142857142857,0.7108973117400061,None + Linear-SVM,unconscious,unconscious,False,Image,False,3,2,5,5
2268,sub-01,rh-inferiorparietal,0.6326530612244898,0.125,0.5,0.6775682845030336,None + Linear-SVM,unconscious,unconscious,False,Image,False,5,3,3,3
2269,sub-01,rh-inferiorparietal,0.3656509695290859,-0.044946657497549475,0.5,0.7337383844362068,None + Linear-SVM,unconscious,unconscious,False,Image,False,4,5,6,4
2270,sub-01,rh-inferiorparietal,0.5502958579881656,-0.09759000729485333,0.3636363636363636,0.6888902401232337,None + Linear-SVM,unconscious,unconscious,False,Image,False,4,2,3,4
2271,sub-01,rh-inferiorparietal,0.4878892733564014,-0.05555555555555555,0.47058823529411764,0.7020309221056649,None + Linear-SVM,unconscious,unconscious,False,Image,False,4,4,5,4
2272,sub-01,rh-inferiorparietal,0.7244897959183674,0.25819888974716115,0.5454545454545454,0.6603652724222633,None + Linear-SVM,unconscious,unconscious,False,Image,False,6,3,3,2
2273,sub-01,rh-inferiorparietal,0.5255102040816327,-0.04303314829119352,0.3636363636363636,0.6945375056133599,None + Linear-SVM,unconscious,unconscious,False,Image,False,5,2,4,3
2274,sub-01,rh-inferiorparietal,0.25330812854442347,-0.15096490996388545,0.5185185185185186,0.7654279664343643,None + Linear-SVM,unconscious,unconscious,False,Image,False,3,7,8,5
2275,sub-01,rh-inferiorparietal,0.38580246913580246,0.0,0.5263157894736842,0.7309585000929287,None + Linear-SVM,unconscious,unconscious,False,Image,False,4,5,5,4
2276,sub-01,rh-inferiorparietal,0.5347222222222222,-0.23904572186687872,0.22222222222222224,0.691926831362265,None + Linear-SVM,unconscious,unconscious,False,Image,False,4,1,3,4
2277,sub-01,rh-inferiorparietal,0.650887573964497,0.15811388300841897,0.4444444444444445,0.6721500736528034,None + Linear-SVM,unconscious,unconscious,False,Image,False,6,2,3,2
2278,sub-01,rh-inferiorparietal,0.37244897959183676,-0.5773502691896257,0.15384615384615383,0.7266331755299368,None + Linear-SVM,unconscious,unconscious,False,Image,False,2,1,5,6
2279,sub-01,rh-inferiorparietal,0.5625,0.1259881576697424,0.5333333333333333,0.6909185514244446,None + Linear-SVM,unconscious,unconscious,False,Image,False,5,4,4,3
2280,sub-01,rh-inferiorparietal,0.2665406427221172,-0.23333333333333334,0.3478260869565218,0.7896319354541701,None + Linear-SVM,unconscious,unconscious,False,Image,False,4,4,11,4
2281,sub-01,rh-inferiorparietal,0.5561224489795918,0.25819888974716115,0.5454545454545454,0.6878504249866083,None + Linear-SVM,unconscious,unconscious,False,Image,False,6,3,3,2
2282,sub-01,rh-inferiorparietal,0.441358024691358,-0.1,0.4444444444444445,0.7258085150620084,None + Linear-SVM,unconscious,unconscious,False,Image,False,4,4,6,4
2283,sub-01,rh-inferiorparietal,0.37890625,0.0,0.3333333333333333,0.7275298887000589,None + Linear-SVM,unconscious,unconscious,False,Image,False,6,2,6,2
2284,sub-01,rh-inferiorparietal,0.41326530612244905,-0.4583333333333333,0.16666666666666666,0.7231796252225806,None + Linear-SVM,unconscious,unconscious,False,Image,False,3,1,5,5
2285,sub-01,rh-inferiorparietal,0.7799999999999999,0.0,0.0,0.6487389534416671,None + Linear-SVM,unconscious,unconscious,False,Image,False,8,0,2,0
2286,sub-01,rh-inferiorparietal,0.43359375,0.0,0.42857142857142855,0.7427807007804024,None + Linear-SVM,unconscious,unconscious,False,Image,False,5,3,5,3
2287,sub-01,rh-inferiorparietal,0.5207100591715976,0.025,0.4000000000000001,0.7175379551394984,None + Linear-SVM,unconscious,unconscious,False,Image,False,5,2,3,3
2288,sub-01,rh-inferiorparietal,0.46260387811634346,-0.044946657497549475,0.5,0.7117549940458074,None + Linear-SVM,unconscious,unconscious,False,Image,False,4,5,6,4
2289,sub-01,rh-inferiorparietal,0.42578125,-0.25,0.375,0.7196954098879247,None + Linear-SVM,unconscious,unconscious,False,Image,False,3,3,5,5
2290,sub-01,rh-inferiorparietal,0.5739644970414202,-0.09759000729485333,0.3636363636363636,0.6851256996225719,None + Linear-SVM,unconscious,unconscious,False,Image,False,4,2,3,4
2291,sub-01,rh-inferiorparietal,0.6982248520710059,0.15811388300841897,0.4444444444444445,0.6632644892114777,None + Linear-SVM,unconscious,unconscious,False,Image,False,6,2,3,2
2292,sub-01,rh-inferiorparietal,0.2345679012345679,-0.55,0.22222222222222224,0.7778464019439604,None + Linear-SVM,unconscious,unconscious,False,Image,False,2,2,8,6
2293,sub-01,rh-inferiorparietal,0.5816326530612245,0.09128709291752768,0.4,0.6958540044934918,None + Linear-SVM,unconscious,unconscious,False,Image,False,6,2,4,2
2294,sub-01,rh-inferiorparietal,0.375,-0.3779644730092272,0.26666666666666666,0.7507748827216619,None + Linear-SVM,unconscious,unconscious,False,Image,False,3,2,6,5
2295,sub-01,rh-inferiorparietal,0.5347222222222222,-0.3535533905932738,0.2,0.7105489563208444,None + Linear-SVM,unconscious,unconscious,False,Image,False,3,1,3,5
2296,sub-01,rh-inferiorparietal,0.4117647058823529,-0.1690308509457033,0.375,0.728049550511858,None + Linear-SVM,unconscious,unconscious,False,Image,False,4,3,6,4
2297,sub-01,rh-inferiorparietal,0.5234375,0.0,0.42857142857142855,0.6995136392645875,None + Linear-SVM,unconscious,unconscious,False,Image,False,5,3,5,3
2298,sub-01,rh-inferiorparietal,0.5902777777777778,-0.125,0.25,0.6943087143796811,None + Linear-SVM,unconscious,unconscious,False,Image,False,5,1,3,3
2299,sub-01,rh-inferiorparietal,0.7396449704142012,0.21957751641341997,0.5454545454545454,0.6607083690196881,None + Linear-SVM,unconscious,unconscious,False,Image,False,5,3,2,3
2300,sub-01,rh-inferiorparietal,0.4488888888888889,-0.21821789023599236,0.30769230769230765,0.7067391118311376,None + Linear-SVM,unconscious,unconscious,False,Image,False,4,2,5,4
2301,sub-01,rh-inferiorparietal,0.42666666666666664,-0.3392857142857143,0.2857142857142857,0.7206931533117996,None + Linear-SVM,unconscious,unconscious,False,Image,False,3,2,5,5
2302,sub-01,rh-inferiorparietal,0.3767313019390582,-0.044946657497549475,0.5,0.7337218852780628,None + Linear-SVM,unconscious,unconscious,False,Image,False,4,5,6,4
2303,sub-01,rh-inferiorparietal,0.45408163265306123,-0.28867513459481287,0.30769230769230765,0.7160823892525966,None + Linear-SVM,unconscious,unconscious,False,Image,False,3,2,4,5
2304,sub-01,rh-inferiorparietal,0.6035502958579881,-0.09759000729485333,0.3636363636363636,0.6934019091400256,None + Linear-SVM,unconscious,unconscious,False,Image,False,4,2,3,4
