category,probe_path,subcategory,fixation_duration,label,n,correctAns_mean,correctAns_raw,discrim_resptime_mean,discrim_resptime_raw,discrim_resptime_std,image_onset_time_mean,image_onset_time_raw,image_onset_time_std,jitter2_mean,jitter2_raw,probeFrames_raw,probe_onset_mean,probe_onset_raw,probe_onset_std,response.corr_mean,response.corr_raw,response.corr_std,response.keys_raw,response.rt_mean,response.rt_raw,response.rt_std,response_window_raw,visible.corr_mean,visible.corr_raw,visible.corr_std,visible.keys_raw,visible.rt_mean,visible.rt_raw,visible.rt_std,visible_resptime_mean,visible_resptime_raw,visible_resptime_std,order
Nonliving_Things,../experiment_stimuli/bw_bc_bl/Nonliving_Things/Furniture/Chest-of-drawers_4.jpg,Furniture,0,Chest-of-drawers,1.0,1.0,1,73.2188873291,73.21888732910156,0.0,71.9562606812,71.95626068115234,0.0,6.0,6.0,4,71.9611816406,71.961181640625,0.0,1.0,1.0,0.0,'1',0.571483135223,0.5714831352233887,0.0,'nV_V',0.0,0.0,0.0,'3',0.240755140781,0.2407551407814026,0.0,73.8109436035,73.81094360351562,0.0,14.0
Living_Things,../experiment_stimuli/bw_bc_bl/Living_Things/Animals/armadillo_1.jpg,Animals,0,armadillo,1.0,1.0,1,428.811920166,428.8119201660156,0.0,427.579315186,427.5793151855469,0.0,6.0,6.0,1,427.58416748,427.58416748046875,0.0,1.0,1.0,0.0,'1',1.08241868019,1.08241868019104,0.0,'V_nV',0.0,0.0,0.0,'2',0.190689057112,0.1906890571117401,0.0,429.914886475,429.9148864746094,0.0,90.0
Nonliving_Things,../experiment_stimuli/bw_bc_bl/Nonliving_Things/Furniture/armchair_4.jpg,Furniture,0,armchair,1.0,2.0,2,10.3321819305,10.332181930541992,0.0,9.0695734024,9.069573402404785,0.0,6.5,6.5,'4.0',9.07447910309,9.074479103088379,0.0,1.0,1.0,0.0,'2',1.30306351185,1.3030635118484497,0.0,'V_nV',0.0,0.0,0.0,'3',0.250617414713,0.2506174147129059,0.0,11.6558218002,11.655821800231934,0.0,1.0
Nonliving_Things,../experiment_stimuli/bw_bc_bl/Nonliving_Things/Tools/axe_21.jpg,Tools,0,axe,1.0,1.0,1,412.917358398,412.9173583984375,0.0,411.674743652,411.67474365234375,0.0,8.0,8.0,2,411.679595947,411.6795959472656,0.0,1.0,1.0,0.0,'1',0.771905779839,0.771905779838562,0.0,'nV_V',0.0,0.0,0.0,'3',0.160672619939,0.1606726199388504,0.0,413.70980835,413.7098083496094,0.0,86.0
Living_Things,../experiment_stimuli/bw_bc_bl/Living_Things/Birds/barn-owl_4.jpg,Birds,0,barn-owl,1.0,1.0,1,89.8650741577,89.86507415771484,0.0,88.632484436,88.63248443603516,0.0,6.0,6.0,1,88.6373214722,88.63732147216797,0.0,0.0,0.0,0.0,'2',1.92441701889,1.9244170188903809,0.0,'V_nV',1.0,1.0,0.0,'1',0.160618722439,0.16061872243881226,0.0,91.8100509644,91.81005096435547,0.0,18.0
Nonliving_Things,../experiment_stimuli/bw_bc_bl/Nonliving_Things/Furniture/bed_14.jpg,Furniture,0,bed,1.0,2.0,2,244.631515503,244.6315155029297,0.0,243.378890991,243.37889099121094,0.0,7.0,7.0,3,243.383758545,243.38375854492188,0.0,1.0,1.0,0.0,'2',3.77844023705,3.778440237045288,0.0,'V_nV',1.0,1.0,0.0,'1',0.0904130339622,0.09041303396224976,0.0,248.430511475,248.43051147460938,0.0,51.0
Nonliving_Things,../experiment_stimuli/bw_bc_bl/Nonliving_Things/Furniture/bedside-table_20.jpg,Furniture,0,bedside-table,1.0,1.0,1,176.302978516,176.302978515625,0.0,175.020278931,175.02027893066406,0.0,6.5,6.5,6,175.026153564,175.02615356445312,0.0,1.0,1.0,0.0,'1',0.812000691891,0.8120006918907166,0.0,'nV_V',0.0,0.0,0.0,'3',0.180661991239,0.18066199123859406,0.0,177.135528564,177.13552856445312,0.0,36.0
Nonliving_Things,../experiment_stimuli/bw_bc_bl/Nonliving_Things/Vehicles/boat_17.jpg,Vehicles,0,boat,1.0,2.0,2,355.091644287,355.0916442871094,0.0,353.849029541,353.8490295410156,0.0,7.0,7.0,1,353.856628418,353.85662841796875,0.0,1.0,1.0,0.0,'2',1.42332231998,1.423322319984436,0.0,'V_nV',1.0,1.0,0.0,'1',0.160612478852,0.16061247885227203,0.0,356.535522461,356.5355224609375,0.0,74.0
Nonliving_Things,../experiment_stimuli/bw_bc_bl/Nonliving_Things/Furniture/bookcase_16.jpg,Furniture,0,bookcase,1.0,2.0,2,128.839797974,128.8397979736328,0.0,127.567131042,127.56713104248047,0.0,6.0,6.0,5,127.572868347,127.57286834716797,0.0,1.0,1.0,0.0,'2',5.13143920898,5.131439208984375,0.0,'V_nV',0.0,0.0,0.0,'3',0.441180616617,0.44118061661720276,0.0,133.991821289,133.9918212890625,0.0,27.0
Nonliving_Things,../experiment_stimuli/bw_bc_bl/Nonliving_Things/Vehicles/bus_24.jpg,Vehicles,0,bus,1.0,1.0,1,196.376617432,196.37661743164062,0.0,195.14402771,195.14402770996094,0.0,6.0,6.0,1,195.14994812,195.1499481201172,0.0,1.0,1.0,0.0,'1',1.86427724361,1.8642772436141968,0.0,'nV_V',1.0,1.0,0.0,'1',0.200656354427,0.20065635442733765,0.0,198.261444092,198.26144409179688,0.0,41.0
Living_Things,../experiment_stimuli/bw_bc_bl/Living_Things/Insects/butterfly_7.jpg,Insects,0,butterfly,1.0,1.0,1,451.330871582,451.33087158203125,0.0,450.098297119,450.0982971191406,0.0,6.0,6.0,1,450.103088379,450.10308837890625,0.0,1.0,1.0,0.0,'1',0.541402220726,0.5414022207260132,0.0,'V_nV',1.0,1.0,0.0,'1',0.230730339885,0.230730339884758,0.0,451.892822266,451.892822265625,0.0,95.0
Nonliving_Things,../experiment_stimuli/bw_bc_bl/Nonliving_Things/Vehicles/car_24.jpg,Vehicles,0,car,1.0,2.0,2,365.353973389,365.3539733886719,0.0,364.111358643,364.1113586425781,0.0,6.0,6.0,2,364.11630249,364.1163024902344,0.0,0.0,0.0,0.0,'1',1.30306255817,1.3030625581741333,0.0,'V_nV',1.0,1.0,0.0,'1',0.290854603052,0.2908546030521393,0.0,366.677581787,366.6775817871094,0.0,76.0
Nonliving_Things,../experiment_stimuli/bw_bc_bl/Nonliving_Things/Buildings/castle_16.jpg,Buildings,0,castle,1.0,1.0,1,62.6258544922,62.6258544921875,0.0,61.3832511902,61.38325119018555,0.0,6.0,6.0,2,61.3880577087,61.388057708740234,0.0,1.0,1.0,0.0,'1',2.64599204063,2.6459920406341553,0.0,'nV_V',1.0,1.0,0.0,'1',0.230729535222,0.23072953522205353,0.0,65.2924118042,65.29241180419922,0.0,12.0
Living_Things,../experiment_stimuli/bw_bc_bl/Living_Things/Animals/cat_11.jpg,Animals,0,cat,1.0,2.0,2,85.515625,85.515625,0.0,84.2730026245,84.27300262451172,0.0,6.0,6.0,2,84.2786560059,84.27865600585938,0.0,0.0,0.0,0.0,'1',1.22288107872,1.2228810787200928,0.0,'nV_V',0.0,0.0,0.0,'2',0.140526622534,0.14052662253379822,0.0,86.7590408325,86.75904083251953,0.0,17.0
Nonliving_Things,../experiment_stimuli/bw_bc_bl/Nonliving_Things/Buildings/cathedral_13.jpg,Buildings,0,cathedral,1.0,2.0,2,50.138710022,50.138710021972656,0.0,48.8560180664,48.85601806640625,0.0,6.5,6.5,6,48.8608779907,48.860877990722656,0.0,1.0,1.0,0.0,'2',0.711794376373,0.711794376373291,0.0,'V_nV',0.0,0.0,0.0,'3',0.170596808195,0.17059680819511414,0.0,50.8710594177,50.87105941772461,0.0,9.0
Nonliving_Things,../experiment_stimuli/bw_bc_bl/Nonliving_Things/Furniture/chair_9.jpg,Furniture,0,chair,1.0,2.0,2,329.816711426,329.81671142578125,0.0,328.564086914,328.5640869140625,0.0,6.0,6.0,2,328.569000244,328.5690002441406,0.0,0.0,0.0,0.0,'1',0.872119367123,0.8721193671226501,0.0,'V_nV',0.0,0.0,0.0,'2',0.120501190424,0.12050119042396545,0.0,330.709381104,330.7093811035156,0.0,68.0
Living_Things,../experiment_stimuli/bw_bc_bl/Living_Things/Animals/cheetah_18.jpg,Animals,0,cheetah,1.0,1.0,1,99.435874939,99.43587493896484,0.0,98.1632080078,98.1632080078125,0.0,6.0,6.0,5,98.1681137085,98.1681137084961,0.0,1.0,1.0,0.0,'1',0.791948914528,0.7919489145278931,0.0,'V_nV',0.0,0.0,0.0,'3',0.180661067367,0.18066106736660004,0.0,100.248374939,100.24837493896484,0.0,20.0
Nonliving_Things,../experiment_stimuli/bw_bc_bl/Nonliving_Things/Buildings/church_13.jpg,Buildings,0,church,1.0,2.0,2,337.824127197,337.8241271972656,0.0,336.561462402,336.56146240234375,0.0,6.0,6.0,4,336.566345215,336.56634521484375,0.0,1.0,1.0,0.0,'2',0.912213683128,0.9122136831283569,0.0,'V_nV',0.0,0.0,0.0,'2',0.461230933666,0.46123093366622925,0.0,338.756866455,338.7568664550781,0.0,70.0
Nonliving_Things,../experiment_stimuli/bw_bc_bl/Nonliving_Things/Kitchen_Uten/coking-pot_19.jpg,Kitchen_Uten,0,coking-pot,1.0,2.0,2,14.8820781708,14.882078170776367,0.0,13.6394691467,13.639469146728516,0.0,6.0,6.0,2,13.6443443298,13.644344329833984,0.0,1.0,1.0,0.0,'2',1.37321472168,1.3732147216796875,0.0,'V_nV',1.0,1.0,0.0,'1',0.140520006418,0.14052000641822815,0.0,16.2758522034,16.27585220336914,0.0,2.0
Nonliving_Things,../experiment_stimuli/bw_bc_bl/Nonliving_Things/Furniture/couch_5.jpg,Furniture,0,couch,1.0,2.0,2,161.390548706,161.3905487060547,0.0,160.157974243,160.15797424316406,0.0,6.0,6.0,1,160.162857056,160.16285705566406,0.0,0.0,0.0,0.0,'1',0.882146298885,0.8821462988853455,0.0,'V_nV',1.0,1.0,0.0,'1',0.18061491847,0.1806149184703827,0.0,162.293304443,162.29330444335938,0.0,33.0
Living_Things,../experiment_stimuli/bw_bc_bl/Living_Things/Animals/cow_25.jpg,Animals,0,cow,1.0,1.0,1,116.082054138,116.0820541381836,0.0,114.819412231,114.81941223144531,0.0,6.5,6.5,4,114.825263977,114.82526397705078,0.0,1.0,1.0,0.0,'1',1.14272522926,1.1427252292633057,0.0,'V_nV',0.0,0.0,0.0,'2',0.120487108827,0.12048710882663727,0.0,117.245368958,117.24536895751953,0.0,24.0
Living_Things,../experiment_stimuli/bw_bc_bl/Living_Things/Marine_creatures/crab_5.jpg,Marine_creatures,0,crab,1.0,1.0,1,425.143951416,425.1439514160156,0.0,423.90133667,423.9013366699219,0.0,6.5,6.5,2,423.90612793,423.9061279296875,0.0,1.0,1.0,0.0,'1',0.541404128075,0.541404128074646,0.0,'V_nV',0.0,0.0,0.0,'2',0.140549525619,0.14054952561855316,0.0,425.7059021,425.7059020996094,0.0,89.0
Nonliving_Things,../experiment_stimuli/bw_bc_bl/Nonliving_Things/Kitchen_Uten/cup_10.jpg,Kitchen_Uten,0,cup,1.0,2.0,2,438.242431641,438.242431640625,0.0,436.979766846,436.9797668457031,0.0,6.0,6.0,4,436.98449707,436.9844970703125,0.0,1.0,1.0,0.0,'2',1.24292826653,1.2429282665252686,0.0,'V_nV',0.0,0.0,0.0,'2',0.230717495084,0.2307174950838089,0.0,439.505889893,439.5058898925781,0.0,92.0
Living_Things,../experiment_stimuli/bw_bc_bl/Living_Things/Marine_creatures/dolphin_17.jpg,Marine_creatures,0,dolphin,1.0,1.0,1,201.437606812,201.43760681152344,0.0,200.195007324,200.19500732421875,0.0,7.5,7.5,2,200.199905396,200.1999053955078,0.0,0.0,0.0,0.0,'2',2.55576586723,2.5557658672332764,0.0,'V_nV',1.0,1.0,0.0,'1',0.230757206678,0.2307572066783905,0.0,204.013961792,204.0139617919922,0.0,42.0
Living_Things,../experiment_stimuli/bw_bc_bl/Living_Things/Insects/dragonfly_3.jpg,Insects,0,dragonfly,1.0,1.0,1,282.23324585,282.2332458496094,0.0,280.970611572,280.9706115722656,0.0,6.0,6.0,4,280.975494385,280.9754943847656,0.0,1.0,1.0,0.0,'1',0.751862227917,0.7518622279167175,0.0,'V_nV',0.0,0.0,0.0,'3',0.150590464473,0.1505904644727707,0.0,283.005645752,283.0056457519531,0.0,58.0
Nonliving_Things,../experiment_stimuli/bw_bc_bl/Nonliving_Things/Musical_Inst/drum_3.jpg,Musical_Inst,0,drum,1.0,2.0,2,94.9461135864,94.94611358642578,0.0,93.7035140991,93.7035140991211,0.0,6.5,6.5,2,93.7083587646,93.70835876464844,0.0,1.0,1.0,0.0,'2',1.32310450077,1.3231045007705688,0.0,'V_nV',1.0,1.0,0.0,'1',0.140524879098,0.14052487909793854,0.0,96.2897720337,96.2897720336914,0.0,19.0
Living_Things,../experiment_stimuli/bw_bc_bl/Living_Things/Birds/duck_3.jpg,Birds,0,duck,1.0,2.0,2,238.949157715,238.94915771484375,0.0,237.706558228,237.70655822753906,0.0,6.0,6.0,2,237.713760376,237.71376037597656,0.0,1.0,1.0,0.0,'2',2.55578827858,2.555788278579712,0.0,'nV_V',1.0,1.0,0.0,'1',0.120481327176,0.12048132717609406,0.0,241.525527954,241.52552795410156,0.0,50.0
Living_Things,../experiment_stimuli/bw_bc_bl/Living_Things/Animals/elephant_4.jpg,Animals,0,elephant,1.0,2.0,2,77.0171356201,77.01713562011719,0.0,75.7845840454,75.78458404541016,0.0,6.5,6.5,1,75.7894592285,75.78945922851562,0.0,0.0,0.0,0.0,'1',1.36319124699,1.3631912469863892,0.0,'nV_V',1.0,1.0,0.0,'1',0.220703333616,0.2207033336162567,0.0,78.4009094238,78.40090942382812,0.0,15.0
Nonliving_Things,../experiment_stimuli/bw_bc_bl/Nonliving_Things/Buildings/factory_19.jpg,Buildings,0,factory,1.0,1.0,1,230.550918579,230.55091857910156,0.0,229.318313599,229.3183135986328,0.0,6.0,6.0,1,229.323242188,229.3232421875,0.0,0.0,0.0,0.0,'2',1.34316062927,1.343160629272461,0.0,'nV_V',1.0,1.0,0.0,'1',0.110307067633,0.11030706763267517,0.0,231.914627075,231.9146270751953,0.0,48.0
Nonliving_Things,../experiment_stimuli/bw_bc_bl/Nonliving_Things/Furniture/filling-cabinet_4.jpg,Furniture,0,filling-cabinet,1.0,1.0,1,68.508644104,68.5086441040039,0.0,67.2560348511,67.25603485107422,0.0,6.0,6.0,3,67.2609710693,67.26097106933594,0.0,1.0,1.0,0.0,'1',1.40327608585,1.4032760858535767,0.0,'nV_V',1.0,1.0,0.0,'1',0.29191416502,0.291914165019989,0.0,69.932472229,69.9324722290039,0.0,13.0
Nonliving_Things,../experiment_stimuli/bw_bc_bl/Nonliving_Things/Kitchen_Uten/fondue_1.jpg,Kitchen_Uten,0,fondue,1.0,1.0,1,103.414520264,103.41452026367188,0.0,102.161903381,102.16190338134766,0.0,7.5,7.5,3,102.167625427,102.1676254272461,0.0,1.0,1.0,0.0,'1',0.972339391708,0.972339391708374,0.0,'nV_V',0.0,0.0,0.0,'3',0.160567894578,0.16056789457798004,0.0,104.407409668,104.40740966796875,0.0,21.0
Nonliving_Things,../experiment_stimuli/bw_bc_bl/Nonliving_Things/Kitchen_Uten/frying-pan_4.jpg,Kitchen_Uten,0,frying-pan,1.0,1.0,1,120.351333618,120.35133361816406,0.0,119.098731995,119.0987319946289,0.0,6.0,6.0,3,119.103622437,119.10362243652344,0.0,0.0,0.0,0.0,'2',1.09260380268,1.0926038026809692,0.0,'nV_V',0.0,0.0,0.0,'2',0.210679873824,0.21067987382411957,0.0,121.464500427,121.4645004272461,0.0,25.0
Living_Things,../experiment_stimuli/bw_bc_bl/Living_Things/Animals/giraffe_13.jpg,Animals,0,giraffe,1.0,2.0,2,388.784912109,388.784912109375,0.0,387.542297363,387.54229736328125,0.0,6.5,6.5,1,387.547149658,387.5471496582031,0.0,0.0,0.0,0.0,'1',0.852082371712,0.852082371711731,0.0,'nV_V',0.0,0.0,0.0,'2',0.140582919121,0.14058291912078857,0.0,389.657531738,389.65753173828125,0.0,81.0
Living_Things,../experiment_stimuli/bw_bc_bl/Living_Things/Birds/goldfinch_7.jpg,Birds,0,goldfinch,1.0,1.0,1,33.9635505676,33.96355056762695,0.0,32.7310142517,32.731014251708984,0.0,6.5,6.5,1,32.736946106,32.73694610595703,0.0,1.0,1.0,0.0,'1',1.00240314007,1.0024031400680542,0.0,'V_nV',1.0,1.0,0.0,'1',0.240742221475,0.24074222147464752,0.0,34.9865341187,34.986534118652344,0.0,6.0
Living_Things,../experiment_stimuli/bw_bc_bl/Living_Things/Birds/goose_0.jpg,Birds,0,goose,1.0,1.0,1,350.872467041,350.8724670410156,0.0,349.639892578,349.639892578125,0.0,7.0,7.0,1,349.64465332,349.6446533203125,0.0,0.0,0.0,0.0,'2',0.9923864007,0.9923864006996155,0.0,'V_nV',0.0,0.0,0.0,'2',0.230573415756,0.23057341575622559,0.0,351.885406494,351.8854064941406,0.0,73.0
Nonliving_Things,../experiment_stimuli/bw_bc_bl/Nonliving_Things/Buildings/granary_12.jpg,Buildings,0,granary,1.0,2.0,2,137.418441772,137.41844177246094,0.0,136.165817261,136.1658172607422,0.0,6.5,6.5,3,136.170776367,136.1707763671875,0.0,1.0,1.0,0.0,'2',1.34298479557,1.3429847955703735,0.0,'V_nV',0.0,0.0,0.0,'3',0.160571143031,0.1605711430311203,0.0,138.782012939,138.78201293945312,0.0,28.0
Nonliving_Things,../experiment_stimuli/bw_bc_bl/Nonliving_Things/Musical_Inst/guitar_1.jpg,Musical_Inst,0,guitar,1.0,2.0,2,374.433685303,374.4336853027344,0.0,373.191101074,373.19110107421875,0.0,6.0,6.0,1,373.195953369,373.1959533691406,0.0,1.0,1.0,0.0,'2',1.05251657963,1.0525165796279907,0.0,'V_nV',1.0,1.0,0.0,'1',1.07255625725,1.0725562572479248,0.0,375.506774902,375.50677490234375,0.0,78.0
Nonliving_Things,../experiment_stimuli/bw_bc_bl/Nonliving_Things/Tools/hammer_23.jpg,Tools,0,hammer,1.0,2.0,2,171.863342285,171.86334228515625,0.0,170.610717773,170.6107177734375,0.0,6.0,6.0,3,170.615615845,170.61561584472656,0.0,0.0,0.0,0.0,'1',1.17277824879,1.1727782487869263,0.0,'V_nV',1.0,1.0,0.0,'1',0.230716571212,0.23071657121181488,0.0,173.056640625,173.056640625,0.0,35.0
Living_Things,../experiment_stimuli/bw_bc_bl/Living_Things/Birds/hen_8.jpg,Birds,0,hen,1.0,2.0,2,256.126525879,256.12652587890625,0.0,254.873886108,254.87388610839844,0.0,6.0,6.0,3,254.879943848,254.87994384765625,0.0,1.0,1.0,0.0,'2',2.03464126587,2.0346412658691406,0.0,'nV_V',0.0,0.0,0.0,'2',0.210674524307,0.21067452430725098,0.0,258.181732178,258.1817321777344,0.0,53.0
Living_Things,../experiment_stimuli/bw_bc_bl/Living_Things/Animals/hippopotamus_21.jpg,Animals,0,hippopotamus,1.0,1.0,1,235.020614624,235.02061462402344,0.0,233.757980347,233.7579803466797,0.0,6.0,6.0,4,233.762878418,233.76287841796875,0.0,1.0,1.0,0.0,'1',0.791954040527,0.7919540405273438,0.0,'V_nV',0.0,0.0,0.0,'3',0.140525847673,0.14052584767341614,0.0,235.833175659,235.8331756591797,0.0,49.0
Living_Things,../experiment_stimuli/bw_bc_bl/Living_Things/Animals/horse_26.jpg,Animals,0,horse,1.0,1.0,1,207.230209351,207.23020935058594,0.0,205.977584839,205.9775848388672,0.0,6.5,6.5,3,205.982513428,205.98251342773438,0.0,1.0,1.0,0.0,'1',3.05687069893,3.056870698928833,0.0,'V_nV',1.0,1.0,0.0,'1',0.200654506683,0.2006545066833496,0.0,210.307662964,210.3076629638672,0.0,43.0
Nonliving_Things,../experiment_stimuli/bw_bc_bl/Nonliving_Things/Buildings/house_24.jpg,Buildings,0,house,1.0,1.0,1,271.149169922,271.149169921875,0.0,269.89654541,269.89654541015625,0.0,6.0,6.0,2,269.901245117,269.9012451171875,0.0,1.0,1.0,0.0,'1',2.05469369888,2.0546936988830566,0.0,'nV_V',1.0,1.0,0.0,'1',0.200656458735,0.200656458735466,0.0,273.22442627,273.22442626953125,0.0,56.0
Living_Things,../experiment_stimuli/bw_bc_bl/Living_Things/Birds/hummingbird_13.jpg,Birds,0,hummingbird,1.0,1.0,1,44.3561401367,44.35614013671875,0.0,43.103515625,43.103515625,0.0,7.0,7.0,3,43.1084060669,43.10840606689453,0.0,0.0,0.0,0.0,'2',2.58585238457,2.5858523845672607,0.0,'V_nV',1.0,1.0,0.0,'1',0.160601004958,0.16060100495815277,0.0,46.9625549316,46.962554931640625,0.0,8.0
Living_Things,../experiment_stimuli/bw_bc_bl/Living_Things/Marine_creatures/killer-whale_13.jpg,Marine_creatures,0,killer-whale,1.0,2.0,2,58.1661605835,58.166160583496094,0.0,56.9335746765,56.93357467651367,0.0,6.5,6.5,1,56.9391441345,56.939144134521484,0.0,0.0,0.0,0.0,'1',1.25294983387,1.252949833869934,0.0,'nV_V',1.0,1.0,0.0,'1',0.21067532897,0.21067532896995544,0.0,59.4396629333,59.43966293334961,0.0,11.0
Living_Things,../experiment_stimuli/bw_bc_bl/Living_Things/Birds/kiwi_23.jpg,Birds,0,kiwi,1.0,1.0,1,294.048950195,294.0489501953125,0.0,292.796325684,292.79632568359375,0.0,6.0,6.0,3,292.801086426,292.80108642578125,0.0,1.0,1.0,0.0,'1',1.7238137722,1.723813772201538,0.0,'V_nV',0.0,0.0,0.0,'3',0.120502091944,0.12050209194421768,0.0,295.793334961,295.7933349609375,0.0,61.0
Living_Things,../experiment_stimuli/bw_bc_bl/Living_Things/Insects/ladybird_1.jpg,Insects,0,ladybird,1.0,2.0,2,306.546112061,306.5461120605469,0.0,305.313537598,305.31353759765625,0.0,6.0,6.0,1,305.320922852,305.3209228515625,0.0,1.0,1.0,0.0,'2',1.55358695984,1.5535869598388672,0.0,'nV_V',0.0,0.0,0.0,'2',6.02332162857,6.023321628570557,0.0,308.120269775,308.1202697753906,0.0,64.0
Nonliving_Things,../experiment_stimuli/bw_bc_bl/Nonliving_Things/Furniture/lamp_16.jpg,Furniture,0,lamp,1.0,1.0,1,379.584899902,379.58489990234375,0.0,378.312225342,378.3122253417969,0.0,6.0,6.0,4,378.317047119,378.3170471191406,0.0,1.0,1.0,0.0,'1',0.711771965027,0.7117719650268555,0.0,'nV_V',0.0,0.0,0.0,'3',0.130551144481,0.13055114448070526,0.0,380.317199707,380.31719970703125,0.0,79.0
Nonliving_Things,../experiment_stimuli/bw_bc_bl/Nonliving_Things/Furniture/lectern_26.jpg,Furniture,0,lectern,1.0,1.0,1,180.311691284,180.3116912841797,0.0,179.049041748,179.04904174804688,0.0,7.5,7.5,4,179.054092407,179.05409240722656,0.0,1.0,1.0,0.0,'1',0.751858234406,0.7518582344055176,0.0,'nV_V',0.0,0.0,0.0,'3',0.190678089857,0.19067808985710144,0.0,181.084091187,181.08409118652344,0.0,37.0
Living_Things,../experiment_stimuli/bw_bc_bl/Living_Things/Animals/lioness_6.jpg,Animals,0,lioness,1.0,2.0,2,261.367950439,261.3679504394531,0.0,260.125305176,260.12530517578125,0.0,6.0,6.0,2,260.130157471,260.1301574707031,0.0,1.0,1.0,0.0,'2',2.54576063156,2.5457606315612793,0.0,'nV_V',0.0,0.0,0.0,'2',0.230718284845,0.23071828484535217,0.0,263.934204102,263.9342041015625,0.0,54.0
Living_Things,../experiment_stimuli/bw_bc_bl/Living_Things/Marine_creatures/lobster_14.jpg,Marine_creatures,0,lobster,1.0,1.0,1,165.469436646,165.4694366455078,0.0,164.206771851,164.20677185058594,0.0,6.0,6.0,4,164.212646484,164.212646484375,0.0,1.0,1.0,0.0,'1',3.2372713089,3.237271308898926,0.0,'V_nV',0.0,0.0,0.0,'2',0.150553107262,0.15055310726165771,0.0,168.727249146,168.7272491455078,0.0,34.0
Living_Things,../experiment_stimuli/bw_bc_bl/Living_Things/Animals/lynx_9.jpg,Animals,0,lynx,1.0,1.0,1,226.271591187,226.27159118652344,0.0,225.039016724,225.0390167236328,0.0,6.0,6.0,1,225.043960571,225.04396057128906,0.0,1.0,1.0,0.0,'1',1.14270925522,1.1427092552185059,0.0,'V_nV',0.0,0.0,0.0,'2',0.15061429143,0.15061429142951965,0.0,227.434860229,227.4348602294922,0.0,47.0
Living_Things,../experiment_stimuli/bw_bc_bl/Living_Things/Birds/magpie_23.jpg,Birds,0,magpie,1.0,2.0,2,147.680740356,147.6807403564453,0.0,146.418106079,146.41810607910156,0.0,6.5,6.5,4,146.42300415,146.42300415039062,0.0,1.0,1.0,0.0,'2',1.31308078766,1.3130807876586914,0.0,'nV_V',1.0,1.0,0.0,'1',0.0904125720263,0.09041257202625275,0.0,149.014389038,149.01438903808594,0.0,30.0
Living_Things,../experiment_stimuli/bw_bc_bl/Living_Things/Marine_creatures/manatee_25.jpg,Marine_creatures,0,manatee,1.0,1.0,1,333.795379639,333.7953796386719,0.0,332.562774658,332.5627746582031,0.0,7.0,7.0,1,332.567504883,332.5675048828125,0.0,1.0,1.0,0.0,'1',0.751873970032,0.7518739700317383,0.0,'V_nV',1.0,1.0,0.0,'1',0.26078492403,0.26078492403030396,0.0,334.567779541,334.5677795410156,0.0,69.0
Nonliving_Things,../experiment_stimuli/bw_bc_bl/Nonliving_Things/Buildings/mill_11.jpg,Buildings,0,mill,1.0,2.0,2,420.81451416,420.81451416015625,0.0,419.561889648,419.5618896484375,0.0,6.0,6.0,3,419.566802979,419.5668029785156,0.0,0.0,0.0,0.0,'1',1.20283865929,1.202838659286499,0.0,'V_nV',0.0,0.0,0.0,'2',0.130504637957,0.13050463795661926,0.0,422.03793335,422.0379333496094,0.0,88.0
Nonliving_Things,../experiment_stimuli/bw_bc_bl/Nonliving_Things/Vehicles/motorbike_12.jpg,Vehicles,0,motorbike,1.0,1.0,1,188.19883728,188.19883728027344,0.0,186.946212769,186.9462127685547,0.0,6.0,6.0,3,186.953048706,186.9530487060547,0.0,1.0,1.0,0.0,'1',1.07255756855,1.0725575685501099,0.0,'nV_V',0.0,0.0,0.0,'2',0.100448518991,0.10044851899147034,0.0,189.291976929,189.29197692871094,0.0,39.0
Living_Things,../experiment_stimuli/bw_bc_bl/Living_Things/Marine_creatures/narwhal_5.jpg,Marine_creatures,0,narwhal,1.0,1.0,1,398.135223389,398.1352233886719,0.0,396.902679443,396.9026794433594,0.0,6.0,6.0,1,396.907653809,396.90765380859375,0.0,0.0,0.0,0.0,'2',2.28519535065,2.2851953506469727,0.0,'V_nV',0.0,0.0,0.0,'2',0.240740478039,0.24074047803878784,0.0,400.440948486,400.4409484863281,0.0,83.0
Living_Things,../experiment_stimuli/bw_bc_bl/Living_Things/Birds/ostrich_3.jpg,Birds,0,ostrich,1.0,1.0,1,141.908203125,141.908203125,0.0,140.675628662,140.67562866210938,0.0,6.0,6.0,1,140.680541992,140.6805419921875,0.0,0.0,0.0,0.0,'2',2.66586685181,2.6658668518066406,0.0,'V_nV',1.0,1.0,0.0,'1',0.0904202386737,0.09042023867368698,0.0,144.594619751,144.59461975097656,0.0,29.0
Living_Things,../experiment_stimuli/bw_bc_bl/Living_Things/Birds/owl_17.jpg,Birds,0,owl,1.0,2.0,2,221.821929932,221.82192993164062,0.0,220.579315186,220.57931518554688,0.0,6.0,6.0,2,220.585357666,220.58535766601562,0.0,0.0,0.0,0.0,'1',1.27300870419,1.2730087041854858,0.0,'nV_V',0.0,0.0,0.0,'3',0.19067274034,0.19067274034023285,0.0,223.115493774,223.11549377441406,0.0,46.0
Nonliving_Things,../experiment_stimuli/bw_bc_bl/Nonliving_Things/Buildings/palace_5.jpg,Buildings,0,palace,1.0,2.0,2,218.033691406,218.03369140625,0.0,216.77104187,216.7710418701172,0.0,6.0,6.0,4,216.777008057,216.77700805664062,0.0,1.0,1.0,0.0,'2',0.631600081921,0.6316000819206238,0.0,'V_nV',0.0,0.0,0.0,'3',0.160607501864,0.1606075018644333,0.0,218.685852051,218.68585205078125,0.0,45.0
Living_Things,../experiment_stimuli/bw_bc_bl/Living_Things/Birds/partridge_8.jpg,Birds,0,partridge,1.0,1.0,1,302.667694092,302.6676940917969,0.0,301.405029297,301.405029296875,0.0,6.0,6.0,3,301.409912109,301.409912109375,0.0,1.0,1.0,0.0,'1',0.771899104118,0.7718991041183472,0.0,'V_nV',0.0,0.0,0.0,'3',0.120533794165,0.12053379416465759,0.0,303.460144043,303.46014404296875,0.0,63.0
Living_Things,../experiment_stimuli/bw_bc_bl/Living_Things/Birds/pelican_25.jpg,Birds,0,pelican,1.0,1.0,1,325.587524414,325.5875244140625,0.0,324.344909668,324.34490966796875,0.0,6.0,6.0,1,324.351165771,324.3511657714844,0.0,1.0,1.0,0.0,'1',1.01242566109,1.0124256610870361,0.0,'V_nV',1.0,1.0,0.0,'1',0.210682868958,0.21068286895751953,0.0,326.620513916,326.6205139160156,0.0,67.0
Living_Things,../experiment_stimuli/bw_bc_bl/Living_Things/Birds/penguin_25.jpg,Birds,0,penguin,1.0,2.0,2,5.00059700012,5.00059700012207,0.0,3.71790766716,3.717907667160034,0.0,7.0,7.0,'5.0',3.74048352242,3.740483522415161,0.0,1.0,1.0,0.0,'2',2.09477829933,2.094778299331665,0.0,'nV_V',0.0,0.0,0.0,'2',0.210675761104,0.21067576110363007,0.0,7.12623405457,7.12623405456543,0.0,0.0
Nonliving_Things,../experiment_stimuli/bw_bc_bl/Nonliving_Things/Musical_Inst/piano__18.jpg,Musical_Inst,0,piano,1.0,1.0,1,317.109069824,317.10906982421875,0.0,315.876495361,315.8764953613281,0.0,6.0,6.0,1,315.881256104,315.8812561035156,0.0,1.0,1.0,0.0,'1',0.992391586304,0.9923915863037109,0.0,'nV_V',1.0,1.0,0.0,'1',0.210701093078,0.2107010930776596,0.0,318.132080078,318.132080078125,0.0,65.0
Living_Things,../experiment_stimuli/bw_bc_bl/Living_Things/Birds/pigeon_24.jpg,Birds,0,pigeon,1.0,1.0,1,442.722137451,442.7221374511719,0.0,441.469512939,441.4695129394531,0.0,6.0,6.0,3,441.474273682,441.4742736816406,0.0,1.0,1.0,0.0,'1',1.39326334,1.393263339996338,0.0,'V_nV',0.0,0.0,0.0,'2',0.130551919341,0.13055191934108734,0.0,444.146026611,444.1460266113281,0.0,93.0
Nonliving_Things,../experiment_stimuli/bw_bc_bl/Nonliving_Things/Vehicles/plane_10.jpg,Vehicles,0,plane,1.0,2.0,2,276.430633545,276.4306335449219,0.0,275.157989502,275.1579895019531,0.0,6.0,6.0,5,275.162811279,275.1628112792969,0.0,0.0,0.0,0.0,'1',2.63596725464,2.635967254638672,0.0,'V_nV',0.0,0.0,0.0,'2',0.150598436594,0.1505984365940094,0.0,279.087188721,279.0871887207031,0.0,57.0
Living_Things,../experiment_stimuli/bw_bc_bl/Living_Things/Marine_creatures/pomfret_14.jpg,Marine_creatures,0,pomfret,1.0,1.0,1,152.120407104,152.1204071044922,0.0,150.837722778,150.8377227783203,0.0,7.5,7.5,6,150.843490601,150.84349060058594,0.0,1.0,1.0,0.0,'1',0.81199491024,0.8119949102401733,0.0,'V_nV',0.0,0.0,0.0,'3',0.160630628467,0.16063062846660614,0.0,152.952941895,152.95294189453125,0.0,31.0
Nonliving_Things,../experiment_stimuli/bw_bc_bl/Nonliving_Things/Kitchen_Uten/pot_12.jpg,Kitchen_Uten,0,pot,1.0,2.0,2,416.835876465,416.83587646484375,0.0,415.603302002,415.6033020019531,0.0,6.0,6.0,1,415.609741211,415.6097412109375,0.0,1.0,1.0,0.0,'2',0.852082431316,0.8520824313163757,0.0,'V_nV',1.0,1.0,0.0,'1',0.120483912528,0.12048391252756119,0.0,417.708526611,417.7085266113281,0.0,87.0
Living_Things,../experiment_stimuli/bw_bc_bl/Living_Things/Birds/raven_26.jpg,Birds,0,raven,1.0,2.0,2,107.533485413,107.53348541259766,0.0,106.300918579,106.30091857910156,0.0,6.0,6.0,1,106.305885315,106.3058853149414,0.0,1.0,1.0,0.0,'2',1.33312594891,1.3331259489059448,0.0,'nV_V',1.0,1.0,0.0,'1',0.120483852923,0.12048385292291641,0.0,108.887138367,108.88713836669922,0.0,22.0
Living_Things,../experiment_stimuli/bw_bc_bl/Living_Things/Animals/rhino_3.jpg,Animals,0,rhino,1.0,2.0,2,124.650688171,124.65068817138672,0.0,123.408088684,123.40808868408203,0.0,6.5,6.5,2,123.412918091,123.41291809082031,0.0,1.0,1.0,0.0,'2',1.02244853973,1.0224485397338867,0.0,'nV_V',1.0,1.0,0.0,'1',0.13050109148,0.13050109148025513,0.0,125.70375824,125.7037582397461,0.0,26.0
Nonliving_Things,../experiment_stimuli/bw_bc_bl/Nonliving_Things/Furniture/rocking-chair_2.jpg,Furniture,0,rocking-chair,1.0,1.0,1,369.953948975,369.9539489746094,0.0,368.701324463,368.7013244628906,0.0,6.0,6.0,3,368.706176758,368.7061767578125,0.0,1.0,1.0,0.0,'1',1.09260964394,1.0926096439361572,0.0,'nV_V',0.0,0.0,0.0,'3',0.391072154045,0.391072154045105,0.0,371.067108154,371.0671081542969,0.0,77.0
Living_Things,../experiment_stimuli/bw_bc_bl/Living_Things/Birds/rooster_0.jpg,Birds,0,rooster,1.0,2.0,2,289.719543457,289.71954345703125,0.0,288.486938477,288.4869384765625,0.0,6.0,6.0,1,288.491851807,288.4918518066406,0.0,1.0,1.0,0.0,'2',1.19284570217,1.1928457021713257,0.0,'nV_V',1.0,1.0,0.0,'1',0.130551740527,0.13055174052715302,0.0,290.932952881,290.9329528808594,0.0,60.0
Nonliving_Things,../experiment_stimuli/bw_bc_bl/Nonliving_Things/Kitchen_Uten/saucepan_17.jpg,Kitchen_Uten,0,saucepan,1.0,1.0,1,19.4119205475,19.41192054748535,0.0,18.1492824554,18.149282455444336,0.0,6.0,6.0,4,18.1541213989,18.15412139892578,0.0,1.0,1.0,0.0,'1',1.84423971176,1.8442397117614746,0.0,'nV_V',0.0,0.0,0.0,'3',0.230716243386,0.23071624338626862,0.0,21.2766990662,21.27669906616211,0.0,3.0
Nonliving_Things,../experiment_stimuli/bw_bc_bl/Nonliving_Things/Musical_Inst/saxophone_15.jpg,Musical_Inst,0,saxophone,1.0,1.0,1,81.6071166992,81.60711669921875,0.0,80.3544921875,80.3544921875,0.0,6.5,6.5,3,80.3594970703,80.3594970703125,0.0,1.0,1.0,0.0,'1',0.761882841587,0.7618828415870667,0.0,'nV_V',0.0,0.0,0.0,'2',0.150554180145,0.15055418014526367,0.0,82.3895492554,82.3895492553711,0.0,16.0
Living_Things,../experiment_stimuli/bw_bc_bl/Living_Things/Insects/scorpion_1.jpg,Insects,0,scorpion,1.0,1.0,1,342.203613281,342.20361328125,0.0,340.951019287,340.9510192871094,0.0,6.0,6.0,3,340.957275391,340.957275390625,0.0,1.0,1.0,0.0,'1',0.731806755066,0.731806755065918,0.0,'V_nV',0.0,0.0,0.0,'2',0.120547674596,0.12054767459630966,0.0,342.955993652,342.95599365234375,0.0,71.0
Living_Things,../experiment_stimuli/bw_bc_bl/Living_Things/Birds/seagull_3.jpg,Birds,0,seagull,1.0,1.0,1,346.052001953,346.052001953125,0.0,344.809387207,344.80938720703125,0.0,6.0,6.0,2,344.814239502,344.8142395019531,0.0,1.0,1.0,0.0,'1',1.71395266056,1.713952660560608,0.0,'V_nV',0.0,0.0,0.0,'2',0.120535552502,0.12053555250167847,0.0,347.786499023,347.7864990234375,0.0,72.0
Living_Things,../experiment_stimuli/bw_bc_bl/Living_Things/Marine_creatures/shark_21.jpg,Marine_creatures,0,shark,1.0,2.0,2,251.526504517,251.52650451660156,0.0,250.253829956,250.2538299560547,0.0,7.5,7.5,4,250.259765625,250.259765625,0.0,1.0,1.0,0.0,'2',1.38323616982,1.3832361698150635,0.0,'nV_V',0.0,0.0,0.0,'2',0.210681140423,0.21068114042282104,0.0,252.930297852,252.9302978515625,0.0,52.0
Nonliving_Things,../experiment_stimuli/bw_bc_bl/Nonliving_Things/Vehicles/ship_20.jpg,Vehicles,0,ship,1.0,2.0,2,409.149169922,409.149169921875,0.0,407.89654541,407.89654541015625,0.0,7.0,7.0,3,407.901275635,407.9012756347656,0.0,1.0,1.0,0.0,'2',0.541418015957,0.5414180159568787,0.0,'V_nV',0.0,0.0,0.0,'2',0.230722025037,0.23072202503681183,0.0,409.711120605,409.71112060546875,0.0,85.0
Nonliving_Things,../experiment_stimuli/bw_bc_bl/Nonliving_Things/Kitchen_Uten/small-saucepan_6.jpg,Kitchen_Uten,0,small-saucepan,1.0,2.0,2,286.131744385,286.1317443847656,0.0,284.889129639,284.8891296386719,0.0,7.5,7.5,2,284.893920898,284.8939208984375,0.0,0.0,0.0,0.0,'1',0.501156687737,0.5011566877365112,0.0,'V_nV',0.0,0.0,0.0,'2',0.100460477173,0.1004604771733284,0.0,286.6534729,286.6534729003906,0.0,59.0
Nonliving_Things,../experiment_stimuli/bw_bc_bl/Nonliving_Things/Furniture/sofa_20.jpg,Furniture,0,sofa,1.0,2.0,2,403.647216797,403.647216796875,0.0,402.414611816,402.41461181640625,0.0,6.0,6.0,1,402.419433594,402.41943359375,0.0,1.0,1.0,0.0,'2',1.55362534523,1.5536253452301025,0.0,'V_nV',1.0,1.0,0.0,'1',0.932247340679,0.9322473406791687,0.0,405.221405029,405.2214050292969,0.0,84.0
Living_Things,../experiment_stimuli/bw_bc_bl/Living_Things/Birds/sparrow_23.jpg,Birds,0,sparrow,1.0,2.0,2,383.433258057,383.4332580566406,0.0,382.190643311,382.1906433105469,0.0,6.0,6.0,1,382.195526123,382.1955261230469,0.0,0.0,0.0,0.0,'1',2.22505760193,2.225057601928711,0.0,'nV_V',0.0,0.0,0.0,'2',0.130558416247,0.13055841624736786,0.0,385.678894043,385.67889404296875,0.0,80.0
Living_Things,../experiment_stimuli/bw_bc_bl/Living_Things/Marine_creatures/sperm-whale_3.jpg,Marine_creatures,0,sperm-whale,1.0,1.0,1,213.513870239,213.5138702392578,0.0,212.241195679,212.24119567871094,0.0,6.0,6.0,5,212.245956421,212.24595642089844,0.0,0.0,0.0,0.0,'2',1.25295519829,1.2529551982879639,0.0,'V_nV',0.0,0.0,0.0,'2',0.250762075186,0.25076207518577576,0.0,214.787384033,214.78738403320312,0.0,44.0
Nonliving_Things,../experiment_stimuli/bw_bc_bl/Nonliving_Things/Furniture/table_15.jpg,Furniture,0,table,1.0,2.0,2,38.2228126526,38.22281265258789,0.0,36.9601821899,36.960182189941406,0.0,6.0,6.0,4,36.9661941528,36.96619415283203,0.0,1.0,1.0,0.0,'2',2.89653539658,2.8965353965759277,0.0,'V_nV',0.0,0.0,0.0,'2',0.23072847724,0.23072847723960876,0.0,41.1399078369,41.13990783691406,0.0,7.0
Living_Things,../experiment_stimuli/bw_bc_bl/Living_Things/Animals/tapir_22.jpg,Animals,0,tapir,1.0,1.0,1,392.77355957,392.7735595703125,0.0,391.530975342,391.5309753417969,0.0,6.0,6.0,1,391.535766602,391.5357666015625,0.0,0.0,0.0,0.0,'2',2.05469250679,2.054692506790161,0.0,'V_nV',0.0,0.0,0.0,'2',0.320915877819,0.3209158778190613,0.0,394.848846436,394.8488464355469,0.0,82.0
Nonliving_Things,../experiment_stimuli/bw_bc_bl/Nonliving_Things/Kitchen_Uten/teapot_14.jpg,Kitchen_Uten,0,teapot,1.0,2.0,2,54.0271644592,54.027164459228516,0.0,52.7745399475,52.774539947509766,0.0,6.0,6.0,3,52.7794570923,52.779457092285156,0.0,1.0,1.0,0.0,'2',1.03247594833,1.0324759483337402,0.0,'V_nV',0.0,0.0,0.0,'3',0.120489865541,0.12048986554145813,0.0,55.08020401,55.080204010009766,0.0,10.0
Living_Things,../experiment_stimuli/bw_bc_bl/Living_Things/Animals/tiger_13.jpg,Animals,0,tiger,1.0,1.0,1,111.983154297,111.983154296875,0.0,110.74054718,110.74054718017578,0.0,7.0,7.0,2,110.745475769,110.74547576904297,0.0,1.0,1.0,0.0,'1',0.882145822048,0.8821458220481873,0.0,'V_nV',1.0,1.0,0.0,'1',0.200654447079,0.20065444707870483,0.0,112.885848999,112.88584899902344,0.0,23.0
Living_Things,../experiment_stimuli/bw_bc_bl/Living_Things/Birds/toucan_3.jpg,Birds,0,toucan,1.0,1.0,1,267.130432129,267.13043212890625,0.0,265.897827148,265.8978271484375,0.0,6.0,6.0,1,265.902648926,265.90264892578125,0.0,0.0,0.0,0.0,'2',0.922254741192,0.922254741191864,0.0,'V_nV',1.0,1.0,0.0,'1',0.0904341563582,0.09043415635824203,0.0,268.073242188,268.0732421875,0.0,55.0
Nonliving_Things,../experiment_stimuli/bw_bc_bl/Nonliving_Things/Vehicles/tractor_15.jpg,Vehicles,0,tractor,1.0,1.0,1,24.4729251862,24.472925186157227,0.0,23.2403392792,23.240339279174805,0.0,7.0,7.0,1,23.2452430725,23.245243072509766,0.0,1.0,1.0,0.0,'1',1.94445002079,1.9444500207901,0.0,'nV_V',0.0,0.0,0.0,'2',0.130555063486,0.13055506348609924,0.0,26.437921524,26.43792152404785,0.0,4.0
Nonliving_Things,../experiment_stimuli/bw_bc_bl/Nonliving_Things/Vehicles/train_6.jpg,Vehicles,0,train,1.0,2.0,2,433.071166992,433.0711669921875,0.0,431.838592529,431.8385925292969,0.0,7.0,7.0,1,431.843414307,431.8434143066406,0.0,0.0,0.0,0.0,'1',1.81417500973,1.814175009727478,0.0,'V_nV',1.0,1.0,0.0,'1',0.340957164764,0.3409571647644043,0.0,434.905914307,434.9059143066406,0.0,91.0
Nonliving_Things,../experiment_stimuli/bw_bc_bl/Nonliving_Things/Musical_Inst/trumpet_18.jpg,Musical_Inst,0,trumpet,1.0,2.0,2,184.240219116,184.24021911621094,0.0,183.007644653,183.0076446533203,0.0,6.5,6.5,1,183.012817383,183.0128173828125,0.0,0.0,0.0,0.0,'1',0.751858055592,0.7518580555915833,0.0,'V_nV',1.0,1.0,0.0,'1',0.200652554631,0.20065255463123322,0.0,185.012649536,185.0126495361328,0.0,38.0
Nonliving_Things,../experiment_stimuli/bw_bc_bl/Nonliving_Things/Musical_Inst/tuba_8.jpg,Musical_Inst,0,tuba,1.0,2.0,2,156.109069824,156.10906982421875,0.0,154.846466064,154.84646606445312,0.0,6.0,6.0,4,154.851455688,154.85145568847656,0.0,1.0,1.0,0.0,'2',2.17495560646,2.1749556064605713,0.0,'V_nV',0.0,0.0,0.0,'3',0.12048291415,0.1204829141497612,0.0,158.304580688,158.30458068847656,0.0,32.0
Living_Things,../experiment_stimuli/bw_bc_bl/Living_Things/Animals/turtle_9.jpg,Animals,0,turtle,1.0,2.0,2,359.691650391,359.691650390625,0.0,358.429016113,358.42901611328125,0.0,6.0,6.0,3,358.433807373,358.4338073730469,0.0,1.0,1.0,0.0,'2',2.15493369102,2.1549336910247803,0.0,'nV_V',0.0,0.0,0.0,'2',0.511333346367,0.5113333463668823,0.0,361.867156982,361.8671569824219,0.0,75.0
Nonliving_Things,../experiment_stimuli/bw_bc_bl/Nonliving_Things/Vehicles/van_0.jpg,Vehicles,0,van,1.0,2.0,2,29.5339279175,29.53392791748047,0.0,28.3013496399,28.301349639892578,0.0,6.5,6.5,1,28.3061256409,28.30612564086914,0.0,1.0,1.0,0.0,'2',1.08258116245,1.0825811624526978,0.0,'V_nV',0.0,0.0,0.0,'2',0.361005246639,0.3610052466392517,0.0,30.6370658875,30.637065887451172,0.0,5.0
Nonliving_Things,../experiment_stimuli/bw_bc_bl/Nonliving_Things/Musical_Inst/violin_7.jpg,Musical_Inst,0,violin,1.0,1.0,1,447.25201416,447.25201416015625,0.0,446.009429932,446.0094299316406,0.0,6.0,6.0,2,446.014434814,446.0144348144531,0.0,1.0,1.0,0.0,'1',0.962320387363,0.9623203873634338,0.0,'nV_V',0.0,0.0,0.0,'3',0.130554109812,0.13055410981178284,0.0,448.234863281,448.23486328125,0.0,94.0
Nonliving_Things,../experiment_stimuli/bw_bc_bl/Nonliving_Things/Furniture/wardrobe_17.jpg,Furniture,0,wardrobe,1.0,2.0,2,298.879455566,298.87945556640625,0.0,297.646850586,297.6468505859375,0.0,7.0,7.0,1,297.651550293,297.65155029296875,0.0,0.0,0.0,0.0,'1',0.571573257446,0.5715732574462891,0.0,'V_nV',1.0,1.0,0.0,'1',0.200658455491,0.20065845549106598,0.0,299.471588135,299.4715881347656,0.0,62.0
Living_Things,../experiment_stimuli/bw_bc_bl/Living_Things/Marine_creatures/whale_16.jpg,Marine_creatures,0,whale,1.0,1.0,1,321.338287354,321.3382873535156,0.0,320.075622559,320.07562255859375,0.0,8.0,8.0,4,320.081726074,320.08172607421875,0.0,1.0,1.0,0.0,'1',1.13268840313,1.1326884031295776,0.0,'V_nV',0.0,0.0,0.0,'3',0.120481356978,0.12048135697841644,0.0,322.491516113,322.49151611328125,0.0,66.0
Living_Things,../experiment_stimuli/bw_bc_bl/Living_Things/Animals/zebra_2.jpg,Animals,0,zebra,1.0,1.0,1,192.367904663,192.36790466308594,0.0,191.125305176,191.12530517578125,0.0,7.0,7.0,2,191.130249023,191.1302490234375,0.0,1.0,1.0,0.0,'1',0.892007648945,0.8920076489448547,0.0,'V_nV',0.0,0.0,0.0,'2',0.130506515503,0.1305065155029297,0.0,193.280456543,193.28045654296875,0.0,40.0

extraInfo
n_square,32
experiment_color,bw
frameRate,99.5674676524
date,2019_jun_05_1605
session,002
image_size,256
premask_dur,20
probeFrames,5
participant,maria
expName,Experiment_EEG_version
postmask_dur,20
